id	status	gender	major	dorm	year
1	1	2	111	0	2005
2	1	1	111	340	2009
3	1	0	0	0	0
4	1	2	121	351	2008
5	1	1	0	352	2009
6	1	1	131	347	2007
7	1	2	95	333	2007
8	2	2	116	347	2005
9	1	1	0	331	2006
10	1	1	124	347	2007
11	1	1	117	342	2007
12	1	2	124	353	2006
13	1	0	0	352	2009
14	1	1	102	359	2006
15	1	2	102	0	2007
16	1	2	95	340	2008
17	1	1	111	340	2009
18	1	1	103	0	2006
19	1	1	121	331	2006
20	1	1	93	340	2009
21	1	1	92	340	2009
22	2	1	93	0	2005
23	1	2	122	333	2007
24	1	2	94	334	2005
25	1	2	115	351	2008
26	1	2	100	338	2007
27	2	1	112	0	2005
28	4	0	0	0	0
29	1	0	0	0	0
30	1	1	117	333	2004
31	1	1	0	336	2008
32	1	1	0	349	2009
33	2	1	121	335	2004
34	1	1	102	0	2007
35	2	1	100	333	2005
36	1	2	0	336	2008
37	1	0	0	0	0
38	1	2	95	333	2007
39	1	2	111	0	0
40	5	0	0	0	0
41	1	2	0	336	2008
42	1	1	95	345	2009
43	1	1	130	339	2006
44	1	2	111	335	2006
45	1	2	111	328	2008
46	1	2	111	334	2005
47	1	1	0	349	2009
48	1	1	131	339	2007
49	1	2	120	331	0
50	2	2	111	0	2005
51	1	2	104	352	2009
52	2	2	94	0	2002
53	2	1	102	0	2003
54	1	2	95	333	2008
55	1	1	112	327	2008
56	1	1	112	0	2007
57	2	1	111	359	2004
58	1	1	112	339	2006
59	1	1	0	333	2008
60	2	0	0	0	0
61	1	1	120	333	2007
62	1	2	111	333	2007
63	1	1	120	352	2007
64	2	0	0	0	0
65	1	1	102	327	2008
66	1	0	0	0	2009
67	3	2	98	0	0
68	1	1	130	333	2007
69	1	1	0	351	2009
70	1	1	93	0	2007
71	1	2	102	347	2006
72	2	2	96	334	2005
73	2	2	99	331	2002
74	1	1	104	0	2007
75	1	2	120	339	2008
76	2	2	102	0	2005
77	1	1	92	331	2006
78	1	2	112	341	2006
79	2	1	131	361	2005
80	2	1	120	0	1999
81	1	2	95	331	2006
82	1	1	95	339	2007
83	1	1	95	341	2008
84	1	1	128	331	2008
85	1	1	95	345	2009
86	1	0	0	0	0
87	1	1	111	341	2008
88	1	2	100	0	2009
89	2	0	0	0	2004
90	2	2	112	0	2005
91	2	0	0	0	0
92	1	1	0	352	2009
93	1	2	100	0	2007
94	1	1	121	0	0
95	1	1	0	352	2009
96	2	2	112	352	2004
97	2	1	112	347	2005
98	1	2	100	333	2007
99	1	2	95	350	2008
100	2	0	100	0	2004
101	1	1	0	0	2009
102	1	1	112	333	2007
103	1	1	0	339	2008
104	1	1	100	345	2009
105	2	1	115	0	2004
106	1	1	0	348	2009
107	1	1	0	331	2006
108	1	1	0	352	2009
109	2	1	102	334	2004
110	1	0	119	333	2006
111	2	1	104	0	2005
112	1	1	0	351	2009
113	1	2	0	350	2007
114	1	1	104	333	2008
115	1	2	111	348	2007
116	5	1	111	0	2005
117	1	2	100	339	2006
118	1	1	0	0	2009
119	1	1	91	333	2006
120	1	1	120	348	2006
121	2	1	120	342	0
122	1	1	102	345	2009
123	1	1	0	339	2008
124	1	1	98	0	2007
125	1	2	0	340	2009
126	1	0	0	344	0
127	1	2	107	0	0
128	1	2	0	0	2007
129	1	2	103	327	2008
130	2	2	118	0	2005
131	1	2	102	0	2007
132	2	1	120	0	2004
133	1	2	100	331	2006
134	1	0	0	336	0
135	1	2	0	0	0
136	1	1	0	351	2008
137	1	2	104	0	2009
138	1	1	0	0	2009
139	2	2	100	0	2005
140	2	1	124	0	2003
141	1	2	93	0	2006
142	1	1	0	361	2008
143	2	1	93	354	2005
144	1	1	95	339	2007
145	2	2	111	0	0
146	1	1	120	352	2009
147	1	1	100	339	2006
148	2	2	111	0	0
149	1	1	100	331	2008
150	1	2	0	344	2009
151	1	2	95	333	2007
152	1	2	115	340	2009
153	2	1	125	333	2005
154	1	1	0	0	2009
155	2	2	100	0	2005
156	1	2	0	0	2008
157	1	1	100	336	2006
158	2	0	0	0	0
159	1	1	0	340	2009
160	1	1	124	0	2006
161	1	2	0	0	2009
162	1	2	111	0	2006
163	1	1	95	354	2006
164	1	2	95	336	2006
165	1	1	104	331	2007
166	1	1	91	0	2006
167	1	2	0	344	2008
168	2	1	117	335	2005
169	4	0	0	0	0
170	1	1	104	348	2009
171	2	1	92	337	2005
172	1	2	115	0	2006
173	1	1	0	327	2008
174	1	0	0	331	0
175	2	2	112	0	2004
176	1	2	0	351	2008
177	1	1	120	340	2009
178	1	1	0	339	2007
179	1	1	117	333	2006
180	2	0	121	0	2005
181	1	1	115	0	2009
182	1	2	100	0	2009
183	1	2	0	346	2008
184	1	2	116	327	2007
185	2	1	112	0	2004
186	1	2	107	0	2006
187	2	1	100	331	0
188	1	2	116	328	2008
189	1	1	91	333	2005
190	1	1	0	0	2008
191	2	2	124	0	2001
192	1	2	0	345	2009
193	1	1	91	336	2007
194	2	1	110	333	2005
195	1	1	120	344	2008
196	1	2	102	340	2009
197	1	1	102	359	2006
198	1	1	0	338	2008
199	3	2	116	360	1900
200	1	1	0	351	2009
201	2	2	100	0	2004
202	1	2	117	340	2008
203	1	1	0	339	2008
204	2	2	111	339	2005
205	1	1	93	348	2009
206	1	1	91	335	2006
207	2	0	100	0	2005
208	1	1	104	339	2007
209	1	1	91	355	2004
210	1	0	0	339	0
211	2	2	103	0	2004
212	1	0	120	342	2008
213	1	1	110	344	2008
214	2	1	104	337	2004
215	1	0	0	351	2008
216	2	1	102	0	2005
217	1	2	111	333	2006
218	1	2	0	345	2009
219	1	2	100	334	2006
220	1	1	0	341	2008
221	2	2	112	334	2005
222	2	0	0	0	2004
223	1	1	111	333	2008
224	1	1	91	340	2009
225	1	1	91	333	2006
226	2	1	96	0	2004
227	1	0	0	0	0
228	1	1	111	348	2009
229	1	2	103	0	2007
230	1	2	0	327	2008
231	1	2	0	331	2008
232	1	1	114	0	2006
233	1	2	0	345	2009
234	2	1	131	0	2005
235	1	0	0	0	0
236	1	2	108	334	2005
237	1	2	118	333	2006
238	1	1	119	339	2007
239	1	1	114	345	2009
240	2	1	111	0	2004
241	1	2	111	350	2008
242	1	1	0	340	2009
243	2	2	100	0	2004
244	1	2	0	349	2008
245	2	1	102	354	2004
246	1	2	0	331	2008
247	1	2	0	348	2009
248	2	2	100	339	2005
249	1	1	125	343	2008
250	1	1	102	0	2007
251	1	1	100	340	2008
252	1	1	128	333	2007
253	1	1	117	331	2006
254	1	1	112	347	2008
255	2	2	112	334	2004
256	1	1	0	351	2009
257	1	1	102	346	2008
258	2	1	111	333	2005
259	1	2	111	337	2005
260	1	2	0	344	2009
261	1	1	107	331	2008
262	1	2	98	336	2007
263	1	0	0	0	0
264	1	2	0	352	2009
265	1	2	0	339	2008
266	1	1	115	339	2006
267	1	2	0	341	2008
268	1	2	0	352	2009
269	2	2	0	0	2005
270	2	2	96	0	2004
271	1	2	0	349	2009
272	1	1	111	345	2009
273	1	1	120	333	2006
274	1	2	94	340	2009
275	1	1	0	336	2008
276	1	2	100	340	2008
277	1	2	99	0	2004
278	1	2	124	347	2007
279	1	2	116	347	2006
280	1	0	0	0	2007
281	1	1	111	0	2007
282	1	0	111	365	2006
283	1	1	120	340	2009
284	1	2	111	333	2006
285	1	1	93	351	2008
286	1	1	130	333	2007
287	1	1	111	339	2007
288	1	1	111	337	2008
289	1	1	98	336	2007
290	2	2	100	0	2000
291	1	1	120	335	2005
292	1	1	0	345	2009
293	2	0	102	0	2004
294	1	1	131	335	2006
295	1	2	117	333	2007
296	1	2	121	339	2006
297	1	2	100	351	2008
298	2	1	117	333	2005
299	1	2	95	333	2007
300	1	2	100	366	2005
301	1	1	0	346	2008
302	1	2	95	333	2006
303	1	2	0	338	2009
304	1	2	111	340	2009
305	1	2	100	0	2006
306	2	1	95	0	2004
307	1	1	112	331	2008
308	1	2	115	337	2008
309	2	1	95	332	2005
310	1	2	102	341	2008
311	1	1	100	345	2009
312	1	2	0	336	2008
313	1	2	111	336	2007
314	1	2	0	345	2008
315	1	0	0	0	0
316	2	0	104	0	2005
317	1	0	0	339	0
318	1	2	91	327	2007
319	1	1	123	0	2007
320	2	2	117	0	2005
321	2	1	102	340	1988
322	1	0	0	0	0
323	2	1	123	0	2005
324	2	2	112	0	2005
325	1	1	95	331	2007
326	1	1	102	349	2008
327	1	1	104	331	2006
328	1	2	100	337	2007
329	2	1	107	344	2004
330	1	1	0	348	2009
331	1	1	0	0	2008
332	1	2	95	331	2006
333	1	1	103	351	2008
334	1	2	114	337	2006
335	1	1	0	349	2009
336	1	1	0	328	2008
337	1	1	102	331	2007
338	2	0	0	0	0
339	2	1	130	0	2005
340	1	2	111	339	0
341	4	2	0	0	0
342	1	2	0	338	2007
343	1	0	0	327	2008
344	1	1	104	0	2007
345	1	1	112	0	2006
346	1	2	100	340	2009
347	2	1	95	0	2003
348	2	1	111	359	2004
349	2	1	0	0	2003
350	1	0	0	352	2008
351	2	0	128	0	2005
352	1	0	118	338	2007
353	1	1	112	338	2008
354	2	1	120	0	2004
355	2	2	120	0	2004
356	1	2	100	333	2006
357	2	1	91	354	2004
358	1	1	92	342	2008
359	1	1	0	349	2009
360	1	1	100	0	2007
361	1	1	0	348	2009
362	2	1	0	0	2004
363	1	1	0	345	2009
364	1	1	111	351	2008
365	1	1	0	349	2009
366	1	2	0	352	2008
367	2	1	120	0	2004
368	1	2	92	333	0
369	1	1	120	339	2006
370	1	2	111	333	2006
371	1	1	95	349	2009
372	1	2	130	333	2008
373	1	1	0	348	2009
374	1	2	101	336	2008
375	1	2	0	348	2009
376	2	1	124	0	2004
377	1	0	124	0	2007
378	1	1	100	343	2008
379	1	2	99	339	2007
380	1	1	0	345	0
381	1	2	0	339	2008
382	1	1	98	351	2009
383	1	1	0	331	2008
384	1	1	104	340	2007
385	2	1	107	0	2003
386	1	1	120	328	2006
387	1	2	100	330	2009
388	1	2	115	327	2008
389	1	2	120	331	0
390	1	2	111	345	2009
391	1	1	124	341	2007
392	2	2	120	340	2003
393	1	2	95	349	2009
394	1	2	120	331	2006
395	1	1	0	327	2008
396	2	2	111	0	1998
397	1	1	0	336	2008
398	2	1	95	0	2004
399	1	2	111	333	2006
400	5	0	0	0	0
401	1	2	0	345	2009
402	1	1	95	339	2007
403	3	1	102	0	2005
404	1	2	100	0	2008
405	2	1	131	335	2005
406	1	2	112	327	2007
407	2	2	100	0	2005
408	1	2	0	339	2008
409	3	2	0	0	0
410	1	2	120	0	2007
411	1	1	0	349	2009
412	1	1	111	351	2009
413	1	1	120	361	2006
414	1	2	0	0	0
415	1	2	111	344	2006
416	1	1	117	0	2007
417	1	2	125	327	2008
418	1	2	0	0	2007
419	2	2	114	358	2005
420	1	1	0	331	0
421	1	2	0	339	2008
422	2	2	94	0	2005
423	1	1	0	345	2009
424	1	1	0	0	0
425	2	1	125	0	2005
426	1	1	114	334	2006
427	1	1	91	0	2006
428	2	1	130	335	2005
429	1	0	112	344	2007
430	1	0	102	0	2006
431	1	1	102	0	2007
432	1	1	102	337	2006
433	1	1	111	0	2007
434	2	0	100	0	2005
435	1	2	0	345	2009
436	4	0	0	0	0
437	2	2	0	0	2005
438	1	2	112	355	2007
439	1	1	111	342	2008
440	2	2	0	0	2004
441	2	2	102	0	2005
442	1	1	0	0	0
443	1	1	92	0	2005
444	1	1	100	0	2007
445	2	2	102	366	2003
446	1	2	0	339	2008
447	1	1	104	0	2007
448	3	1	128	0	0
449	1	2	111	0	2009
450	1	1	95	348	2009
451	1	1	111	352	2009
452	2	1	0	333	2005
453	1	1	0	349	2008
454	2	1	0	333	2005
455	1	2	95	342	2008
456	1	1	0	341	2006
457	1	0	0	0	0
458	1	2	94	338	2009
459	5	1	0	0	2001
460	2	2	120	0	2004
461	1	1	0	328	2008
462	1	2	100	342	2008
463	1	0	120	327	2007
464	1	1	0	352	2009
465	1	1	0	338	2008
466	1	1	0	0	2009
467	1	1	0	352	2009
468	1	2	111	333	2007
469	1	1	130	333	2007
470	1	0	0	0	0
471	2	2	0	0	0
472	1	1	102	0	2007
473	1	2	102	343	2008
474	1	1	119	333	2007
475	1	1	0	352	2009
476	1	1	120	345	2008
477	2	1	107	337	2005
478	1	1	0	0	2007
479	1	1	112	0	2007
480	1	2	0	346	2008
481	1	1	100	340	2007
482	1	1	0	348	2009
483	1	1	117	327	2007
484	1	1	97	349	2009
485	1	0	0	0	0
486	1	1	95	352	2006
487	1	1	102	359	2006
488	1	2	104	333	2007
489	1	1	94	0	2007
490	2	1	124	348	2004
491	1	1	0	342	2008
492	1	2	111	345	2009
493	1	1	112	0	2007
494	2	2	114	333	2005
495	1	2	0	348	2009
496	1	0	0	0	0
497	1	1	0	352	2009
498	2	1	91	0	2004
499	1	1	130	339	2006
500	1	1	0	333	2007
501	1	1	120	342	2008
502	1	1	120	342	2007
503	1	1	95	348	2008
504	1	0	130	0	0
505	1	2	95	334	2006
506	2	2	91	0	2004
507	1	2	111	336	0
508	1	2	0	349	2009
509	1	2	100	349	2009
510	2	1	112	0	2004
511	1	2	111	0	2006
512	2	1	104	354	2005
513	1	2	93	329	2006
514	1	2	111	333	2006
515	2	2	102	334	2003
516	1	2	111	333	2007
517	1	1	91	333	2006
518	1	1	111	337	2006
519	1	2	0	352	2009
520	1	2	0	352	2009
521	2	1	131	359	2005
522	1	1	131	339	2007
523	1	2	0	352	2009
524	1	1	95	328	2008
525	1	0	95	0	0
526	1	1	0	347	2007
527	1	2	102	333	2007
528	1	1	0	333	2007
529	1	2	0	0	0
530	2	1	120	0	2003
531	1	2	111	336	2008
532	1	1	95	337	2006
533	1	2	100	349	2008
534	1	2	0	0	2009
535	1	2	95	342	2008
536	1	2	0	0	2005
537	1	2	110	340	2007
538	1	2	124	353	2006
539	2	2	100	333	2005
540	1	1	104	336	2006
541	1	2	95	333	2008
542	2	2	99	339	2005
543	1	1	117	348	2008
544	2	2	111	333	2003
545	1	2	90	337	2006
546	1	1	117	0	2007
547	2	2	96	0	2005
548	1	2	99	342	2008
549	3	0	0	0	0
550	1	2	111	351	2009
551	1	1	0	345	2009
552	1	2	111	333	2007
553	1	2	0	352	2008
554	1	2	0	0	2009
555	2	2	109	0	1999
556	1	1	0	338	2008
557	1	1	95	0	2008
558	1	2	0	340	2009
559	1	2	118	339	2006
560	2	1	111	0	2005
561	1	2	0	327	2008
562	1	1	0	345	2009
563	1	2	100	0	2007
564	2	1	96	347	2003
565	1	1	117	339	2007
566	1	1	0	349	2009
567	1	2	100	333	2007
568	1	2	131	333	2007
569	1	2	0	338	2008
570	1	1	0	349	2009
571	1	2	94	345	2009
572	1	0	0	0	0
573	2	1	111	0	2005
574	1	1	0	348	2008
575	1	1	130	333	2007
576	1	2	0	341	2008
577	1	1	111	327	2007
578	1	1	0	352	2008
579	2	1	94	340	2004
580	1	1	0	333	2008
581	1	2	100	339	2008
582	1	1	124	333	2006
583	1	1	0	348	2009
584	2	1	111	342	2003
585	1	0	0	0	0
586	1	2	100	336	2007
587	2	1	104	333	2005
588	1	2	112	327	2007
589	2	2	111	334	2005
590	1	2	0	0	2006
591	1	1	99	340	2007
592	2	2	121	364	2004
593	2	1	111	337	2005
594	1	1	130	0	2007
595	1	2	111	345	2009
596	1	1	0	349	0
597	1	1	0	0	0
598	1	1	0	349	2009
599	1	1	0	327	2008
600	1	2	100	334	2005
601	1	1	0	340	2009
602	1	1	95	352	2009
603	1	0	120	345	2007
604	1	1	104	351	2009
605	2	0	0	0	0
606	2	1	115	0	2005
607	1	1	130	341	2008
608	1	2	111	339	2006
609	1	2	92	336	2007
610	1	1	120	351	2007
611	1	2	0	0	2009
612	1	1	95	328	2008
613	1	2	121	0	2006
614	3	1	125	0	0
615	1	1	111	333	2006
616	1	2	95	333	2007
617	1	1	111	331	0
618	1	2	102	336	0
619	1	2	0	0	2009
620	1	1	0	351	2008
621	1	2	0	351	2009
622	1	1	122	345	2008
623	1	2	0	348	2009
624	1	1	102	0	2006
625	1	1	0	345	2008
626	1	1	124	339	2006
627	1	2	112	354	2006
628	1	0	0	0	0
629	5	2	94	0	2004
630	2	2	98	0	2005
631	1	1	0	339	2008
632	1	1	111	0	2005
633	1	1	0	333	2007
634	2	0	0	0	2004
635	1	1	115	351	2007
636	1	2	0	0	2009
637	1	1	95	331	2006
638	1	1	0	344	2009
639	2	1	92	0	2004
640	1	2	111	349	2009
641	2	2	93	340	2004
642	2	1	131	0	2005
643	1	2	130	340	2008
644	2	1	107	0	1998
645	1	2	96	333	2007
646	1	1	0	333	2008
647	1	1	120	333	2007
648	1	1	102	0	2007
649	1	2	95	0	2006
650	2	2	104	0	2004
651	1	1	96	333	2006
652	1	2	115	340	2009
653	1	2	119	339	2008
654	1	1	0	349	2009
655	2	0	114	0	2004
656	1	1	104	339	2007
657	1	2	0	0	0
658	1	1	102	348	2009
659	2	2	99	0	2005
660	1	0	0	0	2007
661	1	1	102	0	2009
662	1	1	131	333	2007
663	1	2	96	364	2006
664	1	2	0	352	0
665	1	1	125	333	2008
666	1	0	111	339	2006
667	1	2	112	331	2006
668	2	2	96	0	2005
669	1	1	131	333	2006
670	1	2	111	0	2006
671	1	0	0	0	0
672	2	0	131	0	2005
673	1	1	0	345	2009
674	1	1	117	333	2006
675	1	1	0	345	2009
676	1	2	0	0	2009
677	1	1	117	335	2006
678	1	0	100	362	0
679	1	1	111	349	2008
680	1	1	111	361	2007
681	2	2	96	355	2005
682	1	2	111	348	2008
683	1	2	111	344	2009
684	1	1	92	0	2007
685	1	0	0	0	0
686	1	0	0	0	2007
687	2	1	0	0	2004
688	1	1	123	0	2005
689	1	1	0	348	2008
690	2	1	92	0	2004
691	1	2	109	340	2009
692	1	1	98	331	2006
693	2	1	111	0	2004
694	2	1	102	0	2004
695	1	2	117	0	2004
696	1	2	102	339	2007
697	1	2	126	0	2008
698	1	1	115	333	2006
699	1	2	95	335	2006
700	1	1	94	333	2008
701	1	2	100	339	2005
702	2	2	98	0	2005
703	2	2	0	0	2004
704	1	2	120	348	2009
705	1	1	125	333	2008
706	1	1	100	0	2005
707	2	1	95	0	2005
708	1	2	100	339	2007
709	3	1	107	0	2005
710	2	1	95	330	2005
711	1	1	111	339	2006
712	1	2	95	347	2008
713	1	2	111	339	2007
714	1	1	111	352	2009
715	1	1	0	352	2009
716	1	2	111	339	2008
717	3	0	113	0	0
718	1	2	100	0	2006
719	2	2	94	0	2004
720	1	2	112	0	2007
721	1	1	103	349	2009
722	2	2	130	0	2001
723	1	2	111	329	2006
724	1	1	95	0	2006
725	2	2	0	353	2004
726	1	0	120	0	0
727	2	1	130	0	2005
728	1	2	0	348	2009
729	1	1	117	346	2006
730	2	2	120	0	2004
731	2	1	120	335	2005
732	2	1	112	0	2005
733	2	1	0	342	2004
734	1	2	0	334	2006
735	1	1	104	352	2009
736	1	1	120	339	2007
737	1	2	111	351	2008
738	1	2	115	351	2007
739	1	0	0	0	0
740	2	1	0	0	2005
741	1	1	92	0	2006
742	1	1	0	352	2009
743	1	1	100	352	2008
744	1	2	92	339	2007
745	2	1	102	354	2004
746	2	1	117	0	2005
747	2	1	112	0	2004
748	2	2	119	367	2004
749	2	1	128	0	2004
750	1	2	0	345	2009
751	1	2	96	345	2009
752	1	0	0	0	0
753	1	1	0	352	2009
754	2	2	111	0	2003
755	1	2	0	339	2007
756	1	0	94	331	2006
757	1	2	124	339	2006
758	2	2	111	332	2005
759	1	2	0	351	2009
760	2	2	112	0	2005
761	2	2	0	0	2003
762	1	1	0	0	2008
763	1	1	111	335	2006
764	1	1	120	337	2006
765	1	1	112	354	2006
766	1	1	111	0	2009
767	1	1	0	333	2007
768	2	2	99	0	2004
769	1	2	111	339	2007
770	2	1	124	363	2003
771	1	2	121	344	2007
772	2	1	107	329	2004
773	1	1	120	358	2006
774	1	1	0	352	2009
775	1	2	130	349	2009
776	1	2	112	339	2007
777	1	2	100	347	2007
778	1	1	130	333	2007
779	1	2	100	351	2009
780	1	1	0	339	2008
781	2	2	0	366	2003
782	1	0	0	0	0
783	1	2	118	334	2006
784	1	1	95	0	2006
785	1	2	94	339	2007
786	1	1	95	336	2006
787	1	0	102	0	0
788	1	2	115	343	2008
789	1	2	0	338	2009
790	5	2	110	0	0
791	2	1	115	0	2005
792	1	2	119	348	2009
793	1	1	96	352	2009
794	1	2	111	331	2007
795	1	1	91	333	2007
796	1	2	118	0	0
797	1	2	115	0	2006
798	1	2	111	335	2006
799	1	1	117	333	2007
800	1	1	111	334	2006
801	1	2	100	338	2007
802	1	1	107	330	2006
803	1	1	0	333	2006
804	1	1	95	0	2009
805	1	2	100	343	2008
806	1	1	114	0	2008
807	1	0	0	0	0
808	1	2	0	352	2008
809	1	2	100	351	2008
810	1	2	112	331	2006
811	1	1	95	358	2006
812	1	2	0	345	2008
813	1	1	131	0	2006
814	1	2	100	340	2009
815	1	2	0	348	2009
816	2	1	102	0	2004
817	1	1	0	351	2009
818	1	2	112	337	2008
819	1	2	0	348	2008
820	2	2	118	0	2004
821	1	2	0	0	2009
822	1	2	0	345	2009
823	1	2	111	0	2005
824	1	2	96	333	2006
825	1	2	0	344	2008
826	1	1	115	332	2006
827	1	0	0	0	0
828	1	1	128	334	2006
829	2	0	100	0	2004
830	1	2	0	0	0
831	1	1	95	340	2008
832	1	1	120	339	2008
833	1	2	112	339	2006
834	2	1	111	0	2004
835	1	2	117	331	2006
836	2	1	112	334	2004
837	1	1	0	0	2009
838	2	2	100	0	2004
839	1	1	102	338	2007
840	1	2	0	351	2009
841	1	1	112	327	2007
842	1	2	104	331	2005
843	1	0	100	0	0
844	1	1	0	351	0
845	1	1	125	339	2005
846	1	2	121	331	2007
847	1	2	112	351	2008
848	1	1	0	338	2008
849	1	2	0	352	2009
850	1	2	112	343	2007
851	2	2	104	362	2005
852	1	2	95	352	2008
853	1	2	111	352	2009
854	1	1	0	345	2009
855	2	2	119	0	2004
856	1	1	0	348	2009
857	1	2	93	343	2005
858	1	2	100	331	2006
859	1	1	102	0	0
860	1	0	0	0	0
861	1	2	95	333	2008
862	1	2	94	328	2008
863	1	1	0	351	2009
864	1	2	95	0	2007
865	1	1	0	338	2008
866	1	2	0	339	2008
867	1	2	111	335	2006
868	1	2	103	339	2008
869	1	1	120	333	2006
870	1	2	0	351	2009
871	1	1	0	328	2008
872	1	1	93	331	2006
873	1	2	115	333	2007
874	1	1	95	333	2008
875	1	1	0	349	2009
876	4	0	0	0	0
877	1	2	111	334	2005
878	2	1	131	365	2004
879	1	2	0	343	2007
880	1	2	111	336	2007
881	1	2	111	350	2008
882	1	1	94	365	2006
883	1	1	120	339	2006
884	1	1	0	0	2009
885	2	2	94	0	1999
886	1	1	102	340	2008
887	2	2	102	0	2004
888	1	1	98	339	2006
889	1	2	112	339	2008
890	1	2	117	327	2008
891	4	2	0	0	0
892	2	2	111	334	2005
893	1	1	104	338	2008
894	1	1	130	333	2007
895	1	2	103	0	2007
896	0	0	0	0	0
897	2	2	94	0	2005
898	2	2	96	341	2004
899	1	1	115	328	2008
900	1	2	119	341	2007
901	1	0	0	0	0
902	1	0	0	327	2008
903	1	1	100	0	2006
904	2	2	92	0	0
905	1	2	112	355	2007
906	1	2	111	346	2008
907	2	2	111	0	2005
908	1	1	114	345	2009
909	2	1	109	328	0
910	1	2	0	336	2007
911	1	1	124	331	2004
912	1	2	0	345	2009
913	1	1	0	351	2007
914	1	1	111	340	2009
915	1	1	94	327	2007
916	2	1	107	339	2004
917	2	1	115	339	2005
918	1	1	120	333	2007
919	1	2	99	344	2008
920	1	2	120	327	2007
921	1	0	0	0	0
922	1	1	120	351	2008
923	2	2	114	361	2005
924	1	1	91	333	2007
925	1	1	111	342	2008
926	1	1	0	0	2009
927	2	1	131	0	2003
928	1	2	0	351	2009
929	1	0	0	0	0
930	1	2	100	362	2005
931	1	1	117	352	2009
932	1	1	124	0	2005
933	2	0	0	0	0
934	1	2	96	327	2008
935	1	1	111	0	2007
936	2	0	100	362	0
937	1	2	115	327	2008
938	1	2	128	0	2007
939	1	2	95	339	2007
940	1	2	123	339	2010
941	2	2	95	331	2005
942	1	1	93	337	2006
943	1	2	111	0	2009
944	1	2	115	364	2005
945	2	1	95	359	2004
946	1	0	0	0	0
947	2	1	117	0	2005
948	2	1	120	0	2005
949	1	1	0	342	2008
950	1	1	0	349	2009
951	1	2	0	351	2008
952	2	0	0	0	0
953	1	1	95	335	2006
954	1	0	104	0	2006
955	2	2	92	364	2005
956	1	1	102	351	2009
957	1	1	0	0	2007
958	1	2	122	351	2009
959	1	1	0	352	2009
960	2	0	111	0	2005
961	1	1	102	0	2006
962	1	0	0	0	0
963	1	1	0	338	2008
964	2	0	0	0	0
965	1	1	95	348	2009
966	1	2	100	335	2005
967	2	1	131	359	2005
968	1	0	0	0	0
969	1	0	128	0	2008
970	1	2	100	351	2008
971	2	1	91	333	2005
972	1	2	117	0	2009
973	2	2	0	0	2005
974	1	2	115	348	2009
975	1	1	0	340	2009
976	1	2	124	340	2006
977	1	1	95	0	2007
978	1	2	0	348	2009
979	1	1	124	339	2007
980	2	1	130	0	2004
981	2	1	0	0	0
982	1	2	124	336	2007
983	1	2	119	349	2008
984	1	1	112	337	2006
985	2	2	111	0	2004
986	1	1	95	349	2009
987	1	1	117	332	2005
988	2	1	95	0	2004
989	2	2	100	344	2004
990	2	2	130	332	2005
991	1	2	0	348	2009
992	1	2	102	333	2007
993	1	1	0	351	2009
994	2	1	94	341	2004
995	1	2	0	0	0
996	2	1	120	0	2004
997	2	2	112	0	1992
998	2	1	107	339	2004
999	1	0	0	0	0
1000	1	1	95	330	2006
1001	2	1	94	354	2001
1002	1	1	112	331	2005
1003	1	0	0	0	0
1004	2	2	96	0	2004
1005	2	0	91	0	2005
1006	1	2	91	333	2006
1007	1	1	0	348	2009
1008	1	2	99	331	2008
1009	1	2	100	337	2007
1010	2	1	102	0	2005
1011	1	2	94	343	2008
1012	1	2	0	349	2009
1013	1	2	111	0	2007
1014	1	2	0	345	2009
1015	2	2	112	0	2005
1016	1	2	111	339	2007
1017	1	2	115	351	2008
1018	1	2	0	327	2008
1019	1	1	102	339	2006
1020	1	1	95	331	0
1021	1	1	95	333	2008
1022	1	2	100	0	2004
1023	1	1	111	0	2009
1024	1	1	120	339	2006
1025	1	2	0	349	2009
1026	1	1	119	328	2008
1027	1	2	117	340	2009
1028	1	2	95	0	2005
1029	1	2	122	331	2008
1030	1	2	0	347	2008
1031	1	1	0	352	2009
1032	1	2	104	340	2009
1033	1	2	117	331	2006
1034	1	2	0	349	2009
1035	1	1	0	339	0
1036	2	2	100	0	2004
1037	2	1	111	345	2003
1038	1	1	120	352	2008
1039	1	0	0	0	0
1040	1	1	102	327	2008
1041	1	2	0	0	2009
1042	2	1	92	0	2005
1043	1	2	95	343	2007
1044	1	1	125	337	2006
1045	1	1	117	352	2009
1046	1	2	111	343	2006
1047	2	1	130	0	2004
1048	1	2	111	331	2006
1049	1	1	125	0	2008
1050	1	2	0	348	2009
1051	1	1	102	361	2004
1052	1	2	0	352	2008
1053	2	2	95	0	2005
1054	1	1	0	336	2008
1055	1	2	112	343	2008
1056	1	1	102	331	2006
1057	1	2	93	340	2008
1058	1	1	0	333	2007
1059	1	2	91	339	2008
1060	1	2	95	349	2009
1061	1	2	100	333	2006
1062	1	2	95	333	2008
1063	2	1	95	341	2005
1064	1	2	109	346	2008
1065	2	2	95	0	0
1066	1	2	120	338	2008
1067	2	1	120	332	2005
1068	1	2	112	338	2008
1069	1	2	93	327	2007
1070	1	1	92	0	2006
1071	1	2	111	335	2006
1072	1	2	100	0	2009
1073	1	2	111	331	2008
1074	1	1	0	352	2009
1075	2	2	100	333	2005
1076	4	1	0	0	0
1077	1	2	130	362	2006
1078	1	2	119	333	2006
1079	1	1	102	0	2008
1080	2	1	102	0	2004
1081	2	1	111	0	2005
1082	1	1	0	351	2009
1083	2	1	111	0	0
1084	1	2	99	337	2008
1085	2	0	0	0	0
1086	1	1	120	333	2006
1087	1	0	0	0	0
1088	1	2	100	339	2006
1089	1	2	0	352	2008
1090	1	1	112	339	2007
1091	1	1	96	348	2009
1092	2	2	112	0	2005
1093	1	2	111	348	2009
1094	1	1	0	333	2008
1095	1	2	112	352	2009
1096	2	2	100	337	2005
1097	1	0	111	338	0
1098	1	2	94	0	2006
1099	2	2	120	362	2004
1100	2	1	130	0	2005
1101	1	2	0	351	2009
1102	2	1	95	0	2004
1103	1	2	118	354	2006
1104	1	1	0	0	2008
1105	1	1	0	349	2009
1106	2	1	100	0	2005
1107	1	1	100	327	2008
1108	1	1	111	0	0
1109	1	2	101	343	2008
1110	1	1	0	351	2009
1111	1	1	117	331	2008
1112	1	1	102	339	2007
1113	1	2	98	0	2007
1114	2	1	103	354	2003
1115	2	1	107	358	2004
1116	2	1	123	335	2005
1117	1	1	120	333	2007
1118	1	0	92	333	2007
1119	1	0	0	331	2008
1120	2	1	124	0	2004
1121	1	2	112	0	2007
1122	1	1	112	337	2005
1123	1	1	94	345	2009
1124	1	2	100	339	2007
1125	1	1	91	336	2007
1126	2	1	111	334	2004
1127	1	0	0	0	0
1128	1	2	94	331	2008
1129	1	1	111	333	2006
1130	1	1	125	351	2007
1131	2	1	110	0	2005
1132	1	2	104	0	2006
1133	1	2	120	364	2006
1134	1	1	130	331	2007
1135	1	1	125	0	2006
1136	2	1	94	329	2005
1137	2	2	99	331	2005
1138	2	1	0	0	2005
1139	2	2	112	335	2005
1140	1	0	0	0	0
1141	1	2	94	331	2006
1142	1	0	0	0	0
1143	2	1	128	0	2005
1144	1	0	0	333	2006
1145	1	1	0	351	2008
1146	3	2	96	0	0
1147	1	2	0	336	2007
1148	1	2	0	351	2009
1149	1	2	112	339	2006
1150	2	2	111	0	2003
1151	1	2	103	339	2007
1152	2	2	100	0	2005
1153	1	1	0	340	2009
1154	2	2	120	339	2005
1155	1	2	92	340	2008
1156	2	1	111	0	2004
1157	1	1	111	349	2009
1158	1	1	92	345	2008
1159	2	1	109	349	2004
1160	1	1	111	365	0
1161	1	0	0	0	0
1162	1	2	0	352	2009
1163	1	1	111	0	2009
1164	2	2	111	334	2005
1165	1	1	130	337	2006
1166	1	2	111	348	2009
1167	2	0	0	0	0
1168	2	2	90	0	2004
1169	1	2	111	339	2006
1170	1	2	112	331	2007
1171	2	1	91	366	2004
1172	1	2	0	0	2008
1173	1	2	95	336	2007
1174	1	2	117	333	2007
1175	1	2	0	348	2009
1176	1	2	0	339	2008
1177	1	2	111	348	2009
1178	2	1	100	361	2005
1179	2	1	103	0	2005
1180	1	1	112	333	2007
1181	1	0	109	339	2005
1182	1	2	100	347	2008
1183	1	1	0	352	2009
1184	1	2	99	0	2009
1185	1	1	0	327	2007
1186	1	1	102	0	2006
1187	1	2	130	334	2006
1188	1	2	0	349	2009
1189	3	1	0	0	0
1190	1	2	0	349	2009
1191	1	1	0	327	2008
1192	1	2	117	339	2006
1193	2	1	128	0	2004
1194	1	2	0	340	2009
1195	1	2	112	366	2006
1196	1	2	0	0	2009
1197	1	2	119	355	0
1198	1	2	0	340	2009
1199	1	0	0	0	0
1200	1	2	0	339	2008
1201	1	1	111	349	2009
1202	1	1	0	340	2009
1203	1	2	104	348	2009
1204	1	1	111	345	2007
1205	2	2	111	0	2005
1206	1	1	0	351	2009
1207	1	2	100	330	2005
1208	1	2	100	331	2006
1209	5	1	0	0	0
1210	1	0	0	0	0
1211	1	2	0	0	0
1212	1	1	111	0	2007
1213	2	2	104	0	2004
1214	1	2	95	340	2009
1215	2	0	0	0	0
1216	2	1	130	334	2005
1217	2	1	117	0	2005
1218	2	1	128	0	2005
1219	2	2	100	0	2004
1220	1	2	100	335	2006
1221	2	1	104	0	2005
1222	2	0	120	0	2005
1223	1	2	111	338	2008
1224	1	2	94	333	2006
1225	1	2	100	331	0
1226	2	2	102	331	2005
1227	1	1	0	365	2006
1228	2	2	107	0	2004
1229	1	1	112	359	2006
1230	1	1	111	333	2007
1231	1	2	112	334	2005
1232	1	2	120	333	2008
1233	1	1	93	351	2007
1234	1	2	95	345	2009
1235	2	2	111	0	2005
1236	1	2	102	0	2007
1237	1	2	95	339	2006
1238	1	2	99	339	2007
1239	2	1	96	0	2005
1240	1	1	0	347	2008
1241	1	0	0	0	0
1242	1	2	94	340	2008
1243	2	2	130	332	2005
1244	1	0	0	345	2008
1245	2	2	119	0	2005
1246	1	1	111	339	2007
1247	1	2	111	342	2007
1248	2	2	118	355	2004
1249	1	1	128	328	2007
1250	1	2	0	351	2009
1251	1	1	91	359	2006
1252	1	2	100	352	2009
1253	1	2	103	339	2008
1254	1	2	0	352	2009
1255	1	2	0	0	2008
1256	1	2	100	353	2006
1257	1	0	117	348	2009
1258	3	2	102	0	0
1259	1	2	111	333	2007
1260	2	0	0	0	0
1261	1	2	100	336	2008
1262	1	2	112	336	2007
1263	1	2	100	333	2007
1264	1	1	0	340	2009
1265	2	1	94	333	2005
1266	2	2	102	0	2005
1267	1	0	120	332	2006
1268	1	1	95	349	2008
1269	1	1	130	327	2008
1270	1	2	114	336	2007
1271	1	1	0	361	2006
1272	1	2	100	346	2008
1273	1	1	119	351	2008
1274	1	1	102	351	2008
1275	1	2	111	331	2006
1276	1	1	110	348	2009
1277	1	2	111	333	2007
1278	1	1	103	339	2007
1279	1	1	0	328	2008
1280	1	2	100	352	2008
1281	1	2	92	333	2006
1282	1	2	112	337	2007
1283	1	2	111	333	2007
1284	2	1	103	0	2005
1285	1	1	100	0	2006
1286	2	2	0	0	2005
1287	1	2	112	333	2006
1288	1	2	91	340	2009
1289	1	0	0	339	0
1290	1	1	0	338	2008
1291	1	2	94	339	2008
1292	1	1	100	352	2009
1293	1	2	111	333	2007
1294	1	2	100	339	2007
1295	2	2	111	337	2005
1296	2	2	99	344	2002
1297	1	1	119	339	2007
1298	2	2	0	0	2003
1299	1	1	0	341	2008
1300	1	1	124	0	2006
1301	2	2	112	0	2005
1302	1	1	104	339	2007
1303	1	2	0	349	2009
1304	2	2	122	339	1952
1305	2	2	110	337	2002
1306	1	2	94	341	2008
1307	1	1	0	345	2009
1308	1	1	110	349	2006
1309	1	2	130	334	2006
1310	2	1	112	0	2005
1311	1	2	100	334	2006
1312	1	1	0	341	2008
1313	1	2	0	333	2007
1314	1	2	111	327	2008
1315	1	2	120	333	2007
1316	1	1	0	0	0
1317	1	1	95	328	2008
1318	1	2	102	339	2007
1319	1	2	122	0	2007
1320	1	1	120	345	2009
1321	1	0	126	338	2004
1322	1	0	102	333	2007
1323	1	2	94	331	2007
1324	1	2	100	333	2006
1325	1	1	0	348	2008
1326	1	2	111	336	0
1327	1	1	0	352	2009
1328	2	2	93	350	2004
1329	2	1	112	329	2004
1330	2	2	100	335	2005
1331	1	1	117	345	2009
1332	2	2	125	342	2001
1333	1	1	102	333	2007
1334	1	0	100	0	2006
1335	1	1	104	338	2008
1336	2	1	102	0	2005
1337	1	1	94	329	2005
1338	1	2	111	336	2006
1339	2	0	91	0	2004
1340	1	1	100	336	2008
1341	1	2	100	333	2007
1342	1	1	0	348	2009
1343	1	1	115	347	2008
1344	1	2	111	339	2005
1345	1	1	117	332	2006
1346	1	0	0	358	0
1347	4	2	0	0	0
1348	2	2	100	367	2004
1349	1	0	0	0	0
1350	1	2	130	333	2006
1351	1	1	112	351	2009
1352	1	2	100	362	2005
1353	1	1	98	0	2006
1354	1	1	102	341	2008
1355	1	0	102	339	2008
1356	1	1	112	347	2008
1357	1	2	98	331	2006
1358	1	2	95	335	2006
1359	1	2	100	333	2007
1360	2	2	111	0	2004
1361	1	1	99	335	2006
1362	2	0	98	0	2004
1363	1	1	120	348	2009
1364	2	2	100	0	2005
1365	1	1	109	328	2007
1366	1	1	100	333	2007
1367	1	1	102	345	2009
1368	2	2	111	362	1954
1369	1	2	0	333	0
1370	1	2	104	0	2007
1371	1	2	0	339	2008
1372	2	2	118	0	2005
1373	2	2	96	335	2005
1374	1	2	117	348	2009
1375	1	2	0	348	2008
1376	2	2	94	344	2005
1377	1	1	0	343	2008
1378	1	1	95	341	2007
1379	2	2	94	0	2005
1380	1	1	0	352	2009
1381	1	1	95	339	2006
1382	1	1	120	345	2009
1383	1	1	0	0	0
1384	1	0	111	339	2007
1385	1	1	111	339	2008
1386	1	1	111	350	2007
1387	1	1	0	348	0
1388	1	2	123	339	2007
1389	1	0	92	0	2008
1390	2	1	122	0	2004
1391	2	1	0	0	2004
1392	1	1	98	339	2007
1393	1	1	101	331	2008
1394	2	2	103	0	2005
1395	1	2	102	366	2005
1396	1	2	0	343	2007
1397	1	1	102	331	2006
1398	1	1	104	0	2007
1399	2	2	112	331	2004
1400	1	1	102	334	2006
1401	2	2	0	0	2004
1402	1	1	94	333	2007
1403	2	2	111	367	2004
1404	2	2	96	0	2004
1405	1	2	119	364	2010
1406	2	1	100	0	2004
1407	1	1	112	331	2006
1408	2	0	0	0	0
1409	1	1	102	331	2007
1410	1	1	130	331	2007
1411	1	0	98	349	2008
1412	1	2	95	340	2009
1413	1	2	0	349	2009
1414	1	1	111	337	2006
1415	2	2	104	0	2005
1416	1	1	0	342	2008
1417	1	2	92	333	2007
1418	1	1	108	359	2006
1419	1	2	95	333	2007
1420	1	2	93	0	2007
1421	1	1	112	339	2007
1422	1	0	0	0	0
1423	2	0	0	0	0
1424	1	1	95	349	2009
1425	1	1	117	333	2007
1426	1	1	111	351	2008
1427	1	2	102	329	2006
1428	1	1	0	348	2009
1429	2	1	0	332	2005
1430	1	1	92	351	2007
1431	1	1	117	339	2008
1432	1	2	0	333	2008
1433	2	0	128	0	2005
1434	2	2	111	343	2003
1435	1	1	102	348	2007
1436	2	2	102	347	2002
1437	1	1	112	348	2008
1438	1	1	122	333	2006
1439	1	2	0	334	0
1440	1	1	120	343	2007
1441	1	1	120	0	2006
1442	1	2	100	0	2006
1443	2	1	131	335	2005
1444	1	1	125	0	2007
1445	1	2	102	341	2008
1446	1	2	0	0	2008
1447	1	1	111	0	2007
1448	1	2	95	344	2008
1449	1	2	0	338	2008
1450	2	2	92	0	2004
1451	2	2	94	0	2005
1452	1	2	115	0	2009
1453	1	0	126	0	0
1454	2	1	119	330	2005
1455	1	1	127	339	2005
1456	1	1	0	0	2009
1457	1	1	95	347	2008
1458	1	2	96	333	2005
1459	1	1	102	345	2008
1460	1	1	117	333	2007
1461	1	1	0	333	2008
1462	1	1	121	355	2009
1463	1	2	0	0	0
1464	1	1	102	0	2007
1465	1	1	95	340	2005
1466	1	2	0	349	2009
1467	1	2	111	337	2007
1468	1	2	111	333	2006
1469	1	1	95	331	2007
1470	1	2	0	336	2007
1471	1	2	100	333	2008
1472	1	1	111	331	2008
1473	2	2	131	0	2005
1474	1	1	111	327	2008
1475	1	1	117	341	2007
1476	1	0	118	0	2006
1477	3	0	130	329	0
1478	1	1	100	348	2009
1479	1	2	103	340	2007
1480	1	2	0	349	2009
1481	1	1	95	342	2007
1482	1	2	95	345	2009
1483	1	2	109	339	2007
1484	1	1	120	333	2008
1485	1	0	0	0	0
1486	1	1	112	333	2007
1487	1	1	112	0	2007
1488	2	1	111	331	2005
1489	1	1	116	333	2008
1490	2	2	111	0	2005
1491	1	0	0	0	0
1492	1	1	111	0	2009
1493	1	2	111	0	2007
1494	1	1	111	333	2006
1495	1	2	0	352	2009
1496	1	1	0	0	2009
1497	1	1	102	0	2009
1498	1	1	125	339	2007
1499	1	1	124	0	2006
1500	1	2	112	339	2007
1501	1	2	100	337	2006
1502	1	2	95	361	2008
1503	1	1	0	345	2009
1504	1	2	111	339	2006
1505	1	2	95	339	2008
1506	1	2	100	0	2008
1507	1	1	111	327	2008
1508	1	1	117	333	2006
1509	2	2	120	0	2003
1510	1	1	102	348	2009
1511	1	1	91	347	2006
1512	1	1	95	331	2008
1513	1	1	111	331	2008
1514	1	2	114	0	2007
1515	1	1	111	333	2006
1516	1	2	111	344	2006
1517	2	1	95	0	2004
1518	1	1	92	0	2006
1519	1	2	100	331	2007
1520	1	1	0	349	2009
1521	1	2	117	333	2007
1522	1	0	111	0	2006
1523	1	2	112	333	2006
1524	1	0	0	0	0
1525	1	2	0	333	2008
1526	1	2	100	348	2009
1527	1	1	111	365	2006
1528	1	0	95	0	2006
1529	1	2	0	348	2009
1530	1	1	120	349	2009
1531	2	1	111	338	2004
1532	1	2	0	351	2009
1533	1	2	104	327	2007
1534	1	2	102	331	2007
1535	4	2	0	0	2002
1536	1	1	95	348	2009
1537	1	2	0	340	2009
1538	1	2	112	331	2006
1539	1	1	116	331	2008
1540	1	1	0	349	2009
1541	1	2	91	339	2006
1542	1	0	0	336	0
1543	1	1	0	0	2009
1544	2	2	111	0	2005
1545	1	2	95	0	2006
1546	1	1	120	0	2007
1547	1	2	115	351	2008
1548	2	2	112	0	2003
1549	1	1	117	340	2009
1550	2	1	92	0	2005
1551	2	1	100	348	2004
1552	1	1	0	351	2009
1553	1	2	129	349	2009
1554	1	1	0	351	2009
1555	1	2	130	333	2007
1556	1	0	0	0	0
1557	1	0	0	0	0
1558	1	1	131	0	2009
1559	1	1	95	331	2008
1560	2	1	0	0	2004
1561	1	1	124	0	2006
1562	1	2	0	0	2009
1563	1	2	100	339	2006
1564	1	1	0	351	2009
1565	1	2	104	350	2008
1566	1	1	124	0	2005
1567	1	1	0	338	2008
1568	5	2	121	352	2010
1569	1	1	0	351	2009
1570	2	2	98	0	2005
1571	1	1	91	350	2008
1572	2	2	99	334	2004
1573	2	1	95	333	2005
1574	1	2	0	349	2009
1575	1	2	94	341	2008
1576	1	1	117	337	2006
1577	1	1	102	354	2006
1578	1	1	111	0	2008
1579	1	2	118	331	2006
1580	1	1	111	339	2006
1581	1	0	122	351	0
1582	1	2	0	351	2006
1583	1	1	91	348	2009
1584	1	1	0	348	2009
1585	1	2	111	334	2006
1586	1	2	0	0	2009
1587	1	2	102	0	2006
1588	1	1	120	0	0
1589	1	2	95	0	2009
1590	1	0	95	0	2006
1591	1	0	0	0	0
1592	1	1	102	333	2006
1593	2	1	115	330	2005
1594	1	1	112	348	2008
1595	2	2	102	344	2004
1596	1	2	0	345	2009
1597	1	1	131	339	2007
1598	4	2	0	0	0
1599	2	2	102	328	2005
1600	1	2	0	351	2009
1601	1	2	99	337	2006
1602	1	1	118	328	2006
1603	1	1	0	352	2009
1604	1	1	121	339	2006
1605	2	2	112	339	2002
1606	1	1	95	352	2008
1607	1	1	111	0	2009
1608	1	1	130	337	2007
1609	1	2	111	340	2009
1610	2	2	102	362	2005
1611	1	1	130	0	2007
1612	1	2	120	333	2006
1613	1	1	95	345	2008
1614	1	1	119	337	2006
1615	1	2	0	349	2009
1616	2	1	0	0	0
1617	1	2	111	339	2007
1618	1	2	0	352	2009
1619	1	1	122	0	2006
1620	1	1	102	330	2006
1621	1	1	0	351	2009
1622	1	1	0	349	2009
1623	1	2	0	352	2008
1624	1	1	95	331	2008
1625	1	1	104	333	2007
1626	1	2	0	344	2008
1627	2	2	100	335	2005
1628	1	0	0	0	0
1629	2	1	91	0	2005
1630	2	2	107	335	2005
1631	1	1	95	0	2006
1632	2	2	124	0	2005
1633	1	2	117	327	2007
1634	2	1	130	0	2003
1635	1	2	0	339	2008
1636	1	2	100	362	2005
1637	1	2	0	348	2009
1638	1	1	112	339	2006
1639	1	1	111	354	2006
1640	1	0	112	339	2007
1641	1	2	116	339	2007
1642	1	2	111	331	2007
1643	1	2	0	336	2008
1644	1	2	0	338	2008
1645	1	2	0	351	2009
1646	1	1	111	0	2008
1647	3	2	97	0	0
1648	1	1	112	339	2007
1649	1	1	0	352	2009
1650	2	2	109	0	2004
1651	1	2	111	0	2009
1652	1	1	92	0	2005
1653	1	1	0	351	2009
1654	1	1	124	333	2006
1655	1	1	0	341	2008
1656	2	1	95	332	2002
1657	1	2	102	337	2008
1658	1	1	0	343	2008
1659	1	1	130	0	2007
1660	1	2	129	343	2008
1661	1	1	111	0	2009
1662	2	2	0	0	2003
1663	1	2	111	339	2006
1664	1	2	100	0	2006
1665	1	2	111	339	2008
1666	1	2	111	338	2008
1667	1	2	0	349	2009
1668	1	1	92	359	2006
1669	1	2	0	349	2009
1670	1	1	128	333	2006
1671	1	2	96	335	2005
1672	1	1	95	328	2008
1673	1	1	100	340	2009
1674	1	1	100	333	2008
1675	1	2	99	335	2005
1676	2	1	95	0	2004
1677	1	1	0	340	2009
1678	1	2	0	340	2009
1679	1	1	112	0	2007
1680	1	2	0	339	2008
1681	1	2	100	339	0
1682	1	1	104	327	2008
1683	1	1	0	351	2009
1684	1	2	0	348	2009
1685	1	1	102	348	2009
1686	1	1	0	345	2009
1687	2	1	120	0	2004
1688	1	2	95	340	2009
1689	2	1	121	0	2004
1690	1	2	104	340	2009
1691	1	1	0	345	2008
1692	1	1	102	351	2009
1693	1	2	99	0	2006
1694	1	1	95	340	2009
1695	1	1	120	331	2006
1696	1	0	111	344	2007
1697	1	1	95	0	2009
1698	1	1	95	333	2006
1699	1	2	0	340	2009
1700	1	2	120	0	2005
1701	1	2	100	335	2006
1702	1	1	102	338	2008
1703	1	1	0	344	2008
1704	1	2	111	327	2008
1705	1	1	91	333	2006
1706	2	1	95	0	2005
1707	1	0	94	331	2008
1708	1	2	100	339	2007
1709	1	2	119	0	2008
1710	1	2	131	339	2007
1711	2	2	109	0	2005
1712	1	2	111	329	2006
1713	1	1	0	351	2009
1714	1	1	0	0	2007
1715	1	1	131	340	2009
1716	1	2	100	333	2007
1717	1	2	94	353	2007
1718	1	2	98	340	2009
1719	1	2	94	327	2008
1720	1	2	129	0	2010
1721	1	0	0	0	0
1722	1	2	100	333	2007
1723	2	2	107	0	2005
1724	1	2	100	336	2008
1725	1	1	0	345	2009
1726	1	1	117	348	2009
1727	1	1	104	361	2006
1728	2	1	95	0	2004
1729	1	1	0	0	2006
1730	1	1	95	340	2009
1731	1	1	0	341	2008
1732	2	0	0	0	0
1733	1	2	111	336	2007
1734	1	2	0	348	2009
1735	2	2	100	355	2004
1736	2	2	0	0	2004
1737	1	1	130	328	2007
1738	1	2	0	351	2009
1739	2	1	111	337	2005
1740	2	1	92	0	2005
1741	1	2	116	336	2007
1742	1	2	120	333	2006
1743	1	0	124	0	0
1744	1	2	94	342	2007
1745	5	1	91	333	2005
1746	2	2	119	0	2005
1747	1	2	107	0	2007
1748	1	1	111	348	2008
1749	1	1	91	338	2007
1750	2	1	95	0	2005
1751	1	0	120	335	2006
1752	1	2	104	333	2008
1753	1	1	120	328	2006
1754	1	1	0	345	2008
1755	1	2	111	333	2007
1756	1	2	112	333	2008
1757	1	1	0	346	2008
1758	1	1	0	0	2009
1759	1	2	0	342	2008
1760	1	1	91	333	2006
1761	4	0	0	0	0
1762	1	2	0	341	2008
1763	2	2	111	339	2005
1764	1	2	111	344	2008
1765	1	1	122	345	2009
1766	1	1	91	344	2008
1767	1	2	119	342	2007
1768	1	1	111	351	2009
1769	1	1	102	348	2007
1770	2	1	112	0	2005
1771	2	1	95	0	2004
1772	1	0	93	339	2007
1773	1	1	0	331	2008
1774	1	2	91	333	2006
1775	2	0	95	0	2005
1776	2	1	131	0	2004
1777	1	2	0	0	2009
1778	1	1	95	345	2009
1779	1	2	0	345	2009
1780	2	2	121	366	0
1781	2	2	100	0	2005
1782	1	0	0	0	0
1783	1	2	111	339	2006
1784	2	2	99	344	2005
1785	1	1	0	351	2009
1786	1	0	117	349	2008
1787	1	2	100	339	2007
1788	1	2	115	0	2006
1789	2	1	117	0	2004
1790	1	0	0	0	0
1791	2	1	98	329	2005
1792	1	0	120	365	0
1793	1	1	102	331	2006
1794	1	2	111	0	0
1795	2	1	110	0	2005
1796	1	1	102	338	2007
1797	2	1	92	331	2005
1798	1	2	112	336	2008
1799	2	2	100	0	2003
1800	2	2	100	347	2005
1801	1	2	99	0	2007
1802	2	1	0	0	2005
1803	1	2	111	362	2006
1804	1	2	100	354	2006
1805	1	2	0	339	2008
1806	1	1	0	341	2008
1807	1	2	0	334	2006
1808	1	1	104	332	2006
1809	1	1	0	348	2009
1810	1	1	0	327	2008
1811	1	2	112	339	2007
1812	1	2	0	345	2009
1813	1	2	0	333	2007
1814	1	2	102	350	2008
1815	1	2	115	351	2009
1816	2	2	94	335	2004
1817	1	1	104	333	2007
1818	1	1	125	333	2006
1819	1	2	111	336	2007
1820	1	1	92	328	2006
1821	1	2	102	345	2007
1822	1	1	0	349	2009
1823	5	2	115	334	2005
1824	1	1	0	0	2009
1825	1	1	95	328	2008
1826	1	2	112	0	2006
1827	2	2	117	0	2004
1828	1	1	102	339	2007
1829	1	1	94	333	2008
1830	1	1	104	0	2006
1831	2	0	91	0	2005
1832	1	1	102	331	2005
1833	1	2	100	339	2006
1834	1	2	129	352	2009
1835	1	2	111	0	2009
1836	2	2	98	331	2005
1837	2	2	100	0	2005
1838	1	1	92	349	2008
1839	1	2	110	336	2007
1840	1	1	103	340	2009
1841	2	2	94	0	2005
1842	1	1	0	352	2009
1843	2	1	121	0	2004
1844	1	1	110	337	2006
1845	2	1	103	361	2003
1846	1	2	100	0	2006
1847	1	1	0	328	2008
1848	1	2	112	331	2008
1849	1	2	118	352	2008
1850	1	1	111	0	2006
1851	2	1	98	329	2005
1852	2	2	120	0	2003
1853	1	2	115	333	2006
1854	1	1	95	351	2007
1855	1	0	0	0	0
1856	1	1	102	0	2005
1857	1	1	131	348	2009
1858	1	1	122	0	2008
1859	1	2	104	345	2007
1860	1	1	120	339	2006
1861	1	2	100	331	0
1862	2	2	100	0	2003
1863	1	1	96	339	2007
1864	1	1	95	328	2008
1865	1	2	0	0	2008
1866	1	2	96	347	2008
1867	1	2	129	0	2008
1868	1	2	94	333	2006
1869	1	1	111	0	2009
1870	1	1	0	348	2008
1871	1	1	118	340	2007
1872	1	2	118	0	2007
1873	2	2	95	332	2005
1874	1	2	0	348	2009
1875	2	1	95	0	2005
1876	1	1	101	343	2008
1877	5	1	94	0	2004
1878	1	2	99	339	2008
1879	1	1	91	339	2007
1880	1	1	100	345	2009
1881	1	2	111	344	2007
1882	1	0	91	0	2007
1883	2	0	0	0	0
1884	1	2	111	341	2008
1885	1	2	0	340	2009
1886	2	2	109	335	2005
1887	1	2	99	349	2008
1888	2	0	111	0	0
1889	1	2	95	364	2006
1890	2	2	98	0	2005
1891	1	2	111	333	2006
1892	1	1	125	331	2006
1893	1	1	92	333	2005
1894	1	2	111	339	2007
1895	1	2	96	327	2008
1896	2	2	111	334	2005
1897	1	1	104	328	2008
1898	2	0	0	0	0
1899	1	1	0	333	2006
1900	1	2	0	344	2008
1901	1	2	102	0	2009
1902	1	1	0	341	2008
1903	1	1	130	351	2008
1904	1	2	111	354	2006
1905	1	2	0	331	0
1906	2	1	120	0	2004
1907	1	1	0	354	2006
1908	1	2	112	348	2009
1909	1	2	95	348	2007
1910	1	1	0	341	2008
1911	2	1	102	353	2005
1912	5	2	130	327	2007
1913	1	1	91	335	2006
1914	1	2	0	351	2009
1915	2	1	0	0	2004
1916	1	2	0	349	2009
1917	1	2	99	327	2008
1918	1	1	115	328	2008
1919	1	1	92	340	2007
1920	1	1	120	365	2005
1921	1	2	121	0	2006
1922	1	2	111	352	2009
1923	1	0	95	0	2008
1924	1	1	111	338	2008
1925	1	2	0	339	2007
1926	1	2	0	361	2008
1927	2	2	115	0	2005
1928	1	2	120	332	2005
1929	1	2	111	333	2007
1930	1	2	0	345	0
1931	1	2	111	339	2006
1932	1	2	94	331	2006
1933	1	1	91	334	2005
1934	1	1	0	352	2009
1935	1	1	98	344	2007
1936	2	1	0	0	2004
1937	1	1	0	361	2008
1938	1	0	111	0	2005
1939	1	1	102	335	2006
1940	1	1	117	0	2007
1941	1	1	95	327	2008
1942	4	2	0	0	0
1943	1	2	94	342	2008
1944	1	2	100	340	2009
1945	1	2	111	340	2009
1946	1	1	0	352	2009
1947	1	1	0	352	2009
1948	1	1	120	347	2008
1949	1	2	111	339	2007
1950	1	1	0	347	2008
1951	1	1	125	0	2005
1952	2	2	111	0	2005
1953	1	2	124	336	2006
1954	1	0	0	0	0
1955	2	1	120	0	0
1956	1	2	111	345	2008
1957	2	1	130	0	2005
1958	1	2	0	0	0
1959	2	1	111	333	2005
1960	1	0	0	336	2008
1961	2	2	131	330	2005
1962	2	2	111	362	2004
1963	1	0	0	0	0
1964	1	2	111	339	2007
1965	1	1	102	0	2006
1966	1	0	111	0	0
1967	2	1	92	335	2005
1968	1	1	0	338	2008
1969	1	2	116	335	2006
1970	1	2	102	353	2006
1971	2	1	117	338	2003
1972	1	2	0	340	2009
1973	1	1	125	339	2005
1974	1	1	107	348	2009
1975	2	1	103	0	2005
1976	1	1	94	339	2007
1977	2	2	94	367	2003
1978	1	2	111	352	2008
1979	1	1	0	0	2009
1980	1	0	0	0	0
1981	1	2	117	0	2007
1982	1	2	0	0	0
1983	1	1	111	333	2006
1984	2	1	104	0	0
1985	1	1	94	350	2008
1986	1	1	95	339	2007
1987	1	2	125	351	2009
1988	1	1	96	331	2007
1989	1	1	92	0	2006
1990	1	1	111	339	2007
1991	2	2	102	0	2005
1992	2	1	102	0	0
1993	1	1	0	327	2008
1994	1	2	92	346	2008
1995	2	2	111	0	2004
1996	1	0	0	0	2008
1997	1	2	0	352	2009
1998	1	0	0	0	0
1999	1	2	127	0	0
2000	1	1	114	351	2009
2001	1	2	0	0	2009
2002	1	2	0	348	2008
2003	1	2	96	351	2009
2004	1	0	112	0	2005
2005	1	2	104	337	2006
2006	1	1	122	348	2009
2007	1	1	120	333	2007
2008	1	1	104	349	2009
2009	1	1	0	351	2008
2010	1	2	125	331	2007
2011	1	1	0	328	2007
2012	1	2	0	346	2008
2013	1	2	111	331	2005
2014	1	1	0	0	2009
2015	1	1	112	352	2009
2016	1	1	100	340	2007
2017	2	1	119	0	2005
2018	1	2	0	345	2009
2019	1	1	111	339	2007
2020	1	2	95	343	2007
2021	1	1	91	333	2007
2022	1	2	94	331	2005
2023	1	1	95	333	2007
2024	1	2	123	343	2008
2025	2	1	114	0	2003
2026	1	1	91	339	2006
2027	1	2	95	339	2007
2028	1	1	111	333	2006
2029	1	0	0	0	0
2030	1	0	91	331	2005
2031	2	1	102	0	2002
2032	2	1	111	366	2004
2033	2	2	112	0	2004
2034	1	2	115	341	2006
2035	1	1	111	0	2006
2036	2	1	96	0	2005
2037	1	1	0	352	2008
2038	1	2	116	341	2008
2039	1	1	120	333	2006
2040	1	2	0	0	2009
2041	1	1	0	345	2008
2042	2	2	100	0	2005
2043	1	2	111	336	2008
2044	1	1	109	0	2007
2045	1	2	119	345	2009
2046	1	1	0	349	2009
2047	1	2	120	336	2007
2048	2	2	94	334	2005
2049	2	2	111	364	2004
2050	2	1	102	0	2004
2051	1	2	123	336	2007
2052	1	1	102	328	2007
2053	1	2	95	349	2008
2054	1	2	100	0	2008
2055	1	1	0	340	2009
2056	1	0	0	0	0
2057	1	2	0	340	2008
2058	1	1	0	352	2009
2059	1	2	90	348	2009
2060	1	2	0	349	2009
2061	1	1	0	345	2009
2062	1	1	0	0	2009
2063	1	2	112	334	2005
2064	1	2	112	333	2007
2065	1	1	0	352	2008
2066	1	2	120	339	2008
2067	1	2	111	337	2008
2068	2	2	106	342	2002
2069	1	1	128	0	2005
2070	1	2	115	333	2008
2071	1	2	112	339	2007
2072	1	2	0	333	2008
2073	1	1	0	351	2008
2074	1	2	118	0	2007
2075	1	1	131	333	2006
2076	1	1	96	345	2009
2077	1	2	111	333	2007
2078	1	1	100	333	2006
2079	1	1	118	345	2009
2080	1	2	111	334	2005
2081	1	2	107	333	2007
2082	1	1	130	0	2007
2083	1	1	117	345	2009
2084	1	1	91	359	2006
2085	2	2	100	0	1999
2086	1	1	129	339	2006
2087	2	2	91	334	2005
2088	1	2	102	0	2008
2089	1	1	111	333	2007
2090	2	0	0	0	0
2091	1	1	125	335	2005
2092	1	1	120	333	2008
2093	1	0	102	0	2005
2094	1	0	0	0	0
2095	1	0	0	0	0
2096	1	2	100	334	2005
2097	1	0	100	344	0
2098	2	0	111	366	2005
2099	2	1	129	0	2004
2100	1	2	102	0	2006
2101	1	2	111	353	2006
2102	1	1	95	348	2008
2103	2	2	102	339	2005
2104	1	1	112	332	2007
2105	1	1	121	0	2007
2106	1	2	129	345	2007
2107	1	2	0	349	2009
2108	1	1	0	351	2009
2109	1	1	0	0	2007
2110	1	1	111	0	2007
2111	1	2	111	337	2008
2112	2	2	111	0	2005
2113	1	2	119	355	2005
2114	1	2	0	351	2009
2115	1	1	0	351	2009
2116	1	2	0	349	2009
2117	2	2	120	335	2005
2118	1	2	111	337	2005
2119	1	0	0	0	0
2120	2	1	130	352	2005
2121	1	1	112	333	2008
2122	1	2	111	329	2006
2123	1	1	130	352	2008
2124	1	2	0	352	2009
2125	1	1	93	333	2005
2126	2	2	0	362	2005
2127	1	2	124	334	2004
2128	1	2	116	343	2007
2129	1	2	100	333	2007
2130	1	2	0	0	2009
2131	1	1	95	333	2006
2132	1	1	0	349	2009
2133	1	2	96	0	2006
2134	1	1	117	0	2005
2135	1	2	0	351	2008
2136	2	1	95	0	2005
2137	1	2	0	349	2009
2138	2	1	111	0	2005
2139	1	1	0	336	2008
2140	2	2	0	0	0
2141	1	1	111	333	2007
2142	1	2	0	0	2010
2143	1	1	124	354	0
2144	1	2	111	331	2006
2145	1	2	95	0	2005
2146	1	1	120	339	2007
2147	1	2	112	339	2006
2148	1	2	117	339	2008
2149	1	2	92	339	2006
2150	1	1	125	333	2007
2151	1	1	0	352	2009
2152	1	2	99	340	2009
2153	2	2	100	0	2004
2154	1	2	0	351	2009
2155	1	1	92	351	2007
2156	4	2	0	0	0
2157	1	2	0	0	2007
2158	1	1	130	333	2006
2159	1	1	131	0	2006
2160	1	2	112	340	2006
2161	1	2	102	351	2007
2162	1	2	115	342	2008
2163	1	1	100	0	2007
2164	1	1	102	333	2008
2165	1	0	0	0	0
2166	1	2	112	349	2009
2167	1	2	102	331	2006
2168	1	2	102	351	2008
2169	1	1	128	331	2006
2170	1	1	91	346	2008
2171	1	1	0	348	2008
2172	2	1	112	0	2005
2173	1	2	0	351	2008
2174	1	1	94	340	2009
2175	1	2	111	328	2008
2176	1	2	94	327	2007
2177	1	1	131	0	2007
2178	1	1	120	333	2007
2179	1	1	102	339	2007
2180	1	1	111	348	2009
2181	2	1	131	0	2005
2182	1	1	95	352	2009
2183	1	2	111	0	2007
2184	2	1	130	0	2005
2185	1	1	100	333	2007
2186	1	1	0	352	2009
2187	1	1	130	0	2008
2188	1	1	129	331	2007
2189	1	1	0	328	2008
2190	2	1	95	0	2004
2191	2	1	94	0	2005
2192	1	2	112	347	2008
2193	1	2	115	345	2007
2194	2	1	111	0	2003
2195	1	0	111	339	0
2196	1	1	111	333	2006
2197	1	2	111	343	2005
2198	1	1	103	351	2009
2199	1	2	0	333	2008
2200	1	2	102	0	2006
2201	2	2	120	333	2003
2202	1	1	104	333	2008
2203	2	2	125	331	2005
2204	1	1	112	328	2008
2205	1	2	111	333	2006
2206	1	2	111	347	2007
2207	1	2	100	339	2006
2208	1	2	0	327	2008
2209	1	1	0	345	2009
2210	1	1	120	331	2006
2211	1	2	100	339	2007
2212	1	2	115	349	2009
2213	1	1	0	352	2009
2214	4	0	0	0	0
2215	1	0	94	352	2008
2216	1	0	0	0	0
2217	1	2	111	349	2009
2218	2	2	93	0	0
2219	1	1	0	345	2009
2220	2	2	100	0	2003
2221	1	2	102	339	2008
2222	2	0	0	0	0
2223	1	1	0	340	2009
2224	2	2	99	331	2005
2225	1	1	130	340	2009
2226	1	1	0	345	2009
2227	1	1	0	0	2006
2228	1	1	0	351	2009
2229	1	2	0	348	2009
2230	2	2	0	353	2003
2231	1	2	123	360	2009
2232	1	1	102	354	2006
2233	1	1	131	0	2007
2234	1	2	119	345	2007
2235	1	1	0	331	2008
2236	1	1	115	334	2006
2237	1	1	111	333	2007
2238	1	1	91	343	2008
2239	1	1	95	352	2009
2240	1	2	0	349	2009
2241	1	1	103	348	2009
2242	1	2	0	0	2009
2243	2	1	102	0	2004
2244	1	1	95	340	2009
2245	1	2	112	355	2006
2246	1	1	0	0	2009
2247	1	2	92	339	2007
2248	1	1	121	331	2007
2249	1	2	0	349	2009
2250	1	1	0	333	2008
2251	1	0	92	342	2008
2252	2	1	91	0	2003
