id	status	gender	major	dorm	year
1	1	1	289	88	2005
2	1	1	249	0	2006
3	1	2	264	93	2007
4	2	1	277	0	2005
5	1	1	242	88	2007
6	1	2	242	89	2008
7	1	1	262	87	2009
8	1	2	251	93	2006
9	1	1	275	0	2006
10	1	2	254	94	2006
11	1	2	251	90	2007
12	1	2	266	0	2007
13	1	0	0	0	0
14	1	2	251	96	2006
15	1	1	0	86	2009
16	1	1	242	93	2007
17	2	2	248	0	2005
18	1	1	279	86	2008
19	1	1	236	96	2007
20	1	2	242	87	2008
21	1	0	279	88	2008
22	1	0	284	0	2007
23	1	1	0	0	2006
24	1	1	242	86	2009
25	1	1	262	91	2007
26	1	0	0	0	0
27	1	1	271	0	2007
28	1	1	278	87	2009
29	1	1	266	87	2008
30	1	2	284	90	2007
31	1	1	284	0	2008
32	1	1	236	95	2008
33	2	1	290	0	2005
34	1	2	251	0	2006
35	2	1	238	0	2004
36	1	1	291	93	2007
37	1	1	284	93	2007
38	1	2	283	86	2009
39	1	1	291	91	2007
40	1	2	248	0	2006
41	1	2	284	86	2009
42	1	1	283	88	2007
43	1	2	0	87	2009
44	1	1	249	86	2009
45	1	2	251	93	2005
46	2	1	262	0	2005
47	2	1	238	0	2005
48	2	1	283	0	2005
49	2	1	254	0	2004
50	1	2	0	86	2009
51	1	2	281	87	2008
52	1	2	289	86	2009
53	1	1	0	96	2007
54	1	0	264	0	2006
55	5	1	278	0	2005
56	4	0	0	0	0
57	1	1	268	86	2009
58	1	1	284	0	2007
59	1	1	0	87	2009
60	1	2	0	86	0
61	1	1	278	96	2007
62	1	1	289	93	2007
63	1	1	0	95	2008
64	1	1	264	91	2007
65	2	2	0	92	2002
66	1	2	235	0	2006
67	1	1	283	88	2007
68	1	2	283	91	2007
69	1	2	240	90	2008
70	1	2	266	88	2008
71	1	2	0	0	0
72	1	2	251	0	2007
73	1	1	0	0	2007
74	2	0	0	0	0
75	1	1	249	86	2009
76	1	1	236	93	2007
77	4	0	0	0	0
78	1	1	238	0	2006
79	1	1	0	87	2008
80	1	1	291	93	2007
81	1	1	275	91	2007
82	1	1	251	93	2007
83	1	1	0	0	2008
84	1	2	245	88	2008
85	1	2	257	0	2006
86	1	1	284	86	2008
87	1	1	289	87	2007
88	1	2	274	0	2005
89	1	1	240	88	2008
90	1	2	283	91	2007
91	1	2	251	86	2008
92	1	1	0	86	2009
93	1	1	283	88	2008
94	1	0	0	0	0
95	1	0	0	0	0
96	1	1	0	89	0
97	1	1	254	93	2007
98	4	0	0	0	0
99	1	2	0	86	2008
100	1	2	240	95	2007
101	1	0	0	86	2008
102	1	2	264	0	2006
103	1	2	270	94	2008
104	1	1	262	95	2008
105	1	1	0	86	2009
106	1	2	0	86	2009
107	2	1	274	0	2005
108	1	1	0	86	2009
109	1	2	283	90	2007
110	2	2	275	0	2003
111	1	1	270	0	2006
112	1	1	242	86	2008
113	1	1	251	91	2006
114	1	1	283	93	2007
115	1	0	0	0	0
116	1	2	266	93	2006
117	1	1	251	92	2006
118	1	1	251	86	2009
119	1	2	0	0	2009
120	1	2	283	93	2006
121	1	2	291	93	2007
122	1	1	284	90	2008
123	5	1	278	0	2006
124	2	1	236	0	2004
125	1	1	0	0	0
126	1	2	257	0	2006
127	1	1	266	87	2009
128	1	2	0	86	2009
129	1	0	0	0	0
130	1	2	264	86	2008
131	4	0	0	0	0
132	1	1	247	86	2008
133	2	2	251	0	2004
134	1	1	283	87	2009
135	5	2	283	0	2004
136	1	1	249	86	2009
137	2	1	251	94	2003
138	1	1	236	0	2007
139	1	1	239	0	2009
140	3	2	291	0	0
141	1	1	0	86	2004
142	2	1	251	0	2002
143	2	1	279	0	2003
144	1	2	262	88	2008
145	1	2	283	94	2006
146	1	2	0	0	2009
147	1	1	242	88	2008
148	1	2	283	92	2005
149	1	1	283	0	2006
150	1	2	248	0	2005
151	1	2	283	90	2008
152	1	0	0	0	0
153	1	2	264	0	2007
154	2	1	0	0	2004
155	1	1	251	88	2007
156	1	0	0	0	0
157	1	0	0	0	2006
158	2	1	242	0	2004
159	2	1	0	0	2005
160	1	1	0	88	2008
161	1	1	247	87	2007
162	2	2	264	0	2003
163	1	1	238	0	2006
164	1	1	242	93	2007
165	1	1	236	0	2007
166	2	2	251	0	2004
167	1	2	0	86	2009
168	1	2	244	90	2008
169	5	2	251	0	2007
170	1	1	238	87	2009
171	2	2	278	0	2005
172	1	2	242	87	2009
173	1	1	254	86	2008
174	1	2	243	86	2009
175	1	2	246	96	2007
176	2	1	284	0	2005
177	1	1	279	0	2007
178	2	2	284	0	0
179	1	2	283	0	2006
180	1	2	0	87	2008
181	2	2	251	0	2005
182	1	2	0	86	2009
183	1	1	289	88	2007
184	1	1	264	88	2008
185	1	2	0	0	2006
186	1	1	279	88	2008
187	1	1	0	90	2008
188	1	1	279	90	2008
189	1	1	279	0	2006
190	1	2	0	90	2007
191	1	2	0	86	2009
192	1	2	292	0	2006
193	1	1	284	88	2008
194	1	2	291	0	2005
195	2	2	284	0	2002
196	2	1	277	0	2004
197	2	2	264	0	2004
198	2	1	289	92	2005
199	2	0	0	0	0
200	1	2	284	0	2006
201	2	1	284	0	2005
202	1	2	264	86	2009
203	1	1	0	96	0
204	1	1	0	88	2008
205	1	2	0	87	2009
206	2	2	243	0	0
207	1	2	280	86	2008
208	1	1	266	88	2008
209	5	0	0	0	0
210	1	2	0	86	2009
211	1	1	278	88	2007
212	1	2	240	90	2007
213	1	2	238	0	2006
214	5	1	244	0	2005
215	1	2	254	92	2006
216	1	2	262	87	2009
217	1	1	264	90	2008
218	2	1	251	0	2003
219	1	2	251	93	2006
220	1	2	283	87	2009
221	1	2	0	86	2009
222	1	1	0	86	2009
223	1	2	0	88	2008
224	1	1	242	0	2006
225	2	2	248	93	2003
226	1	1	0	88	2008
227	1	2	0	86	2009
228	2	2	278	0	2005
229	1	0	0	0	0
230	1	1	284	0	2006
231	2	2	264	0	2004
232	1	2	239	86	2008
233	1	1	289	89	0
234	1	1	238	89	2008
235	1	1	281	0	2005
236	2	1	254	0	2001
237	1	1	242	88	2007
238	2	1	278	0	2004
239	2	0	0	0	2005
240	1	1	242	94	2007
241	2	2	268	0	2005
242	1	0	0	0	0
243	2	0	0	0	0
244	2	1	0	0	2004
245	1	0	0	90	0
246	1	1	284	88	2008
247	2	1	289	0	2004
248	1	2	242	87	2009
249	1	2	251	93	2007
250	2	2	251	0	2005
251	1	1	277	87	2008
252	1	2	281	92	2006
253	1	1	238	93	2006
254	2	0	0	0	0
255	1	0	0	0	0
256	1	2	266	92	2006
257	2	1	254	0	2005
258	1	0	266	87	2008
259	1	1	264	91	2007
260	1	1	0	89	2008
261	1	1	284	91	2007
262	1	1	284	87	2009
263	1	0	0	0	0
264	1	1	273	89	2008
265	1	1	284	87	2009
266	1	1	271	0	2006
267	1	2	0	86	2005
268	2	1	259	0	2004
269	1	2	283	0	2007
270	1	1	0	88	2008
271	1	1	238	92	2006
272	1	1	266	93	2007
273	1	1	262	88	2008
274	1	1	240	87	2008
275	1	2	242	86	2009
276	1	1	0	86	2009
277	1	2	0	0	0
278	1	1	266	0	2007
279	1	1	251	0	2009
280	1	1	254	94	2006
281	1	1	0	86	2009
282	1	1	250	86	2009
283	1	1	0	86	2009
284	1	1	0	87	2009
285	1	1	266	89	2008
286	2	2	248	0	0
287	1	2	264	92	2006
288	1	2	242	86	2009
289	2	2	251	0	2005
290	1	1	262	87	2008
291	2	2	254	0	2004
292	1	1	242	94	2006
293	2	0	0	0	0
294	1	1	262	96	2006
295	1	1	0	91	2006
296	1	1	262	93	2007
297	2	2	258	0	2005
298	1	1	251	0	2006
299	2	0	264	0	0
300	1	1	279	93	2007
301	1	1	284	90	2008
302	2	1	0	0	0
303	1	2	248	0	2007
304	1	2	0	86	2008
305	2	1	242	93	2004
306	1	2	240	86	2009
307	1	2	264	87	2009
308	1	1	0	86	2009
309	1	1	254	0	2007
310	1	2	283	0	2007
311	1	1	240	86	2009
312	1	1	257	0	0
313	2	2	251	0	2004
314	1	1	274	86	2009
315	1	2	0	87	2009
316	1	1	284	93	2006
317	1	2	280	0	2008
318	1	1	266	0	2007
319	2	2	251	93	2005
320	2	2	251	0	2004
321	1	2	0	0	0
322	1	2	284	0	2006
323	1	0	0	0	0
324	1	2	264	89	2007
325	2	1	257	0	2005
326	1	2	283	88	2008
327	4	1	0	0	0
328	1	2	283	89	2008
329	2	1	242	0	2004
330	1	1	289	93	2006
331	1	1	281	0	0
332	1	1	249	87	2009
333	1	2	0	87	2009
334	1	1	0	0	0
335	1	1	283	93	2007
336	1	1	256	0	2007
337	1	2	0	0	2009
338	4	1	249	96	2004
339	1	1	266	88	2008
340	1	2	0	87	2009
341	1	2	0	87	2009
342	1	1	266	87	2009
343	2	1	236	0	2005
344	1	2	0	87	2009
345	1	1	284	87	2009
346	1	1	284	86	2009
347	1	2	242	86	2008
348	1	2	0	86	2008
349	1	1	271	0	2007
350	1	1	0	0	2007
351	1	2	0	86	2008
352	1	0	0	0	0
353	2	1	284	0	2005
354	1	2	266	0	2007
355	2	2	280	0	1973
356	1	0	0	0	0
357	1	1	0	88	2007
358	1	1	284	93	2006
359	1	0	251	86	2008
360	1	2	284	0	2009
361	2	2	236	0	2004
362	1	1	274	0	2006
363	1	1	0	87	2009
364	1	1	278	88	2008
365	2	2	291	0	2005
366	2	1	250	92	2005
367	1	1	289	0	0
368	1	2	254	88	2007
369	1	1	254	90	2008
370	1	1	266	86	2008
371	1	1	254	93	2007
372	2	1	283	0	2005
373	1	1	262	92	2006
374	1	2	291	86	2009
375	1	0	0	0	0
376	2	1	283	0	2005
377	2	1	262	0	2005
378	1	2	264	0	2006
379	1	1	266	86	2009
380	1	2	241	93	2007
381	1	2	240	89	2008
382	2	2	241	0	2005
383	2	2	248	0	2004
384	1	2	0	0	0
385	1	2	283	88	2008
386	1	1	284	89	2008
387	1	1	0	90	2008
388	1	2	264	89	2008
389	2	2	254	0	2004
390	1	1	240	87	2009
391	1	2	264	0	2007
392	1	2	251	89	2008
393	1	1	242	93	2007
394	1	2	0	87	2009
395	1	1	238	94	2007
396	1	2	284	0	2007
397	1	2	291	88	2008
398	1	2	266	0	2006
399	1	2	283	88	2009
400	1	1	278	93	2007
401	2	2	236	88	2003
402	2	1	259	0	2005
403	1	1	279	89	2008
404	1	1	289	0	2005
405	1	1	284	93	2006
406	1	1	266	89	2008
407	1	0	0	0	0
408	1	1	266	0	2006
409	1	1	281	86	2006
410	1	1	236	92	2006
411	1	1	259	0	2007
412	1	1	266	88	2007
413	1	1	283	92	2006
414	1	1	284	96	2007
415	5	1	252	0	0
416	1	1	264	86	2009
417	2	1	251	0	2005
418	1	2	0	88	2008
419	2	1	278	0	2004
420	1	2	277	86	2009
421	1	1	264	86	2008
422	1	1	283	86	2008
423	1	2	248	95	2008
424	1	2	0	86	2009
425	1	1	254	94	2007
426	1	2	240	86	2009
427	1	2	292	92	2005
428	1	2	248	94	2006
429	2	2	289	0	2003
430	1	1	0	0	2007
431	1	1	251	87	2009
432	2	1	243	0	2005
433	1	0	0	0	0
434	1	2	284	87	2009
435	1	1	0	87	2009
436	2	1	283	0	2005
437	1	2	254	0	2007
438	1	2	238	86	2009
439	1	1	275	0	2008
440	1	2	242	86	2008
441	1	0	251	0	0
442	1	1	0	87	2009
443	1	2	0	86	2009
444	1	1	266	96	2009
445	1	2	240	90	2008
446	1	1	274	94	2007
447	5	0	0	0	0
448	1	1	277	0	2006
449	1	1	278	86	2009
450	2	1	242	0	2005
451	2	2	283	0	2005
452	1	2	254	90	2007
453	1	1	0	88	2008
454	1	1	0	0	0
455	1	1	0	93	2007
456	1	2	0	86	2009
457	2	2	251	0	2005
458	1	2	254	87	2009
459	1	2	251	0	2008
460	2	2	254	0	2005
461	1	0	279	0	2006
462	1	1	0	88	2008
463	1	1	254	0	2006
464	1	2	251	0	2005
465	1	1	264	0	2007
466	1	1	239	0	2007
467	1	1	283	93	2006
468	1	1	283	86	2009
469	2	1	238	0	2005
470	2	2	289	0	2005
471	1	1	0	86	2009
472	2	2	277	0	2005
473	1	2	283	0	2007
474	1	2	264	93	2007
475	1	2	251	93	2005
476	2	2	289	0	2004
477	2	1	251	0	2004
478	1	1	0	86	2009
479	1	1	284	87	2009
480	1	1	242	87	2009
481	2	1	251	0	2004
482	2	1	236	0	2004
483	2	0	0	0	0
484	1	1	254	0	0
485	1	2	0	87	2009
486	2	1	284	0	2005
487	1	1	242	96	2006
488	1	2	284	86	2006
489	1	1	291	0	2006
490	1	1	284	91	2007
491	1	1	278	88	2008
492	1	1	283	0	2007
493	1	1	279	93	2006
494	1	0	254	0	2006
495	1	2	244	87	2005
496	1	1	266	93	2006
497	1	1	0	86	2008
498	1	2	251	96	2005
499	1	1	0	87	2009
500	1	2	251	90	2008
501	2	2	248	0	1999
502	1	2	282	87	2009
503	1	1	264	89	2008
504	1	2	254	0	2006
505	1	1	284	90	2008
506	1	2	283	0	2006
507	1	1	283	0	2006
508	1	1	251	90	2007
509	2	1	252	0	2003
510	1	1	283	0	2007
511	2	1	242	0	2004
512	1	1	238	88	2008
513	1	2	292	87	0
514	1	2	248	96	2007
515	1	1	264	90	2008
516	2	2	244	0	2005
517	1	1	236	91	2007
518	1	2	251	88	2008
519	1	0	0	0	0
520	1	1	0	0	2009
521	1	1	283	0	2009
522	1	0	0	0	0
523	2	1	0	0	2003
524	1	1	0	87	2008
525	2	1	279	0	2005
526	1	2	251	94	2006
527	1	1	259	93	2006
528	1	1	242	93	2007
529	1	1	0	94	2008
530	2	1	264	0	2005
531	1	1	236	93	2006
532	1	2	0	86	2009
533	2	2	283	92	2005
534	1	1	283	87	2009
535	1	1	284	0	2006
536	1	2	251	87	2009
537	1	1	289	0	2006
538	1	0	0	0	0
539	1	2	240	88	2008
540	1	1	0	87	2009
541	2	2	246	88	2002
542	1	2	278	0	2007
543	1	2	0	87	2009
544	1	1	264	0	0
545	1	1	242	88	2007
546	1	1	238	90	2007
547	3	0	292	0	0
548	1	1	254	93	2006
549	1	2	251	0	2008
550	1	1	251	0	2007
551	1	1	284	88	2008
552	1	1	284	87	2009
553	1	2	251	92	2006
554	2	2	284	0	2005
555	2	1	0	0	2004
556	2	1	251	0	2004
557	4	2	0	0	0
558	1	1	259	88	2008
559	2	1	0	0	2005
560	1	0	0	0	0
561	2	2	284	0	2005
562	1	2	0	88	2008
563	1	1	266	0	0
564	2	1	283	0	2005
565	2	1	279	0	2003
566	1	1	266	0	2007
567	1	2	282	88	2007
568	2	2	242	88	2002
569	2	2	248	0	2004
570	1	2	251	0	2006
571	4	1	0	0	0
572	1	1	266	87	2009
573	5	2	282	0	0
574	1	2	251	96	2007
575	2	2	251	0	2004
576	1	1	284	87	2008
577	1	2	281	0	2006
578	1	1	282	88	2008
579	1	2	0	87	2009
580	1	2	283	0	2006
581	2	1	251	93	2005
582	1	1	251	92	2006
583	1	2	251	0	2007
584	1	1	284	88	2008
585	1	2	279	0	2009
586	5	2	243	0	2004
587	1	1	283	87	2009
588	2	2	254	88	2004
589	2	2	283	0	2005
590	1	1	264	90	2007
591	1	1	0	89	2008
592	2	1	291	0	2005
593	2	1	251	0	2004
594	1	2	257	0	2006
595	1	1	283	0	2009
596	1	2	244	90	2008
597	2	1	239	0	2003
598	1	1	254	87	2009
599	1	1	236	88	2008
600	1	2	251	94	2005
601	2	2	281	0	2002
602	1	2	291	88	2008
603	5	1	278	0	0
604	1	2	283	86	2008
605	1	1	242	96	2006
606	1	2	251	93	2006
607	1	2	273	87	2009
608	1	1	0	86	2009
609	2	1	292	0	2005
610	1	2	283	93	2007
611	1	1	0	0	2007
612	2	1	238	0	2005
613	1	1	278	91	2007
614	2	0	240	0	2003
615	1	2	283	92	2006
616	2	1	284	0	2005
617	2	1	251	0	2005
618	1	2	283	96	2007
619	1	1	259	88	2008
620	1	2	283	0	2009
621	2	2	251	92	2005
622	1	1	259	0	2006
623	2	2	0	0	0
624	1	1	259	90	2008
625	1	2	240	88	2008
626	2	0	240	0	2004
627	1	0	0	0	0
628	1	2	262	87	2008
629	2	2	0	0	0
630	2	1	279	0	0
631	1	1	291	90	2008
632	1	1	291	88	2008
633	1	1	289	0	2006
634	1	2	251	93	2006
635	1	2	242	88	2008
636	1	1	291	93	2007
637	1	1	289	95	2008
638	1	1	242	0	2006
639	1	1	254	87	2005
640	2	2	240	0	2004
641	1	1	0	0	2007
642	1	0	0	0	0
643	1	2	277	0	2005
644	1	0	266	0	2008
645	1	1	238	91	2007
646	1	1	240	86	2009
647	1	1	262	0	2006
648	1	2	240	0	2008
649	1	2	274	86	2008
650	2	1	284	0	2005
651	1	2	0	89	2008
652	1	0	242	96	2006
653	1	2	251	87	2009
654	1	1	0	0	2009
655	2	2	279	0	2005
656	1	1	262	91	2006
657	1	1	284	91	2007
658	1	1	240	87	2009
659	1	2	284	0	2007
660	1	2	282	89	2008
661	1	2	0	86	2007
662	1	1	283	87	2009
663	1	2	251	0	2007
664	2	2	284	0	2005
665	1	2	0	88	2008
666	1	1	279	86	2009
667	1	1	266	90	2008
668	1	1	0	88	2008
669	1	1	251	94	2006
670	5	2	242	94	2005
671	1	1	0	86	2009
672	1	1	291	86	2009
673	1	1	279	91	2007
674	1	2	262	0	2006
675	1	1	266	88	2008
676	1	2	274	86	2009
677	1	2	264	87	2008
678	1	1	242	86	2009
679	1	1	266	94	2005
680	2	1	251	92	2005
681	1	1	262	86	2009
682	2	1	284	92	2003
683	1	1	245	94	2006
684	1	1	281	0	0
685	1	1	0	0	2009
686	1	2	275	0	2006
687	1	2	0	87	2009
688	1	1	0	86	2009
689	1	1	242	0	2006
690	2	1	242	0	2005
691	2	2	284	0	2005
692	1	1	283	0	2006
693	1	1	242	86	2009
694	1	1	279	86	2009
695	1	2	251	87	2008
696	1	1	283	0	2007
697	2	2	248	0	2005
698	1	2	0	0	2006
699	2	2	281	0	2005
700	1	0	264	94	0
701	1	0	283	0	2007
702	1	1	240	86	2009
703	1	1	284	93	2007
704	1	1	266	87	2009
705	1	1	283	0	0
706	1	1	290	0	2008
707	1	2	251	92	2005
708	2	2	236	92	2004
709	1	1	239	87	2009
710	1	1	289	87	2008
711	1	2	251	93	2006
712	1	1	279	86	2009
713	1	1	251	88	2007
714	2	2	243	0	2005
715	1	1	251	0	2006
716	1	2	236	88	2008
717	1	1	0	88	2008
718	1	2	251	87	2009
719	1	2	251	87	2008
720	1	1	266	86	2009
721	1	2	251	87	2008
722	1	0	262	0	2008
723	1	1	242	91	2006
724	1	2	251	88	2007
725	2	2	283	0	2005
726	1	1	264	93	2007
727	1	1	251	0	2006
728	1	2	0	87	2009
729	1	0	0	0	0
730	1	1	242	86	2009
731	1	2	283	93	2007
732	1	2	244	93	2007
733	1	2	251	91	2007
734	1	1	266	0	2008
735	1	2	242	87	2009
736	1	1	262	90	2008
737	1	2	251	93	2006
738	1	2	0	86	2008
739	1	1	289	88	2008
740	5	1	279	0	0
741	5	2	242	0	0
742	1	0	0	88	2008
743	1	0	266	0	2007
744	1	1	254	88	2008
745	1	2	244	86	2009
746	1	1	239	93	2005
747	1	1	251	0	2006
748	2	1	0	0	0
749	1	1	240	86	2009
750	1	1	274	88	2008
751	2	2	284	0	2004
752	2	0	0	0	0
753	1	1	283	86	2009
754	1	0	0	0	0
755	1	2	251	86	2009
756	1	0	0	0	0
757	1	2	282	86	2008
758	1	2	242	86	2009
759	1	1	244	0	2006
760	1	1	254	87	2009
761	1	2	243	0	2006
762	1	2	243	86	2009
763	2	0	0	0	0
764	1	1	0	86	2008
765	1	2	266	94	2006
766	1	1	254	86	2009
767	1	1	0	87	2008
768	1	1	268	88	2008
769	1	2	251	88	0
770	2	2	283	0	2005
771	1	2	0	0	0
772	1	2	284	87	2009
773	1	2	251	87	2009
774	1	1	242	0	2006
775	2	2	283	96	2004
776	1	1	257	86	2009
777	1	1	284	0	0
778	1	2	278	96	2007
779	1	1	242	86	2009
780	1	1	251	94	2007
781	2	2	283	0	2005
782	1	2	284	86	2008
783	1	2	264	86	2008
784	1	2	251	0	2006
785	1	2	283	87	2009
786	1	1	0	88	2008
787	1	2	282	0	2008
788	1	2	242	92	2006
789	1	1	266	0	2006
790	1	2	283	0	2009
791	1	1	283	93	2007
792	1	1	251	87	2008
793	1	0	0	0	2008
794	1	1	0	89	2008
795	1	1	251	86	2009
796	1	1	289	94	2007
797	1	1	262	91	2006
798	1	1	279	94	2007
799	5	0	0	0	2007
800	1	2	279	94	2006
801	1	2	251	87	2008
802	1	1	0	0	2009
803	1	0	0	0	0
804	1	1	0	87	2009
805	1	2	0	86	2009
806	2	2	284	0	2003
807	1	2	282	94	2008
808	1	2	249	86	2009
809	1	2	251	91	2007
810	1	1	0	0	2009
811	1	1	266	0	2007
812	1	2	252	86	2009
813	1	0	0	0	0
814	1	2	242	88	2007
815	2	2	251	0	2003
816	1	2	277	0	2007
817	1	2	254	91	2007
818	1	2	252	86	2009
819	1	2	251	86	2008
820	1	1	264	0	2006
821	2	1	254	94	2005
822	2	2	254	0	1980
823	2	1	277	0	2005
824	2	2	281	0	2005
825	1	1	284	0	2006
826	1	1	283	0	2006
827	1	1	279	95	2007
828	1	2	238	94	2006
829	1	1	291	86	2009
830	1	0	0	0	0
831	1	1	284	92	2006
832	5	2	266	0	0
833	1	1	236	96	2007
834	2	1	289	0	2005
835	2	2	268	93	2005
836	3	2	281	0	0
837	2	1	289	0	2004
838	1	1	284	96	2007
839	2	2	251	0	2004
840	5	1	284	94	2007
841	1	2	0	86	2009
842	5	0	0	0	0
843	1	2	276	91	2006
844	1	2	0	87	2009
845	1	1	250	87	2008
846	1	1	249	87	2009
847	2	1	251	0	2005
848	1	1	242	96	2006
849	1	2	0	86	2008
850	1	2	0	90	2008
851	1	2	264	93	2007
852	1	1	0	90	2008
853	1	1	0	87	2009
854	1	1	242	89	2007
855	1	1	0	87	2009
856	1	2	284	0	0
857	1	1	283	86	2009
858	1	1	244	88	2008
859	1	2	279	86	2009
860	1	2	251	87	2008
861	1	2	248	0	2008
862	1	2	282	88	2006
863	1	1	279	96	2006
864	2	1	264	0	2004
865	1	1	254	88	2008
866	2	0	0	0	0
867	2	1	264	0	2004
868	1	1	243	93	0
869	1	1	257	0	2007
870	2	1	251	0	0
871	5	1	283	0	0
872	1	2	0	88	2008
873	2	1	281	0	2005
874	1	1	242	88	2008
875	1	1	259	93	2006
876	2	2	283	0	2005
877	1	1	275	86	2009
878	2	1	256	0	2004
879	1	2	0	86	2009
880	2	1	274	0	0
881	1	2	281	96	2006
882	1	2	278	88	2007
883	1	1	283	87	2009
884	1	2	280	88	2008
885	2	2	240	0	2005
886	1	2	243	89	2008
887	1	1	251	94	2006
888	1	1	0	86	2009
889	1	1	242	96	2007
890	1	2	0	87	2009
891	1	2	275	86	2009
892	1	1	275	87	2007
893	1	0	0	0	0
894	1	2	283	92	2006
895	1	1	254	86	2009
896	1	1	284	0	2006
897	1	1	259	88	2007
898	1	2	251	86	2009
899	1	2	242	87	2009
900	1	2	283	92	2006
901	1	1	266	86	2009
902	2	1	242	0	2005
903	2	1	260	92	2003
904	1	1	284	88	2007
905	1	1	242	93	2007
906	2	2	236	0	2005
907	1	2	240	96	2007
908	1	1	279	87	2007
909	1	1	254	93	2007
910	1	1	275	87	2009
911	2	2	251	0	2005
912	1	1	0	89	0
913	1	2	250	86	2009
914	1	2	245	96	2007
915	2	2	281	0	0
916	1	1	0	90	2008
917	1	2	283	93	2006
918	1	0	0	0	0
919	1	1	284	0	2006
920	1	0	290	96	2006
921	1	1	0	0	2006
922	1	2	242	0	2005
923	1	0	0	0	0
924	1	2	262	87	2008
925	1	2	266	93	2007
926	2	1	0	0	0
927	1	2	240	88	2008
928	1	0	242	92	2006
929	1	2	0	86	2009
930	2	1	284	0	2005
931	1	2	279	91	2007
932	1	2	0	87	2009
933	1	2	284	0	0
934	2	1	262	0	2004
935	2	1	289	0	2005
936	1	1	0	87	2009
937	1	1	0	88	2008
938	5	1	238	0	0
939	2	1	236	0	2004
940	1	1	238	93	2006
941	1	1	0	87	2009
942	1	0	239	92	2006
943	1	2	240	0	2007
944	1	1	251	0	2007
945	2	1	238	0	0
946	1	0	0	0	0
947	1	1	242	86	2009
948	2	2	248	0	2005
949	1	1	236	92	2006
950	1	1	244	86	2009
951	1	2	278	91	2006
952	1	1	278	0	2006
953	1	1	242	86	2009
954	1	0	282	0	2007
955	1	2	251	89	2007
956	1	1	0	0	2009
957	5	1	251	0	2006
958	1	1	238	0	2009
959	1	1	240	93	2007
960	2	2	283	0	2004
961	1	0	0	0	0
962	1	1	242	88	2007
963	2	2	254	0	2005
964	1	2	251	91	2007
965	1	1	279	89	2008
966	2	1	264	0	2005
967	1	2	242	0	2006
968	1	2	0	0	2010
969	1	1	283	93	2007
970	1	2	251	90	2008
971	1	1	259	91	2007
972	1	1	236	95	2007
973	1	2	289	94	2007
974	2	2	289	0	2002
975	3	0	264	0	0
976	1	2	240	87	2009
977	1	1	254	94	2008
978	1	1	262	86	2009
979	1	1	289	93	2006
980	1	1	242	91	2006
981	1	2	282	87	2008
982	1	2	283	87	2009
983	2	2	251	0	2003
984	1	1	254	93	2007
985	1	2	251	88	2008
986	1	1	284	92	2006
987	1	2	236	93	2007
988	1	1	239	96	2007
989	5	0	251	0	0
990	1	2	289	92	2006
991	2	1	238	0	2005
992	1	2	240	86	2009
993	2	2	281	0	2005
994	1	2	251	93	2006
995	1	2	242	94	2009
996	1	2	279	86	2009
997	1	2	251	87	2009
998	1	2	251	94	2007
999	1	0	251	0	2006
1000	1	1	242	0	2006
1001	1	1	0	88	2008
1002	1	2	283	0	2006
1003	1	0	292	0	0
1004	1	2	0	86	2009
1005	1	1	266	86	2009
1006	1	0	284	0	2006
1007	2	1	242	0	2005
1008	1	2	251	87	2009
1009	1	1	283	0	2008
1010	1	1	283	94	2007
1011	1	2	0	86	2009
1012	1	2	251	96	2005
1013	1	1	262	0	2005
1014	1	1	242	89	2008
1015	2	1	244	0	2005
1016	2	1	284	0	2005
1017	1	2	251	88	2007
1018	1	1	270	0	2009
1019	1	1	291	0	2007
1020	1	1	264	87	2009
1021	2	1	236	0	2004
1022	1	1	0	94	2007
1023	1	2	240	93	2007
1024	1	2	283	0	2007
1025	2	1	0	0	0
1026	1	2	259	89	2007
1027	1	1	0	88	2008
1028	1	2	264	89	2008
1029	2	0	0	0	2005
1030	2	1	236	0	2005
1031	1	2	250	86	2008
1032	1	2	251	0	2006
1033	1	2	0	0	2009
1034	1	1	284	96	2007
1035	1	1	262	93	2007
1036	1	1	264	94	2006
1037	1	0	0	86	2008
1038	5	2	242	0	2005
1039	2	2	251	92	2002
1040	1	2	268	0	2006
1041	1	1	284	0	2006
1042	1	2	281	0	2005
1043	1	2	0	0	2007
1044	1	1	0	86	2009
1045	1	2	251	91	2006
1046	5	2	252	0	0
1047	1	1	281	88	2007
1048	1	2	251	90	2008
1049	2	1	283	0	2005
1050	1	1	0	0	2009
1051	1	1	0	87	2009
1052	2	1	238	0	2004
1053	1	2	251	90	2007
1054	1	1	0	0	2008
1055	1	0	259	0	2008
1056	1	1	274	90	2008
1057	1	2	260	86	0
1058	1	0	0	0	0
1059	2	1	238	0	2003
1060	2	1	284	0	2004
1061	1	2	0	94	2008
1062	2	1	281	0	2005
1063	2	2	284	0	2005
1064	2	1	289	0	2005
1065	1	1	291	86	2009
1066	1	1	279	0	2006
1067	1	1	251	0	2006
1068	1	1	242	88	2007
1069	1	1	262	94	2007
1070	1	2	248	86	2009
1071	2	2	282	0	2005
1072	1	1	0	86	2009
1073	1	2	251	87	2008
1074	2	2	248	0	2004
1075	1	1	238	92	2006
1076	1	1	284	0	2006
1077	1	2	250	87	2009
1078	1	2	0	86	2009
1079	1	2	250	87	2009
1080	1	1	266	0	2007
1081	1	1	242	88	2008
1082	2	1	0	0	2005
1083	1	1	259	94	2005
1084	2	2	278	0	2005
1085	1	2	275	88	2008
1086	1	2	0	88	2008
1087	2	1	242	0	2005
1088	1	2	251	86	2009
1089	1	2	236	93	2007
1090	1	2	0	86	2009
1091	1	1	244	94	2006
1092	1	1	251	94	2006
1093	1	2	242	95	2006
1094	1	1	284	88	2007
1095	1	2	283	86	2009
1096	1	0	0	0	0
1097	1	1	283	0	2007
1098	1	0	0	0	0
1099	1	2	264	93	2007
1100	1	2	272	90	2007
1101	1	1	274	96	2006
1102	1	1	284	88	2007
1103	1	2	262	86	2008
1104	1	2	241	94	2009
1105	1	2	251	90	2007
1106	1	2	283	0	2008
1107	1	2	0	86	2009
1108	4	0	0	0	0
1109	1	0	0	0	0
1110	1	1	236	91	2007
1111	1	1	292	91	2007
1112	2	2	282	0	2005
1113	5	1	251	0	0
1114	1	2	284	89	2008
1115	1	1	0	87	2009
1116	1	2	283	87	2009
1117	1	1	0	86	0
1118	1	2	249	88	2008
1119	2	1	0	0	2007
1120	2	2	242	0	2004
1121	1	1	284	94	2007
1122	1	1	242	91	2007
1123	1	2	236	93	2007
1124	1	0	239	0	2006
1125	1	1	242	88	2008
1126	1	2	284	89	2007
1127	1	1	278	0	2006
1128	1	1	291	87	0
1129	1	1	245	96	2007
1130	1	1	292	91	2007
1131	2	2	284	0	2005
1132	1	2	251	86	2009
1133	1	1	266	90	2007
1134	2	2	283	0	2005
1135	1	1	0	88	2008
1136	2	1	283	0	2005
1137	1	1	0	86	2009
1138	2	1	289	0	2005
1139	1	2	251	88	2007
1140	1	1	262	88	2008
1141	5	1	259	0	0
1142	2	1	242	0	2005
1143	1	1	242	0	2006
1144	1	1	283	86	2008
1145	1	2	286	90	2008
1146	1	1	251	0	2007
1147	1	2	291	87	2008
1148	2	1	278	0	2004
1149	1	1	0	86	2009
1150	2	2	240	0	2005
1151	1	1	242	0	2007
1152	1	2	251	88	2008
1153	1	2	251	0	2005
1154	1	1	271	0	0
1155	1	2	283	91	2006
1156	1	2	245	0	2007
1157	1	2	0	87	2009
1158	1	2	251	96	2006
1159	1	1	249	93	2007
1160	1	1	283	0	2009
1161	1	2	254	88	2007
1162	1	2	235	93	2007
1163	1	2	251	86	2008
1164	2	2	256	0	2004
1165	2	2	242	0	2004
1166	1	2	264	87	2008
1167	1	2	279	92	2006
1168	1	1	284	87	2009
1169	1	1	284	0	2006
1170	1	2	248	0	2008
1171	1	1	281	89	2007
1172	1	1	251	91	2007
1173	1	1	291	86	2009
1174	1	2	271	87	2009
1175	2	1	0	0	2005
1176	1	1	253	86	2008
1177	2	1	238	0	2005
1178	2	1	284	0	2003
1179	2	2	236	0	2005
1180	1	2	254	86	2009
1181	1	1	0	88	2008
1182	1	1	0	93	0
1183	2	0	0	0	0
1184	1	1	273	87	2009
1185	2	2	278	0	2003
1186	1	1	251	88	2007
1187	1	1	266	93	2006
1188	1	2	251	88	2007
1189	1	1	279	0	2007
1190	5	0	0	0	0
1191	1	2	275	94	2007
1192	1	1	0	86	2008
1193	1	2	0	0	2009
1194	1	2	242	87	2009
1195	1	2	248	0	2009
1196	1	1	278	0	2008
1197	1	0	0	0	0
1198	1	0	0	0	0
1199	1	1	256	93	2007
1200	1	2	282	92	2005
1201	4	2	0	0	0
1202	1	1	251	89	2008
1203	2	2	254	0	2005
1204	1	2	242	87	2008
1205	2	0	0	0	0
1206	6	0	0	0	0
1207	1	1	266	0	2007
1208	1	2	256	87	2009
1209	1	1	266	0	2008
1210	1	2	240	92	2006
1211	1	2	277	91	2006
1212	2	2	251	0	2005
1213	2	1	283	94	2004
1214	2	0	0	0	0
1215	2	1	283	0	2005
1216	1	2	289	86	2009
1217	1	2	282	87	2008
1218	1	1	0	86	2009
1219	1	1	240	87	2009
1220	3	0	242	0	0
1221	1	1	279	94	2006
1222	1	2	240	86	2009
1223	2	2	236	0	2003
1224	1	0	0	0	0
1225	1	0	0	0	0
1226	1	1	240	87	2008
1227	5	0	0	0	0
1228	1	2	251	87	2009
1229	1	1	284	89	2008
1230	1	0	0	0	0
1231	1	1	284	91	2006
1232	2	0	0	0	0
1233	2	2	248	0	2005
1234	2	1	242	0	2005
1235	1	1	242	0	2006
1236	1	2	251	87	2009
1237	1	2	270	0	2009
1238	1	1	238	87	0
1239	1	1	254	93	2007
1240	1	2	283	0	2006
1241	1	1	0	86	2009
1242	1	2	248	93	2006
1243	1	1	284	88	2007
1244	1	2	240	87	2009
1245	1	1	238	0	2005
1246	1	1	0	86	2009
1247	1	1	281	92	2005
1248	1	2	240	89	2006
1249	1	2	242	93	2007
1250	1	2	247	89	0
1251	2	1	251	92	2004
1252	1	1	291	88	2007
1253	1	1	242	93	2006
1254	1	0	0	0	0
1255	1	2	242	92	2006
1256	1	1	289	87	2009
1257	1	1	244	94	2006
1258	2	1	283	92	2005
1259	2	1	242	0	0
1260	1	2	0	86	2009
1261	1	2	283	94	2006
1262	1	2	0	86	2008
1263	1	2	242	86	2009
1264	1	2	242	93	2006
1265	2	1	262	0	2005
1266	2	2	283	0	2003
1267	1	1	266	94	2006
1268	2	1	0	0	2003
1269	2	2	289	0	2005
1270	1	1	260	88	2008
1271	1	1	279	88	2008
1272	2	2	0	0	0
1273	1	2	283	87	2008
1274	2	2	242	0	2005
1275	2	1	248	0	2005
1276	1	2	242	93	2006
1277	1	1	236	91	2007
1278	1	2	251	90	2008
1279	1	1	259	0	2006
1280	1	1	257	89	2008
1281	1	1	279	87	2009
1282	1	2	242	0	2009
1283	1	2	283	90	2007
1284	1	1	264	86	2009
1285	1	1	284	0	2007
1286	1	2	251	92	2006
1287	1	2	251	91	2007
1288	1	2	251	88	2008
1289	1	2	0	86	2009
1290	1	1	291	86	2009
1291	1	0	280	86	2008
1292	1	0	0	0	0
1293	1	1	251	94	2007
1294	2	1	242	0	2005
1295	1	2	251	86	2009
1296	1	0	0	0	0
1297	1	2	283	88	2008
1298	1	0	0	0	0
1299	2	1	284	0	2005
1300	1	0	259	0	2006
1301	1	1	254	0	2007
1302	2	1	251	0	2005
1303	3	0	0	0	0
1304	1	1	266	93	2007
1305	1	1	0	0	2008
1306	1	2	266	87	2009
1307	2	1	254	0	0
1308	1	2	283	89	2008
1309	1	2	0	86	2009
1310	1	2	238	91	2006
1311	1	1	291	93	2004
1312	2	1	284	0	2005
1313	1	2	260	92	2006
1314	1	0	0	0	2007
1315	1	2	282	90	2007
1316	2	1	273	0	2004
1317	1	0	251	94	2006
1318	1	1	264	89	2008
1319	1	2	249	88	2008
1320	1	1	263	88	2007
1321	2	1	251	0	2004
1322	1	1	242	96	2007
1323	2	0	0	0	0
1324	1	2	0	0	2007
1325	1	1	284	86	2009
1326	1	1	236	0	2005
1327	1	1	255	0	2006
1328	1	2	248	94	2007
1329	1	2	277	89	0
1330	1	1	242	87	2007
1331	1	1	242	94	2008
1332	1	2	0	87	2008
1333	1	1	262	87	2008
1334	1	1	251	93	2006
1335	2	1	242	0	2005
1336	1	1	242	88	2008
1337	1	2	249	86	2009
1338	1	2	0	0	2007
1339	1	2	264	0	2008
1340	1	2	264	88	2008
1341	1	1	240	0	2006
1342	1	1	264	0	2008
1343	2	0	0	0	0
1344	1	2	251	86	2009
1345	1	1	281	94	2007
1346	2	1	239	0	2005
1347	2	1	279	0	2005
1348	2	1	284	0	2005
1349	1	1	0	86	2009
1350	2	1	251	0	2005
1351	2	1	259	0	2005
1352	1	1	236	87	2008
1353	1	0	0	0	2006
1354	1	0	242	93	2007
1355	1	2	0	86	2009
1356	1	2	242	93	2007
1357	1	2	279	93	2007
1358	1	1	266	93	2007
1359	1	1	264	88	2008
1360	1	2	248	93	2007
1361	1	2	274	0	2006
1362	1	1	239	0	2006
1363	1	1	239	89	2008
1364	1	2	236	91	0
1365	5	1	242	0	2006
1366	1	2	266	94	2007
1367	1	1	289	87	2005
1368	1	2	283	88	2006
1369	1	1	266	94	2007
1370	1	2	250	87	2009
1371	1	2	242	91	2006
1372	1	1	262	87	0
1373	2	1	242	0	2005
1374	1	1	251	88	2007
1375	1	1	236	90	0
1376	1	1	283	95	2007
1377	2	1	264	0	2005
1378	1	2	0	90	2007
1379	1	2	251	0	2006
1380	2	1	268	0	2005
1381	1	2	0	95	2008
1382	1	2	283	86	2009
1383	1	1	284	88	2008
1384	1	1	244	86	2009
1385	1	2	291	0	2008
1386	2	1	236	0	2005
1387	1	2	251	87	2007
1388	1	2	251	96	2006
1389	2	1	239	0	2003
1390	1	2	0	87	2009
1391	1	1	259	87	2009
1392	3	2	275	0	0
1393	5	1	259	0	2004
1394	1	1	242	89	2008
1395	1	1	266	88	2008
1396	2	1	291	0	2004
1397	1	1	251	95	2008
1398	1	2	242	90	2007
1399	3	2	286	0	0
1400	1	2	262	88	2008
1401	1	1	283	0	2006
1402	1	2	254	0	2007
1403	1	2	0	93	2010
1404	1	1	0	88	2008
1405	1	2	244	93	2007
1406	1	0	0	0	0
1407	1	1	239	93	2007
1408	1	2	283	86	2009
1409	1	0	0	0	0
1410	1	2	0	0	2006
1411	1	2	243	86	2009
1412	1	1	278	95	2008
1413	1	1	0	86	2009
1414	5	2	248	0	2005
1415	1	1	278	87	2009
1416	2	1	284	0	2005
1417	2	1	0	0	0
1418	1	2	242	88	2008
1419	1	0	279	0	2009
1420	1	0	0	0	0
1421	1	1	290	93	2006
1422	5	2	251	0	0
1423	1	0	0	90	0
1424	1	2	243	90	2008
1425	1	2	242	88	2007
1426	1	1	289	94	2007
1427	1	2	243	86	2009
1428	2	1	256	0	2004
1429	2	2	251	87	2005
1430	2	1	262	0	2005
1431	2	1	254	0	2005
1432	1	2	240	91	2006
1433	1	1	0	87	2008
1434	2	2	251	0	2004
1435	1	2	0	89	2008
1436	1	1	277	94	2007
1437	1	2	242	87	2009
1438	2	2	264	92	2005
1439	1	1	0	87	2009
1440	2	2	284	0	2004
1441	1	2	282	87	2009
1442	1	1	251	87	2009
1443	1	1	238	96	2007
1444	1	2	283	94	2007
1445	1	1	0	86	2009
1446	1	2	242	93	2006
1447	1	2	251	88	2007
1448	1	1	281	0	2007
1449	1	1	266	86	2009
1450	1	1	242	87	2008
1451	5	0	0	0	0
1452	1	0	264	94	2006
1453	1	2	238	93	2007
1454	1	2	244	87	2008
1455	1	1	246	87	2007
1456	1	2	284	88	2007
1457	1	2	242	86	2009
1458	2	1	0	0	0
1459	1	1	281	0	2008
1460	1	1	278	0	2007
1461	1	2	242	87	2009
1462	2	2	283	88	2004
1463	1	1	0	0	2009
1464	2	2	264	0	2005
1465	1	1	259	92	2006
1466	1	1	283	86	2009
1467	1	2	279	0	0
1468	1	2	240	88	2008
1469	2	1	236	0	2004
1470	1	1	0	87	2009
1471	2	1	251	0	2004
1472	1	1	278	88	2008
1473	2	1	242	0	2005
1474	1	1	259	88	2008
1475	1	1	262	90	2008
1476	1	2	283	88	2008
1477	1	1	271	91	2007
1478	1	2	254	87	2008
1479	1	1	264	90	2008
1480	2	2	279	0	2004
1481	1	1	236	93	2006
1482	1	1	254	0	0
1483	1	1	252	86	2009
1484	1	1	0	0	2009
1485	1	1	279	87	2009
1486	1	2	262	86	2009
1487	1	1	236	89	2008
1488	1	2	282	87	2009
1489	1	1	262	90	2008
1490	1	1	284	88	2007
1491	1	2	282	0	2009
1492	1	2	248	87	2009
1493	1	2	246	88	2007
1494	2	2	248	0	2004
1495	1	2	0	0	0
1496	1	1	275	96	0
1497	1	1	238	91	2007
1498	1	2	240	87	2008
1499	1	2	248	90	2007
1500	2	1	251	0	2005
1501	2	1	283	0	2004
1502	1	1	285	86	2009
1503	2	0	0	0	2003
1504	2	1	238	0	2005
1505	1	0	0	0	0
1506	1	1	256	0	2006
1507	1	1	278	94	2007
1508	2	1	242	0	2005
1509	6	1	0	96	2007
1510	1	2	282	93	2006
1511	1	1	276	90	2008
1512	1	1	279	88	2008
1513	1	2	251	86	2009
1514	1	1	236	94	2007
1515	1	1	0	88	2008
1516	2	1	242	0	2005
1517	1	1	0	87	2008
1518	1	1	0	88	2008
1519	1	1	242	87	2009
1520	1	2	244	86	2008
1521	1	1	266	91	2007
1522	4	0	0	0	0
1523	1	0	0	0	0
1524	1	2	283	0	2007
1525	1	2	0	89	2007
1526	1	2	0	86	2009
1527	1	1	264	88	2008
1528	1	1	259	94	2005
1529	2	2	251	92	2004
1530	2	1	284	0	2004
1531	1	1	284	87	2009
1532	2	2	289	0	2005
1533	2	2	281	0	2004
1534	1	1	243	94	2005
1535	5	2	275	0	0
1536	1	2	254	96	2007
1537	1	1	291	86	2009
1538	1	1	278	0	2007
1539	1	1	0	86	2009
1540	1	2	282	86	2009
1541	1	1	0	90	2008
1542	1	2	284	0	2006
1543	1	1	236	0	2006
1544	1	2	283	96	2006
1545	2	2	279	0	2005
1546	2	1	0	0	0
1547	1	2	284	93	2007
1548	1	2	240	89	2008
1549	1	1	266	89	2007
1550	1	1	239	91	2007
1551	1	2	0	0	2008
1552	2	1	283	0	2005
1553	1	2	279	86	2005
1554	2	1	251	0	2003
1555	1	1	0	86	2009
1556	1	2	283	94	2006
1557	2	1	0	0	0
1558	5	2	243	0	2006
1559	1	1	259	86	2009
1560	1	0	0	0	0
1561	1	2	264	96	2006
1562	1	1	254	0	2006
1563	1	1	0	87	2008
1564	1	1	251	96	2005
1565	2	0	291	0	1999
1566	1	2	242	93	2007
1567	1	1	0	87	2009
1568	1	1	283	91	2006
1569	1	1	266	86	2009
1570	1	1	284	86	2009
1571	2	2	283	0	2002
1572	1	2	0	87	2008
1573	1	0	0	0	0
1574	1	1	254	0	2007
1575	2	2	244	0	2004
1576	1	1	242	88	2007
1577	1	1	0	88	2008
1578	1	0	0	0	0
1579	1	2	281	86	2009
1580	2	1	0	0	2004
1581	1	1	243	86	2009
1582	1	2	242	0	2007
1583	1	1	275	89	2008
1584	4	1	0	0	0
1585	1	1	251	86	2008
1586	1	1	291	86	2009
1587	1	2	0	0	2007
1588	1	2	281	88	2007
1589	1	2	251	86	2009
1590	5	2	243	0	0
1591	1	1	289	88	2008
1592	2	1	251	0	2005
1593	1	1	251	0	2007
1594	2	2	251	0	0
1595	1	2	251	96	2005
1596	1	1	251	88	2008
1597	1	1	262	94	2006
1598	1	1	264	0	2006
1599	1	0	236	0	0
1600	4	0	0	0	0
1601	1	2	236	88	2008
1602	1	1	281	91	2007
1603	1	1	251	0	2006
1604	1	1	289	94	2008
1605	1	0	0	0	0
1606	1	2	279	88	2008
1607	1	1	242	93	2006
1608	1	1	254	89	2007
1609	1	1	236	92	0
1610	1	1	278	92	2005
1611	1	2	277	0	2005
1612	1	2	283	0	2004
1613	1	2	251	86	2009
1614	1	1	0	86	2008
1615	1	2	280	90	2008
1616	1	2	254	96	2007
1617	2	0	0	0	0
1618	1	1	0	86	2009
1619	1	1	281	86	2009
1620	1	0	0	0	2005
1621	1	2	251	88	2008
1622	1	2	264	96	2007
1623	1	2	281	93	2007
1624	1	2	251	86	2008
1625	1	1	284	86	2009
1626	2	1	0	0	0
1627	1	1	284	89	2007
1628	1	1	266	87	2009
1629	1	0	0	93	2007
1630	1	2	0	87	2009
1631	1	2	283	87	2009
1632	1	1	283	89	2007
1633	1	1	284	86	2009
1634	4	2	0	0	0
1635	1	2	264	86	2009
1636	1	2	242	93	2006
1637	1	1	292	88	2008
1638	1	1	289	88	2007
1639	1	1	283	93	2006
1640	1	0	0	0	0
1641	1	2	248	89	2007
1642	1	2	283	89	2008
1643	1	1	284	0	0
1644	1	1	248	92	2006
1645	1	1	242	87	2009
1646	1	1	251	0	2007
1647	1	0	264	0	2007
1648	1	1	254	0	2006
1649	2	2	254	0	2005
1650	1	1	289	94	2007
1651	1	1	268	96	2006
1652	1	2	242	0	2006
1653	1	1	278	93	2007
1654	1	1	284	0	2007
1655	1	2	0	0	0
1656	2	1	289	94	2003
1657	1	2	284	0	2005
1658	1	2	242	0	2006
1659	2	2	242	94	2005
1660	1	1	283	0	2008
1661	1	2	251	0	2005
1662	1	2	284	0	2005
1663	2	2	251	93	2003
1664	1	0	0	0	0
1665	1	1	251	0	2007
1666	1	1	262	88	2008
1667	1	2	242	93	2007
1668	1	2	240	93	2006
1669	1	1	236	94	2007
1670	1	0	0	0	0
1671	1	1	0	86	2009
1672	1	2	283	0	2007
1673	1	1	251	87	2009
1674	1	1	251	87	0
1675	3	1	259	89	0
1676	2	2	264	0	2004
1677	1	1	0	0	2005
1678	2	2	0	0	0
1679	1	2	264	93	2006
1680	1	1	242	94	2007
1681	1	1	275	0	2008
1682	1	2	283	0	2007
1683	1	1	266	86	2009
1684	1	1	0	86	2008
1685	1	1	249	94	2007
1686	1	2	0	87	2008
1687	1	0	242	0	2006
1688	1	2	284	88	2007
1689	2	1	254	0	2005
1690	2	1	279	0	2005
1691	1	0	254	89	2007
1692	1	1	242	90	0
1693	1	1	0	86	2009
1694	2	0	0	0	0
1695	1	2	259	96	2004
1696	1	0	0	0	0
1697	2	2	284	0	2005
1698	1	0	289	0	0
1699	1	1	242	86	2009
1700	1	1	0	87	2009
1701	1	1	245	0	2009
1702	1	1	254	88	2008
1703	1	2	279	86	2008
1704	1	1	266	86	2009
1705	1	1	0	0	2009
1706	1	2	241	86	2009
1707	1	0	0	0	0
1708	2	2	251	0	2004
1709	1	2	0	86	2009
1710	1	2	274	96	2007
1711	4	1	289	0	2005
1712	1	2	270	87	2008
1713	1	2	240	86	2009
1714	1	1	242	86	2009
1715	2	2	251	0	2004
1716	1	1	282	87	2009
1717	1	2	236	0	2006
1718	2	1	242	0	2004
1719	2	2	238	0	0
1720	1	1	264	96	2006
1721	1	0	0	0	0
1722	1	1	239	86	2009
1723	2	1	256	0	2005
1724	1	1	239	86	2009
1725	1	1	279	94	2006
1726	3	1	262	92	2006
1727	1	1	284	93	2007
1728	2	1	284	0	2005
1729	1	1	238	88	2008
1730	1	2	0	87	2009
1731	2	2	283	0	2005
1732	1	2	0	0	2008
1733	1	0	0	0	0
1734	1	2	277	0	2008
1735	1	1	255	86	2009
1736	1	2	250	0	2007
1737	1	2	251	0	2009
1738	1	1	0	0	0
1739	1	0	0	90	2008
1740	1	0	282	89	2007
1741	2	1	278	0	2004
1742	1	0	0	0	0
1743	1	2	284	86	2008
1744	2	2	264	0	2004
1745	1	2	256	86	2009
1746	5	2	283	0	2006
1747	2	2	291	0	0
1748	2	2	289	86	2004
1749	2	2	252	0	2003
1750	1	1	242	0	2007
1751	1	2	0	0	0
1752	1	2	282	0	2005
1753	1	2	242	93	2006
1754	1	1	289	88	2008
1755	2	2	0	0	2003
1756	2	1	291	0	2004
1757	1	2	251	86	2009
1758	5	2	0	0	0
1759	1	1	239	87	0
1760	2	2	283	0	2005
1761	1	1	284	0	2008
1762	1	2	0	88	2008
1763	1	1	254	86	2009
1764	1	1	254	88	2008
1765	1	1	284	93	2007
1766	1	1	239	86	2009
1767	1	1	249	86	2009
1768	1	1	0	86	0
1769	1	1	242	92	0
1770	1	2	284	91	2007
1771	1	2	279	87	2009
1772	1	1	242	88	2008
1773	1	2	238	89	0
1774	2	1	251	0	2004
1775	2	1	251	0	2005
1776	1	2	0	86	2008
1777	1	1	0	86	2009
1778	2	1	242	0	2005
1779	1	1	284	87	2009
1780	1	0	0	0	0
1781	1	2	279	90	2008
1782	2	1	284	0	2001
1783	1	0	0	0	0
1784	1	2	279	86	2009
1785	1	1	242	96	2007
1786	1	1	266	0	2008
1787	1	2	0	87	2008
1788	2	2	291	0	2004
1789	1	2	0	0	2007
1790	1	2	0	0	2009
1791	1	1	242	87	2009
1792	1	0	264	0	0
1793	2	2	274	94	2005
1794	1	1	278	93	2006
1795	1	1	283	86	2009
1796	2	1	278	0	2004
1797	1	1	0	86	2009
1798	1	1	244	88	2008
1799	1	2	251	0	2006
1800	1	2	0	0	0
1801	1	1	251	0	2006
1802	2	1	242	92	2005
1803	1	2	251	86	2008
1804	1	1	284	88	2008
1805	1	2	283	0	0
1806	1	1	266	87	2009
1807	1	1	242	0	2006
1808	1	1	289	0	2006
1809	1	2	0	0	2007
1810	1	1	284	0	2007
1811	2	1	251	0	2005
1812	1	1	251	0	2005
1813	1	2	264	92	2006
1814	2	1	236	0	2004
1815	1	2	252	87	2009
1816	1	2	273	90	2008
1817	1	1	281	86	2007
1818	2	1	290	0	2004
1819	1	2	284	90	2008
1820	1	1	251	86	2009
1821	1	1	283	86	2009
1822	1	1	283	86	2009
1823	1	2	283	92	2006
1824	1	1	289	0	2007
1825	2	1	284	0	2005
1826	2	1	242	0	2004
1827	1	1	0	87	2009
1828	1	2	251	0	2007
1829	1	2	289	0	2006
1830	1	1	240	93	2007
1831	1	1	239	0	2006
1832	1	1	242	88	0
1833	1	1	242	86	2009
1834	1	0	0	0	0
1835	1	2	251	94	2007
1836	1	1	251	0	2007
1837	2	1	242	0	2005
1838	1	1	0	89	2008
1839	1	1	0	86	2009
1840	1	1	244	86	2009
1841	2	2	242	0	2005
1842	1	0	0	0	0
1843	1	2	251	93	2006
1844	2	1	251	0	2005
1845	1	2	251	96	2007
1846	2	1	289	0	2005
1847	1	2	0	89	2008
1848	1	1	266	91	2007
1849	1	1	0	88	2008
1850	1	1	254	88	2008
1851	1	1	243	0	2008
1852	1	1	283	94	2006
1853	2	1	289	0	2004
1854	1	1	284	0	2007
1855	1	2	242	86	2009
1856	1	1	248	95	2007
1857	2	1	251	0	2005
1858	2	1	236	0	2002
1859	2	1	254	0	2004
1860	1	1	284	0	2006
1861	2	2	242	0	2004
1862	1	1	284	0	2006
1863	1	1	259	90	2007
1864	1	1	282	92	2006
1865	4	1	0	0	0
1866	1	1	0	90	2008
1867	1	1	279	87	2007
1868	1	1	262	88	2008
1869	1	1	284	88	2008
1870	1	1	259	96	2006
1871	1	1	0	87	2009
1872	5	1	278	0	2007
1873	1	1	266	87	2009
1874	2	1	283	0	2005
1875	1	1	0	0	2007
1876	1	2	242	93	2007
1877	1	1	283	87	2009
1878	1	0	0	0	0
1879	1	2	240	86	2009
1880	1	2	264	92	2006
1881	1	2	264	0	2006
1882	1	1	278	93	2007
1883	1	1	0	87	2009
1884	1	1	0	0	2008
1885	1	2	251	0	2008
1886	1	2	0	0	2006
1887	1	2	248	93	2006
1888	1	1	0	86	2009
1889	1	1	283	0	2006
1890	1	1	0	87	2009
1891	1	1	284	92	2006
1892	1	1	236	93	2007
1893	1	2	240	90	2007
1894	1	1	268	91	2007
1895	1	1	236	88	2008
1896	1	2	251	94	2005
1897	2	1	260	0	2005
1898	1	1	264	93	2006
1899	1	1	266	88	2008
1900	1	2	279	90	2008
1901	1	0	0	0	0
1902	2	1	264	0	0
1903	1	1	251	88	2008
1904	1	2	283	86	2009
1905	1	2	251	88	2008
1906	2	2	242	0	2004
1907	1	0	0	0	0
1908	1	2	0	88	2008
1909	2	2	251	0	2005
1910	1	1	284	88	2008
1911	1	2	283	86	2009
1912	1	1	279	87	2009
1913	1	1	284	89	2008
1914	1	1	249	86	2009
1915	1	2	242	86	0
1916	1	2	262	87	2008
1917	1	1	284	0	2007
1918	1	2	262	88	2008
1919	1	2	242	86	2008
1920	5	1	254	92	2005
1921	1	2	240	88	2008
1922	1	1	281	0	2007
1923	1	1	283	96	2006
1924	1	1	279	87	2008
1925	2	1	251	0	2005
1926	1	2	235	88	2008
1927	1	1	242	0	2005
1928	1	0	289	90	2007
1929	1	1	0	86	2009
1930	1	2	242	0	2006
1931	2	1	292	0	0
1932	1	2	251	90	2007
1933	2	1	281	0	2005
1934	1	2	282	0	2009
1935	1	2	240	93	2006
1936	1	0	251	92	2006
1937	1	1	284	93	2006
1938	1	1	283	0	2006
1939	1	1	289	0	2007
1940	2	2	236	0	1959
1941	1	1	0	86	2009
1942	1	2	260	0	2006
1943	1	1	238	96	2006
1944	1	1	0	87	2008
1945	1	2	264	0	2007
1946	1	1	262	87	2007
1947	1	1	290	87	2008
1948	1	2	0	88	2008
1949	1	2	283	93	2007
1950	1	1	284	86	2009
1951	1	2	284	92	2006
1952	2	1	242	0	2005
1953	1	0	0	0	0
1954	2	1	279	0	2003
1955	2	2	251	94	2003
1956	1	1	240	96	2006
1957	2	2	236	0	2005
1958	1	2	251	0	0
1959	2	1	289	0	2004
1960	2	1	251	0	2005
1961	1	1	289	91	2006
1962	2	2	289	0	2003
1963	1	1	0	90	2008
1964	1	2	251	0	2006
1965	1	1	277	86	2009
1966	1	2	236	0	2005
1967	2	2	269	0	2004
1968	1	0	0	0	0
1969	1	1	238	94	2006
1970	2	1	249	0	2005
1971	1	1	254	91	2007
1972	1	1	0	87	2009
1973	1	0	0	0	0
1974	1	1	284	93	2007
1975	1	2	244	88	2008
1976	2	1	278	0	2005
1977	1	1	0	86	2008
1978	2	1	289	0	2005
1979	1	2	0	86	2008
1980	1	2	264	86	2007
1981	1	2	243	87	2009
1982	1	2	264	92	2006
1983	1	2	266	0	2009
1984	1	1	249	87	2009
1985	1	1	291	86	2009
1986	1	2	254	93	2007
1987	1	1	289	88	2007
1988	2	1	242	0	0
1989	1	1	278	0	2010
1990	1	1	284	88	2008
1991	2	2	0	0	2005
1992	1	1	0	87	2009
1993	1	2	0	0	2008
1994	3	2	292	0	2007
1995	1	2	251	91	2006
1996	2	2	291	0	2004
1997	1	2	264	0	2006
1998	2	1	238	0	2005
1999	1	0	254	0	2006
2000	2	2	236	94	2005
2001	1	1	251	88	2008
2002	2	2	242	0	2004
2003	1	1	236	0	2006
2004	1	1	0	87	2009
2005	1	1	242	0	2006
2006	2	1	289	0	2004
2007	1	1	266	90	2007
2008	1	2	279	86	2008
2009	1	1	0	86	2009
2010	1	2	251	87	2009
2011	1	1	284	0	2006
2012	1	1	258	0	2005
2013	2	2	251	0	2005
2014	2	0	251	0	2005
2015	2	2	251	0	2005
2016	1	1	284	88	2007
2017	1	2	265	0	2008
2018	1	2	242	92	2006
2019	2	1	283	0	2005
2020	1	1	238	88	2008
2021	1	1	242	0	2008
2022	1	1	239	93	2007
2023	1	1	239	87	2006
2024	1	1	284	0	2006
2025	1	2	237	90	2008
2026	1	2	242	86	2009
2027	1	2	273	88	2008
2028	1	2	242	89	2008
2029	1	2	275	0	2008
2030	1	1	262	90	2008
2031	1	1	242	0	2009
2032	2	1	251	0	2005
2033	1	1	291	91	2007
2034	1	0	262	91	2007
2035	2	0	0	0	0
2036	1	1	242	0	2006
2037	1	2	283	86	2008
2038	2	2	242	0	2005
2039	1	1	0	86	2009
2040	1	2	275	87	2009
2041	1	1	262	96	2006
2042	1	2	251	0	2007
2043	1	1	284	95	2008
2044	1	2	0	87	0
2045	2	0	275	0	2005
2046	2	2	248	0	2005
2047	1	1	0	88	2008
2048	1	2	242	93	2006
2049	1	1	0	94	2006
2050	2	1	236	0	2004
2051	1	1	251	88	2008
2052	2	1	283	93	2005
2053	1	2	283	87	2009
2054	1	2	281	92	2006
2055	2	2	281	0	2005
2056	3	0	0	0	0
2057	1	1	242	87	2009
2058	1	1	0	86	2009
2059	1	2	242	94	2008
2060	1	1	266	88	2008
2061	1	1	239	0	2007
2062	1	2	251	0	2006
2063	1	2	266	87	2009
2064	1	2	283	87	2007
2065	1	1	238	87	2008
2066	1	2	242	96	2006
2067	1	1	262	88	2008
2068	1	1	284	94	2006
2069	1	2	242	0	2007
2070	1	0	0	0	0
2071	1	1	242	0	2007
2072	2	1	0	0	2005
2073	2	0	0	0	0
2074	1	1	291	93	2007
2075	2	1	0	0	2005
2076	1	2	278	0	2007
2077	1	2	236	0	2006
2078	1	2	281	96	2007
2079	1	0	0	0	0
2080	2	1	279	0	2004
2081	1	1	284	0	2006
2082	2	2	292	0	2004
2083	1	0	251	0	2005
2084	1	2	0	90	2008
2085	2	2	284	93	2005
2086	1	2	251	93	2007
2087	1	1	0	0	0
2088	1	2	242	86	2009
2089	1	1	291	86	2008
2090	2	2	283	0	2003
2091	1	1	264	91	2007
2092	2	0	0	0	0
2093	1	1	251	88	2007
2094	2	0	0	0	0
2095	2	2	251	0	2004
2096	1	2	242	92	2006
2097	2	1	0	0	2004
2098	1	1	266	90	2008
2099	1	1	284	96	2006
2100	2	1	283	0	2004
2101	1	2	251	90	2007
2102	1	2	251	94	2006
2103	1	1	283	92	2006
2104	2	1	258	0	2004
2105	2	1	251	0	2003
2106	1	1	256	86	2009
2107	1	1	0	87	2009
2108	2	2	251	0	2005
2109	2	2	0	0	0
2110	1	2	251	86	2009
2111	1	1	283	88	2007
2112	1	2	242	87	2009
2113	2	2	251	0	2005
2114	2	1	0	0	2001
2115	1	2	251	93	2005
2116	1	2	282	88	2008
2117	1	2	279	87	2008
2118	2	2	282	96	2005
2119	1	2	0	90	2008
2120	2	1	254	0	2005
2121	2	1	251	0	2004
2122	1	0	291	0	0
2123	1	2	248	89	2008
2124	2	1	275	0	2005
2125	1	2	240	87	2008
2126	1	1	266	93	2006
2127	1	0	0	0	0
2128	2	2	282	92	2005
2129	1	1	291	88	2008
2130	1	2	236	0	0
2131	1	0	0	0	0
2132	1	2	251	93	2007
2133	1	2	242	0	2006
2134	1	2	284	88	2007
2135	1	2	251	87	2009
2136	1	2	281	89	2008
2137	1	2	242	93	2007
2138	1	2	242	86	2009
2139	4	0	0	0	0
2140	1	1	251	92	2006
2141	1	1	236	93	2007
2142	2	2	284	0	2005
2143	1	2	281	87	2009
2144	5	2	252	0	2006
2145	1	1	0	86	2008
2146	1	1	0	87	2009
2147	1	2	0	87	2009
2148	1	1	242	92	2006
2149	1	1	283	86	2009
2150	1	0	0	0	0
2151	1	1	284	0	2006
2152	1	2	283	96	2006
2153	2	2	264	93	0
2154	1	2	242	0	2006
2155	2	0	281	0	2005
2156	1	1	262	0	2007
2157	1	2	0	93	2006
2158	1	2	284	88	2007
2159	1	2	284	0	2009
2160	1	2	248	87	2008
2161	1	2	0	90	2008
2162	2	1	283	0	2001
2163	1	1	291	0	2006
2164	1	1	264	96	2007
2165	1	0	251	0	2008
2166	1	2	242	0	0
2167	1	1	242	93	2007
2168	1	1	249	92	2006
2169	2	1	284	0	2004
2170	1	0	0	0	0
2171	2	1	283	92	2005
2172	1	1	242	88	2008
2173	1	2	283	0	2007
2174	2	1	242	0	2004
2175	1	1	262	93	2007
2176	2	1	254	0	2005
2177	1	2	275	87	2009
2178	1	2	251	90	2007
2179	1	1	249	89	2008
2180	1	2	251	86	2009
2181	1	2	262	87	2007
2182	1	1	264	96	2007
2183	1	2	283	93	2006
2184	1	1	0	0	0
2185	1	1	262	87	2009
2186	5	1	251	94	0
2187	1	1	0	87	2009
2188	1	1	283	87	2009
2189	1	1	281	93	2006
2190	1	1	240	93	2007
2191	1	1	242	96	2006
2192	1	2	264	0	2006
2193	2	1	262	0	2005
2194	1	2	281	89	2007
2195	2	0	0	0	2004
2196	1	2	264	86	2009
2197	1	0	0	95	2008
2198	1	2	275	86	2008
2199	1	1	262	0	2007
2200	1	2	264	87	2008
2201	1	0	0	0	0
2202	1	2	251	0	2007
2203	2	0	0	0	0
2204	1	1	0	86	2008
2205	1	1	254	88	2007
2206	1	1	254	94	2007
2207	1	1	284	90	2007
2208	1	2	282	0	2006
2209	2	2	242	0	2004
2210	1	2	284	90	2008
2211	1	2	244	0	0
2212	2	2	283	0	2004
2213	2	1	290	0	2004
2214	1	2	251	86	2008
2215	1	1	0	94	2004
2216	1	2	282	88	2008
2217	1	1	262	89	2008
2218	1	1	251	90	2008
2219	1	0	283	96	2006
2220	1	1	262	88	2008
2221	1	2	0	86	2008
2222	1	2	254	87	2009
2223	1	2	291	88	2008
2224	1	2	0	87	2009
2225	1	1	0	90	2008
2226	1	2	289	0	2007
2227	1	1	283	86	2009
2228	1	1	266	86	2009
2229	2	1	242	0	2005
2230	2	1	257	86	2004
2231	2	1	283	92	2005
2232	1	1	0	0	2009
2233	1	0	0	0	0
2234	1	2	283	86	2009
2235	2	2	242	0	2004
2236	1	1	0	87	2009
2237	2	1	251	0	2005
2238	1	1	0	88	2008
2239	2	2	281	0	2005
2240	1	1	277	93	2006
2241	4	2	0	0	0
2242	1	1	279	0	2006
2243	2	2	0	0	0
2244	1	2	242	90	2008
2245	1	1	266	88	2008
2246	3	0	0	0	0
2247	1	2	283	96	2006
2248	2	2	264	0	2000
2249	2	2	254	0	2005
2250	1	1	236	88	2007
2251	1	2	277	0	2008
2252	1	1	264	96	2007
2253	1	1	0	87	2009
2254	1	1	291	87	2009
2255	1	1	266	88	2007
2256	1	2	283	87	2008
2257	1	1	238	96	2006
2258	1	2	236	0	2007
2259	1	2	0	94	2006
2260	2	0	0	0	0
2261	1	1	283	91	2007
2262	1	2	0	88	2008
2263	2	1	242	0	2005
2264	1	2	245	95	2007
2265	1	2	283	0	2007
2266	1	1	254	87	2007
2267	1	1	292	88	2007
2268	1	1	264	96	2007
2269	1	0	0	0	0
2270	1	2	251	88	2008
2271	1	2	244	86	2009
2272	1	1	291	91	2006
2273	2	0	289	0	2004
2274	1	1	268	0	2007
2275	1	2	240	88	2007
2276	1	1	289	0	2007
2277	1	1	0	86	2009
2278	5	2	251	0	0
2279	1	1	238	0	2006
2280	1	1	254	91	2006
2281	2	1	283	93	2004
2282	1	1	242	0	2006
2283	1	2	251	96	2007
2284	2	1	283	0	0
2285	1	1	284	94	2006
2286	1	0	0	0	0
2287	1	1	263	87	2009
2288	1	1	289	0	2005
2289	2	1	291	0	2004
2290	1	1	291	86	2009
2291	1	1	275	94	2006
2292	2	1	236	93	2003
2293	1	1	262	88	0
2294	1	1	242	0	0
2295	1	2	283	86	2009
2296	1	2	279	90	2007
2297	1	2	251	90	2007
2298	1	1	284	88	0
2299	1	2	264	95	2008
2300	1	1	284	90	2008
2301	1	2	242	88	2008
2302	2	1	254	0	2005
2303	1	0	0	0	0
2304	1	1	283	94	2007
2305	1	1	238	0	2007
2306	1	2	248	96	2007
2307	2	2	251	92	2003
2308	1	1	236	88	2008
2309	1	1	242	92	2006
2310	1	2	251	94	2007
2311	2	1	266	0	2005
2312	2	1	284	92	2005
2313	1	1	284	0	2010
2314	1	2	0	0	0
2315	1	1	283	92	2006
2316	1	2	259	0	2006
2317	2	0	251	0	2005
2318	1	1	242	87	2008
2319	1	1	238	94	2006
2320	2	2	283	0	2005
2321	1	1	266	0	0
2322	2	2	284	0	2005
2323	1	0	254	93	0
2324	1	1	284	95	2007
2325	2	1	242	0	2003
2326	1	1	291	91	2007
2327	1	1	266	86	2009
2328	1	1	283	0	2005
2329	1	1	239	88	2008
2330	1	2	239	91	2006
2331	1	1	0	86	2009
2332	1	2	0	87	2008
2333	3	0	0	0	0
2334	1	1	264	88	2008
2335	1	1	266	0	2006
2336	2	0	0	0	0
2337	1	2	278	93	2006
2338	1	2	0	0	2009
2339	1	1	266	90	2008
2340	2	2	236	0	2005
2341	1	0	0	0	0
2342	1	1	279	88	2008
2343	1	1	283	90	2008
2344	5	1	258	0	0
2345	1	1	262	90	2008
2346	1	1	0	86	2008
2347	1	1	242	87	2009
2348	1	1	283	87	2008
2349	1	1	0	86	2009
2350	1	1	289	0	2006
2351	1	1	289	87	2009
2352	1	2	240	87	2008
2353	2	2	284	0	2004
2354	1	1	277	88	2007
2355	1	2	281	94	2008
2356	1	1	257	0	2006
2357	1	2	251	91	2007
2358	1	2	242	86	2009
2359	1	2	242	0	2005
2360	1	1	283	88	2008
2361	1	1	0	0	2008
2362	1	1	284	93	2007
2363	1	1	238	0	2006
2364	1	1	266	0	2007
2365	1	2	241	93	2006
2366	1	2	251	93	2006
2367	1	2	283	86	2009
2368	1	1	282	89	2007
2369	1	0	0	0	0
2370	1	1	239	0	2006
2371	1	1	262	86	0
2372	1	0	0	0	2010
2373	1	1	240	93	2007
2374	1	0	0	0	0
2375	2	1	291	0	2004
2376	1	1	242	0	0
2377	1	1	0	0	2005
2378	1	1	254	93	2007
2379	1	2	0	0	2009
2380	5	2	243	94	2005
2381	5	1	242	0	2004
2382	1	2	0	0	2009
2383	1	1	284	87	2008
2384	1	2	283	86	2009
2385	1	1	0	88	2008
2386	5	2	282	94	2008
2387	1	1	0	86	2008
2388	1	1	242	93	2006
2389	5	1	242	92	2006
2390	5	2	251	0	2004
2391	1	1	284	87	2009
2392	1	1	279	93	2008
2393	1	1	242	0	2006
2394	1	1	264	0	2007
2395	1	2	238	90	2008
2396	2	1	283	0	2004
2397	1	2	236	0	2007
2398	1	1	250	86	2009
2399	1	1	0	87	2009
2400	1	2	286	87	2009
2401	1	2	266	89	2008
2402	1	1	0	86	2009
2403	1	2	0	86	2008
2404	2	2	251	0	2004
2405	1	1	0	87	2009
2406	2	2	283	0	2004
2407	1	1	274	0	2007
2408	1	1	278	92	2006
2409	1	2	242	88	2008
2410	2	0	0	0	0
2411	1	1	257	88	2008
2412	1	2	242	93	2007
2413	5	2	251	0	2004
2414	1	2	0	88	2008
2415	1	1	284	93	2007
2416	1	2	0	0	0
2417	1	0	266	96	2007
2418	2	0	248	0	2004
2419	1	1	262	91	2007
2420	1	2	282	88	2008
2421	1	2	248	90	2007
2422	2	2	251	0	2004
2423	1	0	0	0	0
2424	1	2	0	86	2008
2425	1	1	275	88	2008
2426	1	1	0	90	2007
2427	1	0	0	0	0
2428	1	2	284	88	2008
2429	1	2	289	87	2008
2430	1	2	251	89	2008
2431	5	2	275	94	2005
2432	1	1	264	96	2007
2433	1	0	0	0	0
2434	1	1	262	90	2008
2435	2	0	0	0	0
2436	2	0	264	0	2005
2437	2	1	278	0	2004
2438	1	1	0	0	0
2439	2	1	283	0	2002
2440	1	1	284	88	2008
2441	1	2	264	93	2006
2442	1	1	284	0	2006
2443	1	2	262	91	2006
2444	2	2	248	0	2003
2445	1	1	284	0	2006
2446	1	1	0	86	2009
2447	1	1	244	95	2007
2448	1	1	251	91	2005
2449	1	2	251	87	0
2450	1	2	251	86	2008
2451	1	2	0	0	0
2452	1	1	242	93	2006
2453	2	1	284	93	2005
2454	1	1	242	0	2007
2455	1	1	266	90	2007
2456	1	2	251	0	2007
2457	2	2	251	0	2001
2458	1	1	251	0	2006
2459	1	1	289	92	2006
2460	1	0	0	0	0
2461	1	1	0	87	0
2462	1	0	0	0	0
2463	1	2	240	96	2006
2464	2	2	251	93	2005
2465	1	2	283	87	2009
2466	2	2	251	0	2005
2467	1	2	283	96	2006
2468	1	2	251	0	2006
2469	1	1	236	93	2006
2470	1	1	284	0	2009
2471	1	0	277	96	0
2472	2	1	278	0	2004
2473	2	0	248	0	0
2474	1	2	283	88	2008
2475	1	1	260	86	2009
2476	1	1	242	0	2007
2477	1	0	0	0	2007
2478	1	1	242	88	2008
2479	1	0	0	0	0
2480	1	2	251	93	2007
2481	1	1	0	88	2008
2482	1	1	284	96	2007
2483	1	2	240	0	2006
2484	1	2	264	90	2008
2485	2	1	239	92	2005
2486	1	2	266	86	2009
2487	1	1	248	0	2006
2488	1	2	275	0	0
2489	1	2	242	0	2006
2490	1	1	284	87	2008
2491	1	1	236	96	2007
2492	1	2	266	86	2009
2493	2	0	0	0	0
2494	1	1	278	86	2008
2495	2	1	236	0	2005
2496	2	1	239	92	2005
2497	1	2	242	88	2008
2498	1	2	283	90	2008
2499	1	2	251	92	2006
2500	1	2	275	0	2007
2501	1	1	284	88	2007
2502	2	2	264	0	2004
2503	1	1	251	94	2006
2504	1	1	264	92	2006
2505	2	2	251	0	2005
2506	1	2	251	92	2006
2507	1	1	259	88	2008
2508	2	0	251	0	2004
2509	2	1	289	0	2004
2510	1	2	291	87	2009
2511	2	1	258	87	0
2512	1	1	242	86	2008
2513	5	2	244	0	2008
2514	1	1	0	86	2008
2515	1	1	239	88	2008
2516	2	1	242	0	2005
2517	2	1	284	0	0
2518	1	2	251	93	2007
2519	1	2	251	94	2006
2520	1	0	0	0	0
2521	1	1	251	88	2007
2522	1	1	289	93	2007
2523	1	2	284	92	2006
2524	1	0	0	0	0
2525	1	1	266	94	2008
2526	1	1	284	86	2009
2527	1	0	0	0	0
2528	1	1	251	94	2007
2529	1	1	284	86	2009
2530	2	1	264	0	2005
2531	2	1	264	0	2005
2532	1	1	261	87	2009
2533	1	1	254	86	2009
2534	2	1	277	0	2004
2535	1	2	251	86	2008
2536	1	1	264	88	2008
2537	1	0	0	0	0
2538	1	1	283	93	2007
2539	2	2	279	0	2004
2540	2	2	274	0	2001
2541	1	1	0	0	2007
2542	1	1	249	87	2009
2543	1	0	0	0	0
2544	1	2	292	0	0
2545	1	1	283	87	2009
2546	1	1	238	93	2007
2547	1	2	266	0	2006
2548	1	1	240	88	2007
2549	1	2	266	0	2006
2550	1	2	251	93	2006
2551	1	1	262	0	2006
2552	2	2	283	93	1999
2553	1	1	235	0	2004
2554	1	1	289	96	2007
2555	1	1	0	87	2009
2556	1	1	273	88	2008
2557	5	2	278	0	0
2558	1	1	268	88	2007
2559	5	0	0	0	0
2560	1	1	289	0	2007
2561	2	2	257	0	2005
2562	1	2	0	88	2008
2563	1	1	0	87	2008
2564	1	1	0	89	2008
2565	1	0	242	94	2008
2566	2	1	284	0	2005
2567	1	2	249	0	2009
2568	1	1	289	93	2006
2569	1	2	266	96	2007
2570	1	1	0	87	2009
2571	1	2	242	86	2009
2572	1	1	266	0	2007
2573	1	2	281	86	2009
2574	1	2	0	0	2008
2575	2	1	242	0	2005
2576	2	1	254	0	2005
2577	1	1	242	94	2007
2578	1	1	242	94	2007
2579	1	1	257	92	2006
2580	1	1	279	93	2006
2581	1	1	284	88	2008
2582	1	2	284	88	2008
2583	1	1	254	88	2008
2584	1	2	274	88	2008
2585	1	1	0	86	2009
2586	2	2	274	94	2005
2587	1	1	0	87	2008
2588	1	1	264	93	2006
2589	1	1	0	86	2009
2590	1	1	240	87	0
2591	2	2	248	0	2002
2592	1	1	282	87	2009
2593	5	2	240	0	0
2594	1	1	242	88	2008
2595	1	2	291	0	2009
2596	1	1	254	0	2006
2597	1	1	284	87	2009
2598	1	1	0	88	2007
2599	1	2	0	0	2009
2600	2	2	251	0	2005
2601	1	1	244	96	2007
2602	1	1	238	0	2007
2603	1	1	251	86	2009
2604	1	1	284	96	2006
2605	1	1	284	88	2007
2606	1	1	0	0	0
2607	1	1	251	93	2006
2608	2	1	262	0	2004
2609	1	1	279	88	2008
2610	2	1	251	0	2005
2611	1	2	283	86	2009
2612	1	2	284	96	2006
2613	1	1	264	88	2008
2614	1	1	291	87	2009
2615	2	1	242	0	2004
2616	1	1	251	88	2008
2617	1	2	0	86	2009
2618	1	0	0	0	0
2619	2	0	251	0	0
2620	1	2	0	0	2007
2621	1	2	244	88	2008
2622	1	1	283	0	2006
2623	2	0	242	0	2005
2624	1	2	0	86	2008
2625	1	1	284	86	2008
2626	1	1	289	93	2007
2627	1	2	238	0	2006
2628	1	1	289	0	2006
2629	2	1	251	0	2004
2630	1	2	251	93	2007
2631	2	1	264	0	2004
2632	1	1	0	0	2006
2633	1	2	0	86	2009
2634	1	2	0	88	2008
2635	1	1	283	87	2008
2636	1	2	243	93	2006
2637	1	2	0	87	2007
2638	1	2	251	86	2009
2639	2	1	289	0	2005
2640	1	1	0	89	2008
2641	1	2	283	86	2009
2642	1	2	0	88	2008
2643	1	0	0	0	0
2644	1	0	291	92	2006
2645	1	2	251	87	2008
2646	1	1	242	86	2009
2647	1	2	251	86	2009
2648	1	1	283	93	2006
2649	1	1	289	0	2005
2650	1	1	0	0	2008
2651	1	1	261	89	2007
2652	1	2	236	0	2008
2653	1	1	283	94	2007
2654	1	2	0	86	2009
2655	1	1	252	88	2007
2656	1	2	0	0	2009
2657	1	2	248	92	2006
2658	2	2	277	0	2004
2659	1	1	0	90	2008
2660	1	1	284	0	2006
2661	1	2	289	92	2006
2662	1	2	0	91	2006
2663	1	2	284	96	2005
2664	1	2	246	96	2007
2665	1	2	0	88	2007
2666	1	2	283	90	2008
2667	2	0	0	0	0
2668	1	1	281	88	2007
2669	2	1	251	92	2005
2670	1	1	0	88	2008
2671	1	1	291	87	2009
2672	1	1	242	92	2006
2673	2	2	248	93	2002
2674	1	1	0	88	2008
2675	1	2	283	0	2006
2676	1	1	262	0	2007
2677	2	2	283	0	2005
2678	1	1	251	87	2009
2679	1	2	0	90	2008
2680	2	1	242	0	2005
2681	2	1	0	0	0
2682	2	2	242	0	2004
2683	1	1	0	95	2008
2684	1	2	251	90	2007
2685	1	1	249	0	2006
2686	2	2	0	0	2005
2687	1	1	284	93	2006
2688	1	2	242	88	2008
2689	1	2	283	90	2008
2690	1	1	242	86	2009
2691	2	0	0	0	0
2692	1	1	266	96	2007
2693	1	1	283	0	2006
2694	1	2	283	96	2006
2695	1	2	284	88	2008
2696	1	0	0	0	0
2697	2	2	281	94	2004
2698	1	1	289	87	2008
2699	1	1	249	88	2008
2700	2	0	0	0	0
2701	2	2	283	0	2005
2702	2	2	292	0	2004
2703	1	2	254	94	2005
2704	2	1	256	0	2005
2705	1	2	0	0	2009
2706	1	1	283	86	2009
2707	1	1	0	86	2009
2708	5	2	243	0	1982
2709	1	2	264	0	2007
2710	1	1	242	86	2008
2711	1	1	0	0	2009
2712	1	0	262	92	0
2713	1	2	0	0	2007
2714	1	2	251	0	2006
2715	2	2	242	0	2004
2716	2	1	264	0	2005
2717	1	0	0	0	0
2718	1	0	279	94	2006
2719	1	1	249	88	2008
2720	1	0	0	0	0
2721	1	2	251	94	2006
2722	1	2	0	0	2007
2723	1	2	251	0	2006
2724	1	1	284	93	2007
2725	2	1	251	0	2005
2726	1	1	289	93	2007
2727	1	1	0	89	2008
2728	1	1	284	87	2009
2729	4	2	0	0	0
2730	1	2	0	87	2009
2731	1	2	240	87	2008
2732	1	1	262	87	2008
2733	1	0	0	0	0
2734	5	2	275	0	2003
2735	1	1	266	0	2007
2736	1	2	236	90	2007
2737	1	1	266	0	2009
2738	1	0	0	0	0
2739	1	1	284	0	2006
2740	5	1	238	0	0
2741	1	1	0	88	2008
2742	1	2	246	86	2009
2743	1	2	242	93	2005
2744	1	2	278	0	0
2745	1	1	262	86	2008
2746	1	0	0	0	0
2747	2	2	241	0	2005
2748	1	2	249	87	2009
2749	1	1	242	0	2005
2750	3	2	278	88	2007
2751	2	2	264	88	2000
2752	1	1	0	86	2009
2753	1	1	291	0	2008
2754	1	1	266	88	2007
2755	1	1	284	95	2007
2756	1	1	264	86	2009
2757	1	2	284	92	2006
2758	2	1	252	0	2005
2759	1	1	249	93	2007
2760	1	2	255	87	2006
2761	1	1	0	87	2008
2762	1	0	0	0	0
2763	1	1	251	96	2006
2764	1	2	0	86	2009
2765	1	1	242	0	2006
2766	1	0	287	0	0
2767	1	1	292	90	2007
2768	1	1	249	86	2009
2769	1	0	0	89	2008
2770	1	1	0	0	2009
2771	1	1	279	88	2008
2772	1	2	264	94	2009
2773	1	2	275	90	2007
2774	1	2	282	90	2008
2775	2	2	291	0	2004
2776	1	2	0	0	2009
2777	2	2	242	0	2005
2778	1	2	251	86	2008
2779	5	1	251	0	0
2780	1	1	284	96	2007
2781	2	2	277	0	0
2782	2	1	0	0	2005
2783	1	1	283	93	2006
2784	1	2	283	0	2006
2785	2	2	291	0	2004
2786	1	1	0	0	2009
2787	1	2	242	93	2007
2788	1	2	0	86	2009
2789	1	1	275	96	2007
2790	1	0	283	0	2008
2791	1	0	0	0	0
2792	1	2	283	0	2006
2793	2	1	242	0	2004
2794	1	1	0	88	2007
2795	2	2	273	0	2005
2796	1	1	0	0	2009
2797	1	0	0	87	0
2798	1	1	242	87	2009
2799	1	1	289	91	2006
2800	1	2	242	86	2006
2801	1	2	283	0	2009
2802	1	2	0	86	2009
2803	1	1	255	86	2009
2804	1	1	0	87	2009
2805	1	1	266	87	2009
2806	1	1	262	92	2006
2807	2	1	256	0	0
2808	1	2	0	90	2008
2809	1	2	0	93	2007
2810	2	1	0	0	2005
2811	2	1	264	0	2005
2812	1	2	251	0	2006
2813	1	2	251	90	2008
2814	1	1	279	90	2008
2815	2	2	281	96	2005
2816	1	2	275	86	2009
2817	1	1	0	0	2009
2818	1	2	262	94	2007
2819	1	1	283	87	2009
2820	1	1	266	96	2007
2821	1	1	251	93	2006
2822	2	0	281	0	2004
2823	1	2	251	88	2008
2824	1	2	251	96	2006
2825	2	1	264	0	2002
2826	1	1	244	87	2009
2827	1	2	264	86	0
2828	1	2	242	88	2008
2829	1	2	279	86	2008
2830	2	1	278	0	2004
2831	1	2	236	0	2006
2832	2	2	289	0	2005
2833	1	1	0	87	2008
2834	2	2	251	0	2005
2835	1	2	251	90	0
2836	2	2	264	96	2005
2837	1	2	283	87	2007
2838	1	2	284	88	2008
2839	1	1	0	0	2005
2840	1	0	251	87	2008
2841	2	0	0	0	0
2842	1	1	284	88	2007
2843	1	2	0	87	2008
2844	1	1	289	96	2006
2845	2	1	284	0	2005
2846	1	2	0	86	2009
2847	1	2	254	0	2007
2848	1	1	0	0	2006
2849	1	2	283	94	2006
2850	1	0	277	87	2008
2851	1	1	251	93	2006
2852	5	1	291	0	2007
2853	1	2	249	86	2009
2854	1	2	289	92	2005
2855	1	0	0	0	0
2856	1	1	0	94	2008
2857	2	0	0	0	0
2858	2	1	289	0	2005
2859	1	1	284	93	2006
2860	1	1	251	96	2006
2861	1	1	236	96	2007
2862	2	1	0	0	0
2863	1	0	283	0	2005
2864	2	2	251	0	2004
2865	1	0	0	0	0
2866	1	2	266	0	2008
2867	2	1	284	0	0
2868	1	2	283	89	2008
2869	1	1	0	90	2008
2870	1	1	242	96	2007
2871	1	1	242	86	2009
2872	1	1	0	86	2009
2873	1	2	264	86	2009
2874	2	2	284	0	2004
2875	1	2	281	93	2007
2876	1	1	242	0	2006
2877	1	1	259	89	2008
2878	1	2	283	88	2007
2879	1	1	264	93	2007
2880	2	2	264	93	2005
2881	1	2	242	93	2006
2882	1	2	283	96	2007
2883	1	1	254	0	0
2884	1	1	251	89	2007
2885	2	1	240	0	2005
2886	1	1	266	88	2008
2887	1	2	251	96	2006
2888	2	1	242	0	2004
2889	1	1	268	96	2006
2890	1	1	266	88	2007
2891	1	0	260	88	0
2892	1	1	266	89	2008
2893	1	2	251	93	2007
2894	1	1	242	96	2006
2895	1	1	240	0	2009
2896	1	2	277	86	2009
2897	2	0	0	0	0
2898	1	1	291	0	2006
2899	2	2	248	0	0
2900	2	1	283	0	2004
2901	1	1	251	91	2006
2902	1	1	0	90	2007
2903	1	2	0	86	2009
2904	1	1	289	90	2008
2905	1	0	264	0	2008
2906	1	2	283	96	2006
2907	1	1	0	86	2009
2908	1	1	279	86	2008
2909	1	2	248	87	2009
2910	2	1	254	0	2004
2911	1	1	0	88	2008
2912	1	2	283	86	2007
2913	1	0	251	88	2007
2914	2	1	251	92	2005
2915	1	1	236	88	2008
2916	1	0	280	93	2006
2917	1	1	0	86	2009
2918	1	2	278	88	2008
2919	2	1	251	0	2005
2920	1	2	262	92	2006
2921	1	1	0	90	2008
2922	1	1	271	93	2006
2923	1	1	284	92	2006
2924	2	1	289	0	2004
2925	1	2	242	88	2007
2926	1	2	0	87	2009
2927	1	1	242	0	2005
2928	1	1	266	0	0
2929	1	1	270	88	2007
2930	1	0	0	0	0
2931	1	2	283	88	2007
2932	1	1	249	94	2006
2933	5	2	251	92	2007
2934	1	2	0	87	2008
2935	1	1	248	86	2009
2936	2	1	0	0	2005
2937	1	1	251	90	2007
2938	1	1	254	0	0
2939	1	1	242	86	2009
2940	1	1	236	93	2007
2941	1	2	266	87	2009
2942	1	1	238	89	2008
2943	1	2	0	87	2009
2944	1	2	236	90	2007
2945	3	2	292	0	0
2946	1	2	248	86	2008
2947	1	2	251	0	2006
2948	1	1	262	0	2007
2949	1	1	284	88	2008
2950	1	2	289	0	2006
2951	1	1	284	87	2009
2952	2	1	236	0	2004
2953	2	1	283	0	2004
2954	1	1	242	88	2008
2955	1	0	242	0	2006
2956	1	1	242	86	2009
2957	2	1	289	0	2005
2958	1	2	243	86	2008
2959	1	1	251	86	2008
2960	1	1	284	87	2008
2961	1	1	0	86	2009
2962	2	0	0	0	0
2963	1	1	279	94	2006
2964	1	2	251	86	2009
2965	1	1	264	86	2008
2966	1	2	275	0	2006
2967	2	1	289	0	2005
2968	1	0	0	0	0
2969	1	2	251	94	2007
2970	1	2	283	90	2008
2971	1	2	0	0	2006
2972	1	1	283	0	2008
2973	1	2	264	0	2007
2974	1	1	288	0	2010
2975	1	0	0	0	0
2976	1	1	251	88	2007
2977	1	1	242	89	2007
2978	1	1	242	87	2009
2979	1	2	0	86	2009
2980	1	1	283	87	2009
2981	1	2	251	91	2007
2982	1	2	243	90	2008
2983	1	2	283	87	2009
2984	1	2	238	90	2008
2985	1	1	281	93	2007
2986	1	2	0	0	2007
2987	1	1	278	88	2008
2988	2	2	248	0	2002
2989	1	1	238	88	2008
2990	4	0	0	0	0
2991	1	2	251	87	2008
2992	1	1	275	87	2009
2993	2	2	283	0	2005
2994	1	2	245	87	2009
2995	1	2	284	0	2006
2996	1	2	244	93	2006
2997	1	2	0	90	2008
2998	1	1	251	91	2007
2999	2	1	236	0	2005
3000	1	2	0	87	0
3001	1	1	252	0	0
3002	1	1	254	91	2007
3003	1	1	238	94	2006
3004	1	1	0	89	2008
3005	1	1	284	87	2008
3006	1	1	289	0	2006
3007	2	1	251	93	2005
3008	1	0	240	91	2007
3009	1	1	0	87	2009
3010	1	1	0	87	0
3011	1	0	237	94	0
3012	2	2	242	0	2005
3013	2	2	264	0	2004
3014	1	2	240	96	2007
3015	1	2	283	93	2007
3016	1	1	242	89	2007
3017	1	0	238	91	2006
3018	1	1	279	91	2006
3019	1	2	283	92	2005
3020	1	2	278	86	2008
3021	1	1	269	88	2008
3022	1	1	0	86	2008
3023	1	2	242	93	2007
3024	1	1	284	90	2007
3025	1	0	0	0	0
3026	2	2	251	0	2004
3027	1	1	284	87	2008
3028	1	2	249	91	2007
3029	1	0	284	90	2008
3030	2	1	254	0	2005
3031	1	1	283	93	2007
3032	2	1	242	92	2005
3033	2	0	0	0	0
3034	1	1	240	93	2007
3035	1	2	268	0	2009
3036	1	1	0	88	2008
3037	2	1	281	0	2005
3038	1	2	283	0	2007
3039	1	1	281	0	2006
3040	2	1	289	0	2002
3041	1	1	260	87	2009
3042	1	1	282	87	2008
3043	1	1	242	0	2007
3044	2	1	239	0	2005
3045	1	1	242	89	2008
3046	1	1	244	89	2008
3047	2	1	242	0	2005
3048	1	1	251	86	2009
3049	2	1	283	0	2004
3050	1	2	0	90	2008
3051	1	1	290	88	2007
3052	1	1	283	0	2009
3053	1	2	281	89	2007
3054	2	1	290	0	2004
3055	1	1	290	93	2006
3056	5	2	243	94	0
3057	3	0	0	0	0
3058	1	2	264	88	2008
3059	1	0	0	0	0
3060	1	1	284	0	2007
3061	1	1	283	90	2008
3062	1	2	266	86	2009
3063	2	2	277	0	1957
3064	4	1	0	0	0
3065	1	1	0	87	2009
3066	1	0	0	0	0
3067	1	2	242	88	2007
3068	1	2	252	87	2009
3069	1	2	281	92	2006
3070	1	1	242	0	2006
3071	1	2	289	91	2007
3072	1	1	242	90	2008
3073	1	0	0	0	0
3074	1	1	262	88	2008
3075	1	1	238	0	2007
3076	1	2	251	86	2009
3077	1	2	259	0	2006
3078	1	1	244	0	2007
3079	1	0	0	0	0
3080	1	2	242	93	2007
3081	1	2	264	0	2007
3082	1	1	251	87	2007
3083	2	2	248	0	0
3084	1	2	251	93	2005
3085	1	1	262	88	2007
3086	1	1	284	88	2006
3087	1	0	0	0	0
3088	1	2	273	0	2009
3089	2	1	259	0	0
3090	2	1	251	0	2004
3091	2	2	283	0	2003
3092	1	1	254	94	2008
3093	1	2	282	90	2008
3094	1	1	0	87	2009
3095	1	1	0	90	2008
3096	1	2	240	94	2005
3097	5	1	251	0	2006
3098	1	1	262	0	2006
3099	1	2	251	96	2007
3100	2	1	289	0	2005
3101	1	2	240	88	2008
3102	1	2	240	0	2007
3103	1	2	279	86	2009
3104	1	1	242	90	2008
3105	1	1	283	87	2009
3106	2	0	251	0	2005
3107	1	0	0	0	0
3108	2	1	239	0	2005
3109	1	2	264	90	2007
3110	2	1	281	0	2004
3111	1	1	251	86	2009
3112	1	1	283	0	2006
3113	2	1	251	96	2005
3114	1	0	266	0	2008
3115	1	0	0	87	0
3116	2	1	264	88	2004
3117	1	2	270	88	2008
3118	1	2	266	87	2009
3119	1	1	283	96	2007
3120	1	2	279	0	2009
3121	1	1	284	88	2008
3122	1	2	264	94	2008
3123	1	2	283	87	2008
3124	5	2	251	0	2008
3125	2	2	242	0	2005
3126	1	1	0	88	2008
3127	1	0	0	0	0
3128	1	2	242	95	2006
3129	1	1	284	0	2007
3130	1	1	283	96	2008
3131	1	1	244	0	2007
3132	1	2	0	87	2009
3133	1	2	251	90	2008
3134	1	0	0	0	0
3135	1	2	0	87	2008
3136	1	1	242	87	2009
3137	1	2	291	86	2009
3138	1	0	266	0	0
3139	1	2	0	90	2004
3140	1	2	264	88	2007
3141	1	2	242	86	2009
3142	1	1	284	94	2006
3143	2	1	236	0	2005
3144	1	2	264	0	2007
3145	1	2	264	96	2007
3146	1	2	283	96	2006
3147	1	1	251	0	2007
3148	1	1	251	0	2004
3149	1	1	239	92	2006
3150	1	2	263	92	2006
3151	1	2	283	0	2006
3152	1	1	273	87	2009
3153	3	2	279	0	0
3154	1	0	0	0	0
3155	1	1	291	86	2008
3156	1	1	289	96	2006
3157	2	2	248	0	2005
3158	5	2	0	94	2006
3159	1	1	266	0	2007
3160	1	1	283	88	2007
3161	2	2	277	93	2004
3162	1	1	266	0	2006
3163	1	1	254	94	2007
3164	1	1	254	0	2006
3165	1	2	257	0	2006
3166	2	1	283	92	2003
3167	1	1	0	0	2006
3168	1	1	242	87	2008
3169	1	2	248	0	2006
3170	1	0	0	0	0
3171	1	2	251	94	2008
3172	1	2	250	89	2008
3173	1	1	281	88	2008
3174	2	2	243	87	2001
3175	5	1	278	0	2006
3176	1	2	283	94	2006
3177	1	1	240	92	2010
3178	1	1	281	90	2007
3179	2	2	236	0	2004
3180	1	2	248	87	2009
3181	1	2	243	93	2006
3182	1	1	266	87	2009
3183	1	1	252	86	2009
3184	2	2	283	0	0
3185	1	1	262	93	2007
3186	1	1	254	89	2007
3187	5	1	289	0	2005
3188	2	1	283	0	2004
3189	1	2	0	0	0
3190	1	1	0	0	2009
3191	1	1	256	90	2008
3192	1	1	266	88	2007
3193	1	2	240	86	2008
3194	1	2	244	0	2006
3195	2	1	283	0	2005
3196	1	2	277	93	2007
3197	2	0	0	0	0
3198	2	1	249	0	2005
3199	2	2	292	0	1958
3200	1	2	279	86	2009
3201	2	1	242	0	2005
3202	1	1	251	0	2004
3203	1	1	254	95	2008
3204	1	1	251	88	2008
3205	1	0	0	0	2008
3206	1	2	0	86	2009
3207	1	2	0	86	2008
3208	1	2	283	0	2006
3209	1	1	284	90	2008
3210	5	1	283	0	0
3211	1	2	284	0	2009
3212	1	2	251	90	2007
3213	1	1	262	86	2008
3214	1	1	266	92	2006
3215	2	1	284	93	2005
3216	2	2	254	0	2004
3217	1	2	243	86	2004
3218	1	1	251	0	2006
3219	2	1	239	0	0
3220	1	1	242	90	2008
3221	2	1	278	0	2005
3222	1	2	273	86	2009
3223	1	1	264	88	2007
3224	1	1	242	91	2006
3225	1	1	254	95	2008
3226	1	2	264	93	2007
3227	1	1	284	90	2007
3228	1	2	254	86	2007
3229	1	1	282	93	2007
3230	2	2	251	0	2005
3231	1	2	251	86	2008
3232	1	2	0	86	2009
3233	1	1	0	0	2009
3234	1	2	282	0	2006
3235	1	2	259	88	2008
3236	1	2	0	86	2009
3237	1	1	264	96	2007
3238	5	2	282	0	2008
3239	1	1	0	87	2008
3240	1	1	264	90	2007
3241	1	2	283	93	2005
3242	2	0	0	0	0
3243	1	2	277	88	2007
3244	1	2	0	0	2009
3245	1	2	262	86	2008
3246	1	2	0	86	2009
3247	1	2	279	88	2004
3248	1	1	249	88	2007
3249	1	2	236	96	0
3250	1	0	0	0	0
3251	1	1	277	0	0
3252	1	2	236	89	2007
3253	1	2	264	86	2007
3254	1	2	240	91	2006
3255	1	1	264	89	2008
3256	1	1	266	86	2009
3257	1	2	284	86	2008
3258	2	1	251	0	2005
3259	1	2	0	0	2009
3260	1	1	283	88	2008
3261	2	2	0	0	2004
3262	1	2	251	0	2007
3263	1	2	243	87	2009
3264	2	2	279	0	2005
3265	1	1	284	93	2006
3266	1	1	254	0	2005
3267	1	1	279	88	2007
3268	1	1	0	86	2009
3269	2	2	283	92	2005
3270	1	0	0	87	2008
3271	1	1	0	87	2009
3272	2	2	259	0	2005
3273	1	1	279	0	2009
3274	1	1	266	86	2009
3275	1	2	251	0	2006
3276	1	1	284	94	2006
3277	1	2	0	88	2008
3278	2	2	258	0	2004
3279	1	1	278	87	2009
3280	1	2	251	86	2009
3281	1	1	244	89	2008
3282	1	2	0	89	2008
3283	1	1	238	89	2008
3284	1	2	235	0	2006
3285	1	2	279	0	2005
3286	1	0	0	0	0
3287	1	2	0	90	2007
3288	1	1	254	89	2008
3289	1	0	0	0	0
3290	1	1	289	87	2009
3291	1	2	283	90	2007
3292	1	1	0	86	2009
3293	2	2	0	0	0
3294	1	0	0	0	0
3295	1	1	264	88	2008
3296	1	2	264	0	2007
3297	1	0	278	0	2006
3298	1	1	254	0	2006
3299	2	2	283	0	2005
3300	1	1	291	93	2006
3301	1	1	242	95	2008
3302	5	0	0	0	0
3303	2	1	284	0	2005
3304	1	2	264	0	2005
3305	1	2	242	92	2006
3306	2	1	279	0	2004
3307	1	2	277	90	2008
3308	1	1	284	87	2009
3309	1	2	0	0	2005
3310	1	1	283	87	2008
3311	5	0	0	0	0
3312	1	2	251	93	2007
3313	1	0	279	90	2008
3314	1	1	242	96	2006
3315	2	1	251	0	2004
3316	1	0	0	0	0
3317	1	1	289	0	2006
3318	1	1	0	0	0
3319	2	0	0	0	0
3320	1	2	248	90	2008
3321	1	2	283	86	2009
3322	1	1	0	88	2008
3323	2	2	0	0	2004
3324	2	1	266	0	2005
3325	1	2	281	90	2007
3326	1	2	284	0	2006
3327	1	2	251	96	2006
3328	1	1	242	0	2009
3329	2	2	283	0	2005
3330	1	1	249	86	2009
3331	1	1	284	0	2010
3332	1	1	0	87	2009
3333	1	1	264	92	2006
3334	1	1	0	86	2009
3335	2	2	251	0	2005
3336	1	1	242	89	2008
3337	1	2	283	86	2009
3338	1	1	281	0	2006
3339	1	1	284	91	2007
3340	1	2	275	89	2008
3341	1	2	243	86	2009
3342	1	1	259	0	2007
3343	1	1	242	0	2007
3344	1	0	268	0	2008
3345	1	2	275	86	2009
3346	1	0	0	0	0
3347	2	1	284	0	2005
3348	2	2	244	0	2005
3349	2	2	240	92	2003
3350	1	2	242	89	2007
3351	1	1	255	90	2007
3352	1	1	254	0	2007
3353	1	1	284	86	2009
3354	2	1	251	0	2004
3355	1	2	0	86	2009
3356	1	1	282	88	2007
3357	1	1	284	89	2007
3358	1	1	254	0	2006
3359	2	2	283	93	2002
3360	1	2	283	96	2007
3361	1	2	242	87	0
3362	1	2	275	86	2008
3363	5	1	254	0	0
3364	1	1	242	0	2006
3365	1	1	278	0	2009
3366	1	1	248	96	2006
3367	2	0	254	0	2005
3368	1	0	0	0	0
3369	2	1	284	0	2004
3370	4	0	0	0	0
3371	1	2	279	86	2008
3372	2	0	279	0	2005
3373	1	0	0	90	2008
3374	2	2	242	0	2005
3375	1	2	242	89	2008
3376	1	2	254	93	2006
3377	1	1	0	88	2008
3378	1	1	240	87	2008
3379	2	1	289	0	2005
3380	1	1	281	86	2008
3381	1	2	284	86	2008
3382	2	1	251	94	2005
3383	1	1	0	90	2008
3384	1	2	284	90	2008
3385	1	1	238	0	2006
3386	1	0	0	0	0
3387	1	2	279	89	2008
3388	2	1	284	0	2004
3389	1	1	242	94	2007
3390	1	1	275	87	2008
3391	2	2	285	0	0
3392	2	1	284	0	2004
3393	1	0	266	0	2008
3394	1	1	242	94	2008
3395	1	1	279	0	2005
3396	1	2	249	86	2008
3397	2	0	0	0	0
3398	1	2	251	88	2007
3399	1	2	0	86	2009
3400	2	2	251	94	2004
3401	2	1	283	0	2005
3402	1	1	289	94	2006
3403	1	1	251	0	2005
3404	1	1	283	0	2006
3405	1	1	242	86	2009
3406	1	1	279	96	2007
3407	1	2	242	0	2007
3408	1	2	241	87	2009
3409	1	0	238	0	2006
3410	1	2	248	0	2006
3411	1	2	242	94	2005
3412	1	1	0	86	2009
3413	1	1	0	89	2008
3414	2	1	284	0	2005
3415	2	2	275	0	2004
3416	1	1	236	0	0
3417	1	1	289	89	2007
3418	1	0	0	0	0
3419	2	2	281	0	2005
3420	1	2	243	86	2009
3421	5	1	238	0	2007
3422	1	0	0	0	0
3423	1	2	235	0	2010
3424	1	1	283	96	2006
3425	2	1	283	0	2005
3426	5	2	264	0	2004
3427	1	2	0	90	2008
3428	1	1	251	90	2007
3429	1	2	283	86	2009
3430	1	1	242	87	2009
3431	2	2	251	0	2005
3432	1	2	251	94	0
3433	1	2	0	86	2009
3434	2	0	0	0	0
3435	2	2	254	0	2001
3436	1	2	292	93	2006
3437	1	0	0	0	0
3438	1	1	0	0	0
3439	1	2	242	0	2007
3440	1	0	0	0	0
3441	2	0	0	0	0
3442	1	2	264	93	2006
3443	1	2	282	87	2008
3444	2	1	283	0	2005
3445	1	1	284	88	2008
3446	1	1	277	90	2008
3447	1	1	254	93	2007
3448	1	1	252	88	2007
3449	2	1	284	0	2005
3450	1	1	262	94	2007
3451	1	2	0	86	2008
3452	1	1	283	88	2007
3453	1	2	281	0	2004
3454	1	1	284	0	2008
3455	1	1	264	86	2009
3456	1	1	254	94	2007
3457	1	2	242	96	2007
3458	1	0	0	0	0
3459	2	2	251	0	0
3460	1	2	0	0	2007
3461	1	2	0	96	2007
3462	1	1	0	90	2008
3463	1	0	0	0	0
3464	1	1	284	88	2008
3465	1	2	242	93	2007
3466	2	2	0	0	2005
3467	1	2	0	89	2008
3468	1	1	0	0	2009
3469	1	1	242	0	2006
3470	2	2	256	93	2002
3471	1	2	284	93	2006
3472	2	2	238	0	2005
3473	1	1	264	86	2008
3474	2	1	242	0	2005
3475	1	2	278	0	2004
3476	1	0	0	0	0
3477	5	2	243	0	0
3478	1	1	270	94	2007
3479	1	2	244	93	2006
3480	2	2	0	0	0
3481	2	2	277	91	1995
3482	1	1	266	88	2007
3483	1	1	0	0	2007
3484	1	2	268	88	2007
3485	1	2	249	89	2008
3486	1	1	279	94	2007
3487	2	1	284	92	2005
3488	1	1	266	93	2007
3489	1	1	0	87	2009
3490	1	2	282	96	2006
3491	1	2	0	88	2008
3492	1	2	242	0	2006
3493	2	1	284	0	2004
3494	5	2	248	0	2006
3495	2	1	278	0	0
3496	1	1	266	90	2007
3497	1	2	284	93	2006
3498	1	1	279	93	0
3499	1	2	0	88	2008
3500	1	1	279	86	2009
3501	1	1	291	86	2009
3502	1	2	243	0	2006
3503	1	2	241	96	2007
3504	2	0	264	0	0
3505	1	1	240	0	2009
3506	2	2	236	0	2005
3507	1	0	0	91	0
3508	1	1	251	0	2006
3509	1	1	283	92	2006
3510	1	1	0	0	2009
3511	2	1	238	92	2005
3512	2	0	0	0	0
3513	2	1	236	0	2005
3514	1	2	242	0	2010
3515	1	1	240	0	2007
3516	1	1	242	0	2007
3517	1	1	0	86	2009
3518	2	2	248	0	2004
3519	1	2	264	0	2007
3520	1	1	0	89	2008
3521	0	0	0	0	0
3522	1	2	238	88	2008
3523	1	2	283	91	2007
3524	1	1	236	0	2007
3525	1	0	0	0	0
3526	1	1	283	92	2006
3527	1	1	0	87	2009
3528	1	1	281	0	2006
3529	1	1	251	0	2006
3530	1	1	236	0	2007
3531	2	1	254	92	2005
3532	1	1	0	86	2009
3533	2	1	242	0	2004
3534	1	1	264	86	2008
3535	1	1	266	87	2009
3536	1	1	284	90	2008
3537	1	2	274	0	2008
3538	1	1	284	96	2006
3539	5	1	235	89	2004
3540	1	2	284	93	2007
3541	2	2	251	0	2005
3542	1	1	0	0	2008
3543	1	1	278	93	2007
3544	1	2	268	86	2008
3545	1	1	0	0	2009
3546	2	2	282	0	2005
3547	1	2	281	87	2009
3548	1	2	284	86	2009
3549	1	1	0	88	2008
3550	1	1	0	0	2009
3551	1	0	242	96	2007
3552	1	1	243	86	2008
3553	1	2	0	88	2008
3554	2	2	242	0	2005
3555	1	1	284	0	2006
3556	1	2	0	88	2008
3557	1	1	266	87	2009
3558	1	1	284	0	2007
3559	1	1	266	90	2008
3560	1	1	0	86	2008
3561	2	1	254	0	2005
3562	5	2	248	0	2005
3563	1	0	284	0	2006
3564	1	2	242	88	2008
3565	2	1	282	0	2005
3566	1	1	279	89	2007
3567	2	2	283	0	2005
3568	1	0	0	0	0
3569	2	0	0	0	0
3570	1	1	284	0	2009
3571	1	1	242	87	2009
3572	1	1	251	92	2006
3573	1	1	251	94	2006
3574	1	1	0	0	2009
3575	1	2	275	86	2009
3576	1	1	266	86	2008
3577	1	0	0	0	0
3578	1	1	238	93	2007
3579	1	1	244	86	2009
3580	1	1	249	86	2009
3581	1	1	275	88	2007
3582	1	1	262	88	2008
3583	1	1	0	86	2009
3584	1	2	275	0	2006
3585	1	1	0	87	2008
3586	1	1	284	93	2006
3587	1	1	283	87	2008
3588	1	2	289	91	2007
3589	1	1	288	90	2008
3590	2	2	242	0	2005
3591	1	2	269	0	2006
3592	1	0	238	0	2006
3593	1	2	242	87	2009
3594	1	1	249	87	2009
3595	1	1	242	88	2008
3596	5	2	279	0	0
3597	1	1	264	0	2009
3598	1	1	278	93	2006
3599	1	1	284	0	2006
3600	1	1	244	86	2009
3601	1	0	0	0	0
3602	1	1	283	94	2007
3603	2	1	283	0	2005
3604	1	1	289	86	2009
3605	1	2	264	0	2006
3606	1	2	284	88	2007
3607	1	2	289	0	2006
3608	1	2	240	93	2006
3609	1	1	0	88	2008
3610	1	1	284	90	2008
3611	1	1	0	88	2008
3612	1	2	236	88	2008
3613	2	2	236	92	2005
3614	1	1	242	93	2007
3615	1	2	242	91	2006
3616	1	2	251	87	2009
3617	1	1	242	87	2009
3618	1	2	254	94	2006
3619	5	1	251	0	2005
3620	1	1	279	86	2009
3621	1	1	251	0	2005
3622	1	1	251	88	2007
3623	2	2	285	0	0
3624	1	1	262	87	2009
3625	1	0	0	0	0
3626	1	1	254	96	2007
3627	1	2	264	87	2009
3628	1	1	242	0	2007
3629	2	1	251	0	2005
3630	2	2	251	0	2004
3631	1	2	0	86	2008
3632	1	1	283	86	2009
3633	1	1	242	93	2006
3634	2	2	251	0	2003
3635	1	2	242	96	2006
3636	2	1	251	0	0
3637	1	2	240	89	2008
3638	1	1	243	90	2008
3639	1	1	264	88	2008
3640	2	0	0	0	0
3641	1	1	251	86	2009
3642	1	2	0	86	2009
3643	1	2	283	0	2006
3644	2	2	251	0	2004
3645	1	2	0	86	2008
3646	1	1	251	93	2007
3647	1	1	251	86	2009
3648	1	1	242	90	2008
3649	1	2	264	0	2007
3650	1	1	289	0	2006
3651	1	1	242	86	2009
3652	1	0	0	0	0
3653	1	2	251	94	2007
3654	1	2	281	93	2006
3655	2	2	281	0	2005
3656	1	0	278	0	2006
3657	1	0	236	0	0
3658	1	0	259	0	2006
3659	1	1	254	86	2009
3660	1	2	251	0	0
3661	1	2	236	89	2008
3662	2	1	250	0	2005
3663	1	1	274	96	2007
3664	1	1	290	86	2009
3665	1	1	0	90	2007
3666	1	1	242	0	2007
3667	1	1	262	96	2006
3668	1	1	289	0	2007
3669	1	0	251	90	0
3670	1	1	283	96	2006
3671	1	1	279	86	2008
3672	1	1	0	89	2008
3673	1	1	0	88	2008
3674	1	2	268	0	2007
3675	1	1	251	0	2007
3676	1	1	0	86	2009
3677	1	2	0	87	2009
3678	2	1	236	0	2005
3679	1	2	283	90	2008
3680	1	1	291	87	2007
3681	1	1	0	86	2009
3682	1	2	254	93	2006
3683	1	1	254	0	2009
3684	1	1	284	95	2007
3685	1	1	284	89	2008
3686	1	2	251	0	2009
3687	1	1	289	0	2006
3688	1	1	289	90	2008
3689	1	1	236	93	2007
3690	1	1	236	93	2007
3691	1	1	236	93	2006
3692	1	1	0	89	2008
3693	2	2	289	0	2004
3694	1	2	242	86	2008
3695	1	1	236	0	2006
3696	1	2	284	96	2005
3697	5	1	284	0	2008
3698	1	0	0	0	2007
3699	1	2	0	86	2009
3700	1	2	275	95	2006
3701	2	2	284	0	2004
3702	1	2	242	92	2006
3703	1	2	242	88	2007
3704	4	2	0	0	0
3705	2	2	284	0	2005
3706	1	1	264	88	2008
3707	1	1	236	96	2007
3708	5	2	278	0	0
3709	1	2	282	87	2009
3710	1	1	284	0	2006
3711	2	1	291	0	0
3712	1	1	0	87	2009
3713	1	2	283	88	2007
3714	2	1	243	0	2005
3715	1	1	266	88	2008
3716	1	2	264	0	2006
3717	1	2	0	86	2009
3718	5	2	243	88	2005
3719	1	2	271	90	2008
3720	1	1	284	87	2009
3721	1	1	290	87	2009
3722	2	1	251	0	2005
3723	1	2	284	93	2007
3724	1	2	262	89	2008
3725	1	1	0	87	2009
3726	1	2	242	0	2005
3727	1	2	252	0	2005
3728	2	1	240	0	2005
3729	1	1	243	0	2008
3730	1	0	0	0	0
3731	2	2	251	96	2005
3732	1	1	284	96	2007
3733	1	1	251	94	2004
3734	1	1	283	94	2006
3735	1	1	279	93	2006
3736	1	1	0	87	2008
3737	2	1	236	0	2005
3738	1	1	289	96	2007
3739	2	2	284	0	2004
3740	1	1	252	86	2009
3741	1	1	283	0	2006
3742	1	1	289	0	2006
3743	1	2	251	92	2006
3744	2	1	242	0	2003
3745	1	1	236	0	2007
3746	1	2	242	86	2007
3747	1	2	278	88	2007
3748	1	1	284	93	2006
3749	2	1	264	0	2005
3750	1	1	240	87	2009
3751	1	1	266	88	2008
3752	2	2	277	0	2005
3753	1	1	287	88	2007
3754	1	0	0	0	0
3755	3	2	273	0	0
3756	2	2	251	0	2004
3757	1	0	0	0	0
3758	2	1	251	0	2005
3759	1	2	0	88	2008
3760	1	1	262	86	2009
3761	2	2	281	0	2005
3762	1	1	283	94	2006
3763	1	2	264	88	2007
3764	1	1	242	86	2009
3765	1	2	251	0	2006
3766	1	2	264	88	2007
3767	2	0	283	0	2004
3768	2	0	0	0	0
3769	1	2	268	94	2006
3770	1	1	283	87	2009
3771	1	1	291	86	2009
3772	2	0	0	0	0
3773	1	2	248	87	2009
3774	1	1	291	0	2006
3775	1	1	0	87	2008
3776	2	2	236	0	1991
3777	1	1	251	0	2007
3778	1	1	266	94	2006
3779	1	2	240	94	2007
3780	1	1	264	94	2007
3781	1	2	264	96	2006
3782	2	2	0	0	0
3783	1	2	257	91	2007
3784	1	1	0	0	0
3785	1	1	279	93	2007
3786	1	2	240	87	2009
3787	2	2	0	0	2004
3788	1	1	283	89	2008
3789	1	1	291	0	2006
3790	1	1	264	93	2006
3791	1	1	0	0	2008
3792	1	0	0	0	0
3793	1	1	239	88	2008
3794	2	1	242	0	2005
3795	1	1	0	88	2008
3796	1	2	0	0	2009
3797	1	2	283	0	2009
3798	1	2	242	0	2006
3799	5	1	251	0	0
3800	1	2	273	88	2008
3801	1	1	242	86	2009
3802	2	1	254	0	2004
3803	2	1	0	0	2004
3804	1	1	284	86	2009
3805	1	1	0	86	2009
3806	1	2	264	87	2009
3807	1	1	240	87	2009
3808	1	2	283	88	2008
3809	1	1	0	0	2009
3810	1	1	283	89	2007
3811	1	2	264	92	2006
3812	2	1	269	0	2004
3813	1	1	240	87	2009
3814	1	2	240	86	2009
3815	2	2	283	0	2005
3816	1	1	278	95	2008
3817	1	0	0	0	0
3818	1	2	279	88	2007
3819	1	2	283	87	2009
3820	1	1	0	90	2008
3821	1	2	0	0	2006
3822	1	1	291	87	2008
3823	1	1	242	0	2008
3824	1	1	264	90	2008
3825	1	1	281	0	2007
3826	1	1	289	0	2006
3827	4	2	0	0	0
3828	1	2	291	87	2009
3829	1	1	264	96	2007
3830	1	2	241	94	2007
3831	1	2	248	88	2007
3832	2	1	254	0	2005
3833	1	1	238	96	2006
3834	1	1	254	87	0
3835	1	1	254	93	2007
3836	1	1	266	0	2007
3837	2	1	278	0	2005
3838	1	2	242	93	2006
3839	1	1	279	90	2008
3840	1	1	262	88	2008
3841	2	0	0	0	0
3842	2	2	236	0	2005
3843	1	1	249	95	2008
3844	1	1	284	86	2008
3845	1	2	283	86	0
3846	1	2	245	86	2009
3847	1	1	0	86	2009
3848	2	1	239	0	2005
3849	2	2	289	0	2005
3850	1	2	283	0	2006
3851	2	1	236	0	2005
3852	1	2	251	88	0
3853	1	0	0	0	2006
3854	1	1	284	88	2007
3855	2	1	254	0	2005
3856	2	1	236	92	2005
3857	2	1	289	0	2005
3858	1	2	255	0	2006
3859	1	2	264	92	2006
3860	2	1	262	0	2005
3861	1	2	284	90	2008
3862	1	2	0	89	2008
3863	1	1	269	86	2009
3864	1	2	279	86	2009
3865	2	2	251	0	2005
3866	1	2	262	87	2008
3867	2	2	239	0	2004
3868	1	1	0	86	2009
3869	1	2	251	87	2009
3870	5	2	251	0	2004
3871	2	2	283	94	0
3872	2	1	242	0	2005
3873	1	2	0	87	2009
3874	1	2	236	88	2008
3875	1	2	251	90	2008
3876	1	1	242	0	2006
3877	5	1	284	0	0
3878	2	1	284	0	2004
3879	1	1	264	93	2006
3880	1	1	283	87	2009
3881	1	2	242	88	2008
3882	2	1	278	92	2005
3883	1	1	270	0	2007
3884	1	1	283	91	2007
3885	5	1	266	94	0
3886	1	2	282	87	2009
3887	1	1	0	86	2009
3888	1	2	275	88	2008
3889	1	1	289	90	2007
3890	1	2	280	88	2007
3891	1	1	0	88	0
3892	1	2	0	86	2009
3893	1	1	242	87	2008
3894	1	2	251	90	2008
3895	1	1	0	88	2008
3896	1	1	0	86	2009
3897	1	1	291	87	2009
3898	1	2	0	86	2009
