id	status	gender	major	dorm	year
1	2	1	23	0	2005
2	1	2	57	320	2007
3	2	1	53	0	2005
4	1	0	21	0	2007
5	2	2	20	0	2005
6	1	2	57	291	2008
7	1	2	26	334	2007
8	1	1	0	315	2009
9	2	2	26	0	2005
10	2	1	23	0	2003
11	1	2	9	315	2008
12	2	1	7	336	2005
13	1	1	27	319	0
14	1	1	37	322	2006
15	1	1	0	313	2009
16	1	2	9	309	2007
17	2	2	23	340	2003
18	1	1	45	328	2009
19	1	1	9	338	2007
20	1	1	61	326	2008
21	1	1	75	315	2008
22	1	2	53	304	2009
23	1	2	23	291	2008
24	2	2	0	0	2001
25	1	2	23	291	2008
26	2	1	9	0	2005
27	1	2	0	328	2009
28	1	1	68	323	2009
29	1	1	68	0	2007
30	1	1	30	324	2007
31	2	1	74	292	2004
32	1	2	57	313	2008
33	2	1	26	300	0
34	1	2	26	0	2007
35	1	1	46	313	2009
36	1	2	2	291	2008
37	1	1	27	304	2007
38	1	2	16	302	2009
39	1	2	53	0	2007
40	1	2	14	304	2007
41	1	1	9	319	2008
42	2	1	16	0	2005
43	1	2	0	304	2007
44	1	2	9	302	2006
45	1	1	9	0	2007
46	1	2	23	328	2006
47	2	1	63	0	2005
48	1	2	62	304	2008
49	1	1	10	304	2009
50	1	1	63	304	2007
51	1	2	53	301	2007
52	1	1	0	0	2006
53	1	1	16	323	2009
54	1	1	0	304	2009
55	1	1	68	304	2008
56	1	2	17	304	2007
57	1	2	26	305	2007
58	1	2	28	317	2008
59	1	1	26	328	2009
60	1	1	0	315	2009
61	1	1	20	324	2007
62	1	2	53	309	2007
63	1	2	24	328	2008
64	5	1	68	0	2007
65	1	1	53	0	2006
66	1	0	0	0	0
67	2	1	53	0	2005
68	1	2	54	315	2008
69	1	1	27	304	2008
70	1	2	61	0	2006
71	2	1	74	0	2005
72	1	0	0	0	2006
73	2	1	26	330	2002
74	1	2	74	315	2006
75	1	1	26	0	2006
76	1	2	28	335	2008
77	1	1	68	324	2007
78	1	2	0	302	2009
79	1	2	53	315	2007
80	1	2	26	328	2006
81	1	1	68	0	2006
82	2	0	16	0	2005
83	1	1	68	0	2007
84	1	2	53	291	2007
85	1	2	9	313	2009
86	1	1	0	302	2009
87	1	2	14	305	2006
88	1	2	53	301	2007
89	1	0	0	0	0
90	1	1	34	313	2009
91	2	1	26	0	2005
92	1	2	0	291	2008
93	2	1	53	290	2005
94	1	2	45	0	2007
95	1	2	31	331	2006
96	2	2	6	0	2005
97	1	2	30	336	2008
98	1	2	20	297	2007
99	1	2	12	313	2009
100	1	2	0	302	2009
101	1	2	20	328	2006
102	1	1	0	315	2009
103	2	1	23	0	2005
104	1	2	0	313	2009
105	1	1	0	328	2009
106	1	2	1	0	2007
107	1	2	12	315	2009
108	1	1	9	326	2007
109	1	1	0	304	2009
110	1	2	23	310	2007
111	2	1	9	0	2005
112	2	1	9	0	2005
113	2	2	46	0	2005
114	2	2	28	0	2004
115	1	1	9	327	2008
116	1	2	29	302	2009
117	1	2	61	291	2008
118	1	2	54	0	2006
119	1	2	57	337	2007
120	1	2	16	327	2007
121	1	1	64	0	2006
122	1	1	17	324	2007
123	1	1	9	292	2007
124	1	2	0	313	2009
125	1	0	0	0	0
126	1	1	0	315	2009
127	1	1	27	328	2007
128	1	0	26	315	2006
129	1	1	63	292	2007
130	1	1	46	330	2008
131	1	1	68	318	2006
132	1	1	7	315	2007
133	2	2	23	318	2005
134	1	2	12	315	2009
135	1	2	1	309	2007
136	1	1	68	318	2006
137	1	2	26	339	2008
138	1	1	6	315	2008
139	1	1	46	0	2006
140	1	1	30	328	2009
141	2	1	12	293	2005
142	1	1	20	327	2007
143	2	1	9	0	2005
144	1	2	81	0	2008
145	1	2	0	0	2006
146	1	2	37	329	2008
147	1	2	62	315	2008
148	1	2	53	0	2007
149	1	2	45	313	2008
150	1	2	46	313	2008
151	1	2	1	328	2009
152	1	1	0	291	2008
153	1	1	68	329	2008
154	1	2	16	304	0
155	2	1	12	319	2005
156	1	2	5	311	2006
157	2	1	68	0	2005
158	2	1	17	0	2004
159	1	2	53	0	2006
160	1	1	68	304	2008
161	1	1	68	315	2008
162	1	2	16	315	2009
163	1	1	14	313	2009
164	2	1	0	0	2005
165	1	2	26	304	2009
166	1	1	0	328	2009
167	2	1	26	0	2005
168	1	1	54	315	2009
169	2	1	30	307	2001
170	1	1	0	313	2008
171	2	0	53	0	2005
172	1	1	1	291	2008
173	1	1	59	0	2006
174	1	2	20	311	2005
175	1	1	54	323	2009
176	1	1	27	326	2008
177	1	0	20	0	2008
178	2	2	12	305	2004
179	1	2	12	328	2009
180	1	2	53	315	2009
181	1	1	9	302	2009
182	1	1	46	325	2006
183	1	2	9	328	2009
184	2	1	0	0	2005
185	1	2	29	313	2009
186	1	2	53	0	2006
187	1	1	9	328	2009
188	1	2	26	291	2008
189	1	2	28	317	2008
190	1	1	0	0	2008
191	1	2	26	312	2007
192	1	1	0	291	2004
193	1	1	9	319	2006
194	1	1	7	315	2007
195	1	1	27	304	2008
196	1	1	7	307	2006
197	2	2	27	294	2003
198	1	2	12	304	2008
199	1	2	68	317	2007
200	2	1	76	0	2005
201	2	1	9	0	2004
202	1	1	12	304	2009
203	1	1	63	0	2007
204	1	2	16	291	2008
205	1	2	20	294	2006
206	1	2	57	323	2009
207	1	1	0	315	2009
208	1	2	9	315	2009
209	2	1	27	0	2005
210	1	2	16	310	2007
211	1	2	53	337	2007
212	3	1	0	0	0
213	5	1	17	0	0
214	1	2	12	294	2008
215	1	1	74	0	2006
216	2	1	63	0	2004
217	1	1	26	0	2006
218	1	2	0	291	2007
219	1	1	45	294	2005
220	1	1	14	304	2009
221	1	1	27	328	2008
222	1	2	20	302	2008
223	1	1	7	290	2006
224	1	1	68	328	2006
225	1	1	68	326	2006
226	2	2	28	314	2005
227	1	2	38	314	2007
228	1	2	0	328	2009
229	2	1	62	294	2005
230	2	2	9	0	2004
231	1	1	53	315	2007
232	1	1	9	304	2009
233	1	1	20	313	2008
234	1	2	61	0	2007
235	1	1	12	291	2008
236	1	2	29	328	2009
237	1	1	53	0	2007
238	1	1	45	313	2009
239	1	1	53	0	2007
240	1	2	38	327	2007
241	1	1	5	324	2007
242	1	2	53	302	2009
243	1	2	20	313	2007
244	1	1	9	328	2009
245	1	2	0	315	2009
246	2	1	46	300	2004
247	1	1	53	0	2006
248	1	1	30	0	2006
249	1	2	26	302	2009
250	2	1	53	293	2005
251	1	1	54	302	2006
252	1	2	63	0	2006
253	1	2	26	328	2009
254	1	2	0	302	2009
255	2	1	0	0	2005
256	1	0	0	0	0
257	2	1	53	0	2005
258	2	0	0	0	0
259	2	0	26	0	2005
260	1	2	12	0	2007
261	2	1	38	0	2005
262	1	2	57	315	2006
263	1	2	30	332	2006
264	1	2	63	325	2006
265	1	2	9	304	2007
266	1	1	18	290	2007
267	1	0	0	291	2008
268	2	1	28	0	2005
269	1	1	18	293	2006
270	1	0	71	0	2006
271	1	1	53	328	2009
272	2	2	26	0	2005
273	1	1	27	323	2008
274	1	1	12	328	2009
275	1	2	12	309	2006
276	1	1	22	0	2008
277	1	1	0	0	2008
278	2	2	28	0	2004
279	1	1	9	328	2009
280	1	0	26	0	2006
281	2	1	30	0	2005
282	1	1	57	326	2006
283	1	2	1	306	2006
284	1	1	33	326	2008
285	1	2	64	0	2008
286	1	1	68	327	2007
287	2	2	57	0	2004
288	1	0	26	0	2006
289	2	0	0	0	2004
290	1	2	28	304	2007
291	1	2	4	306	2007
292	5	1	9	0	0
293	1	1	18	313	2009
294	1	1	21	304	2007
295	1	2	20	309	2006
296	1	1	63	0	2006
297	1	1	30	325	2007
298	1	2	26	315	2008
299	1	1	0	315	2009
300	1	1	53	291	2008
301	1	1	18	328	2009
302	1	1	61	332	2007
303	1	1	27	0	2005
304	1	0	0	291	2008
305	2	2	28	0	2007
306	1	1	20	304	2009
307	1	1	9	315	2009
308	1	1	46	325	2006
309	1	1	16	320	2006
310	2	1	53	0	2005
311	1	1	63	0	2007
312	1	2	81	0	2006
313	1	2	30	304	2009
314	1	1	0	313	2009
315	1	1	53	291	2007
316	1	2	9	302	2009
317	1	1	24	315	2009
318	1	2	23	0	2007
319	1	2	81	291	2008
320	2	1	74	0	2005
321	1	1	0	313	2009
322	1	2	64	0	2005
323	1	2	12	302	2009
324	2	1	33	0	2005
325	1	0	67	329	2008
326	1	1	63	328	2007
327	1	1	26	0	2007
328	1	1	29	313	2009
329	2	1	69	293	2003
330	1	2	23	315	2006
331	2	2	38	0	2005
332	1	1	68	336	2006
333	2	1	34	0	2005
334	2	2	63	0	2005
335	1	2	16	323	2009
336	1	1	53	0	2007
337	1	1	9	304	2009
338	1	2	9	330	2007
339	1	2	26	320	2006
340	1	2	81	313	2007
341	1	2	30	313	2008
342	1	1	0	0	2004
343	1	2	63	291	2008
344	1	2	57	315	2009
345	1	1	27	0	2005
346	2	1	68	0	2005
347	1	1	9	304	2009
348	1	2	16	291	2007
349	1	1	0	313	2008
350	1	2	23	323	2008
351	1	2	9	302	2009
352	1	2	57	317	2008
353	1	2	9	328	2009
354	1	2	57	304	2009
355	1	2	53	326	2010
356	1	1	0	291	2008
357	3	0	0	0	0
358	1	1	30	0	0
359	1	2	23	313	2009
360	1	2	20	340	2007
361	1	1	27	291	2008
362	2	2	0	0	2005
363	1	2	20	291	2008
364	1	1	53	302	2009
365	1	2	45	301	2006
366	1	0	0	304	2008
367	1	1	16	324	2007
368	1	1	27	324	2007
369	2	2	57	0	2004
370	1	2	29	315	2009
371	5	2	27	0	2006
372	1	1	46	304	2009
373	1	1	29	302	2009
374	1	1	30	329	2008
375	1	2	9	0	2008
376	1	1	9	292	2007
377	1	2	57	291	2007
378	1	1	6	323	2008
379	1	2	30	0	2007
380	1	1	0	328	2009
381	1	1	16	313	2009
382	1	2	26	299	2007
383	1	1	45	328	2009
384	1	1	46	320	2006
385	2	1	0	0	2005
386	5	1	68	0	2007
387	1	1	33	291	2008
388	1	2	0	313	2009
389	1	2	46	305	2006
390	1	1	75	313	2009
391	2	1	1	300	2005
392	1	2	20	328	2008
393	1	1	51	295	2007
394	1	2	63	313	2009
395	2	1	53	0	2005
396	2	2	26	0	2005
397	1	2	20	291	2007
398	1	1	27	324	2007
399	1	1	54	315	2007
400	1	1	68	321	2006
401	1	2	9	323	2008
402	2	2	26	312	2004
403	2	1	17	0	2005
404	1	2	30	291	2008
405	1	1	9	324	2007
406	1	1	0	315	2009
407	1	2	53	291	0
408	1	1	0	328	2008
409	1	1	9	304	2009
410	2	2	23	0	2005
411	1	1	68	0	2007
412	1	1	46	298	2007
413	1	2	54	0	2006
414	1	1	9	330	2008
415	1	2	14	304	2008
416	1	1	68	304	2009
417	1	1	28	325	2008
418	1	1	53	320	2005
419	1	1	30	307	2006
420	1	1	26	324	2007
421	1	1	0	328	2009
422	1	2	26	291	2008
423	1	2	29	315	2009
424	1	2	0	291	2008
425	1	2	53	318	2006
426	2	1	68	319	2005
427	1	2	24	336	2006
428	1	2	29	323	2008
429	1	2	0	328	2009
430	2	2	20	0	2005
431	2	0	46	0	2005
432	1	1	68	323	2009
433	1	1	56	315	2008
434	2	1	30	0	2005
435	1	1	53	0	2006
436	1	2	29	313	2009
437	1	1	0	291	2008
438	1	2	62	313	2008
439	1	1	0	0	2007
440	1	1	10	315	2009
441	1	1	0	315	2009
442	1	2	20	322	2007
443	2	2	12	0	2004
444	2	1	61	327	2005
445	1	1	0	291	2008
446	1	2	57	313	2008
447	2	2	14	0	2005
448	1	1	4	337	2008
449	1	2	0	291	2008
450	1	2	53	291	2008
451	1	0	68	305	2006
452	1	2	62	310	2006
453	1	2	53	315	2008
454	1	2	0	328	2009
455	1	2	20	311	2006
456	2	1	45	0	2004
457	2	2	68	0	2005
458	2	2	6	0	0
459	2	2	28	0	2005
460	1	2	0	313	2009
461	1	1	82	324	2007
462	2	1	53	0	2005
463	1	2	28	325	2006
464	1	2	0	328	2008
465	1	1	30	0	2006
466	1	2	0	328	2008
467	1	1	53	329	2008
468	5	2	57	0	2007
469	1	2	26	0	0
470	1	1	27	300	2006
471	1	2	53	306	2007
472	2	0	9	0	2005
473	1	2	0	328	2009
474	1	1	14	326	2006
475	1	1	27	291	2008
476	1	2	12	315	2009
477	1	0	9	0	2006
478	1	1	0	326	2008
479	1	2	54	315	2008
480	2	1	1	0	2005
481	1	1	16	324	2006
482	1	1	0	313	2009
483	1	0	0	302	2008
484	2	1	38	0	2003
485	1	1	10	325	2008
486	1	1	9	291	2008
487	2	1	26	0	2005
488	1	1	68	304	2008
489	1	2	63	339	2008
490	2	1	23	0	2005
491	1	1	0	291	2008
492	1	2	68	313	2009
493	1	1	0	328	2009
494	2	2	26	309	2004
495	1	1	9	293	2007
496	2	1	0	0	2005
497	1	2	9	313	2008
498	2	1	9	0	2005
499	1	2	26	328	2009
500	2	1	76	0	2005
501	1	1	53	307	2006
502	1	1	63	327	2008
503	2	1	30	0	2005
504	1	2	1	291	2006
505	2	2	28	0	2005
506	1	2	54	315	2008
507	1	2	9	304	2009
508	1	2	0	0	2006
509	1	2	1	328	2009
510	1	0	1	0	2007
511	1	2	53	291	2008
512	1	0	12	315	2009
513	1	2	63	294	2006
514	1	1	9	324	2007
515	1	2	28	315	2008
516	1	1	68	324	2007
517	1	1	57	302	2009
518	1	2	23	313	2005
519	1	2	26	0	2005
520	1	1	26	322	2006
521	2	1	0	0	2005
522	1	1	0	315	2009
523	1	2	26	321	2006
524	1	2	0	309	2007
525	2	2	62	330	2005
526	1	1	34	337	2008
527	2	0	23	0	2005
528	1	1	74	304	2007
529	2	1	23	0	2005
530	1	2	25	0	2006
531	1	0	0	0	0
532	1	2	29	302	2009
533	1	1	14	323	0
534	1	1	68	291	2008
535	1	1	68	0	2007
536	1	2	53	0	2006
537	1	1	34	324	2007
538	1	1	68	307	2007
539	1	0	0	0	0
540	1	2	26	311	2005
541	1	1	46	298	2007
542	1	1	36	329	2008
543	2	1	17	0	2004
544	1	1	4	302	2009
545	1	1	0	0	2006
546	1	1	0	313	2009
547	1	2	28	304	2008
548	1	2	28	313	2009
549	1	2	53	291	2008
550	2	2	14	0	2005
551	1	2	16	326	2007
552	1	2	64	328	2009
553	1	2	9	327	2007
554	2	1	68	321	2005
555	1	2	68	305	2006
556	1	1	0	328	2009
557	1	1	26	326	2007
558	1	1	33	304	2007
559	1	0	0	0	0
560	2	2	0	0	2003
561	1	1	0	328	2009
562	1	1	26	294	2007
563	1	1	9	328	2009
564	1	1	27	324	0
565	1	1	68	328	2009
566	1	1	26	322	2006
567	1	1	9	315	2009
568	1	2	0	302	2009
569	1	0	0	0	2007
570	1	0	0	0	0
571	1	2	29	304	2008
572	1	1	69	325	2008
573	1	1	34	0	2007
574	1	1	74	292	2007
575	1	2	0	296	2009
576	2	1	46	0	2005
577	1	1	0	302	2009
578	1	2	63	0	2005
579	1	1	0	315	2009
580	2	1	27	0	2004
581	1	2	23	301	2006
582	1	2	57	0	2007
583	1	1	0	304	2009
584	1	1	10	328	2009
585	2	1	1	0	2005
586	1	1	14	0	2005
587	1	2	57	304	2009
588	1	2	54	0	2007
589	1	1	0	291	2008
590	2	1	53	0	2004
591	1	2	0	0	2007
592	1	1	9	313	2009
593	1	1	9	0	2007
594	1	1	34	327	2007
595	1	1	30	315	2008
596	1	1	0	324	2007
597	1	1	9	323	2008
598	1	1	1	298	2007
599	1	2	20	302	2009
600	1	1	0	302	2009
601	2	2	26	0	2005
602	1	2	57	0	2007
603	1	1	14	324	2007
604	1	1	5	296	2009
605	2	2	63	0	2005
606	2	2	57	0	2005
607	1	2	28	313	2009
608	1	1	54	0	2007
609	1	1	68	293	2006
610	1	1	53	326	2006
611	1	2	63	320	2006
612	1	2	26	299	2007
613	1	2	20	328	2009
614	2	2	53	305	2004
615	1	1	9	315	2008
616	1	1	0	313	2009
617	1	1	9	315	0
618	1	1	63	315	2009
619	2	0	0	0	2005
620	1	1	7	326	2008
621	1	1	68	324	2007
622	1	2	28	302	2008
623	1	1	20	337	2007
624	2	1	46	0	2004
625	1	1	29	323	2009
626	1	1	7	315	2008
627	2	1	34	0	2005
628	1	1	20	0	2007
629	2	0	0	0	0
630	1	2	30	304	2009
631	1	1	9	313	2009
632	1	1	0	328	2009
633	1	2	0	328	2009
634	2	0	68	307	2003
635	1	1	29	302	2009
636	1	1	1	302	2008
637	1	2	18	313	2009
638	1	1	82	0	2008
639	1	2	54	332	2008
640	1	2	34	317	2008
641	1	2	4	0	2007
642	1	2	57	314	2006
643	1	1	63	299	2007
644	1	2	45	0	2007
645	1	2	0	304	2009
646	1	0	0	0	0
647	1	1	64	323	2009
648	1	2	45	309	2007
649	2	1	26	293	2005
650	1	2	0	302	2009
651	1	1	68	313	2007
652	1	0	0	0	2007
653	1	2	21	304	2008
654	1	2	27	329	2008
655	1	2	68	304	2007
656	1	1	9	324	2007
657	1	2	9	335	2006
658	1	1	62	327	2007
659	1	1	27	328	2007
660	1	2	29	302	2009
661	1	2	45	0	2006
662	1	2	53	0	2007
663	1	2	53	328	2008
664	2	2	26	0	2005
665	1	1	63	0	2007
666	1	2	23	329	2008
667	1	2	29	313	2009
668	1	1	0	327	2008
669	2	2	53	0	2005
670	2	2	26	320	2005
671	1	0	0	0	0
672	2	1	68	0	2005
673	2	2	23	306	2004
674	1	1	26	326	2008
675	1	2	23	315	2009
676	1	1	0	315	2008
677	2	2	20	0	2005
678	2	2	53	0	2005
679	1	2	12	309	2005
680	1	2	28	314	2007
681	1	2	53	328	2009
682	1	2	16	315	2008
683	1	2	20	291	2008
684	1	2	46	315	2008
685	1	1	46	304	2009
686	2	1	0	315	2005
687	1	2	54	323	2008
688	1	1	14	313	2009
689	1	1	76	304	2008
690	1	1	0	291	2008
691	1	1	0	328	2008
692	1	1	0	0	0
693	1	1	9	329	2007
694	1	1	0	313	2009
695	1	1	0	0	2007
696	1	2	26	321	2006
697	1	2	61	302	2008
698	2	2	46	336	2005
699	1	2	0	315	2009
700	1	2	46	291	2008
701	1	1	53	293	2006
702	1	1	0	323	2009
703	1	1	9	315	2008
704	1	1	9	328	2009
705	1	2	30	310	2006
706	1	1	0	328	2009
707	2	0	22	298	2005
708	1	2	26	291	2007
709	1	1	54	327	2008
710	1	1	30	304	2007
711	1	2	0	302	2009
712	1	2	26	0	2006
713	1	1	9	302	2009
714	1	2	9	0	2008
715	1	2	20	322	2006
716	1	1	12	291	2008
717	1	2	0	315	2009
718	1	1	68	315	2009
719	1	1	17	325	2007
720	1	1	12	323	0
721	1	2	1	0	2005
722	1	0	53	0	2006
723	1	1	1	291	2008
724	2	1	26	0	2005
725	1	1	68	0	0
726	1	1	68	324	2007
727	1	1	53	0	2006
728	2	1	16	0	2004
729	1	1	53	313	2009
730	1	1	57	0	2007
731	1	2	1	313	2009
732	2	2	29	306	2005
733	2	1	46	328	2005
734	1	2	17	328	2007
735	1	2	28	317	2006
736	1	2	53	318	2007
737	2	1	53	0	2005
738	1	2	63	291	2008
739	1	2	0	315	2007
740	1	2	53	302	2009
741	2	1	26	0	2003
742	1	1	69	315	2009
743	2	1	28	0	0
744	1	1	68	324	2006
745	1	2	28	312	2007
746	1	1	46	324	2007
747	1	1	30	326	2008
748	1	1	14	325	2006
749	1	1	46	0	2007
750	1	1	9	315	2009
751	1	1	53	324	2007
752	1	1	12	307	2006
753	1	1	5	324	2007
754	1	1	7	304	2009
755	1	1	12	304	2009
756	1	0	63	310	0
757	2	2	26	0	2005
758	1	2	29	0	2009
759	1	1	0	327	2008
760	1	2	53	305	2006
761	2	1	0	0	2004
762	2	1	63	0	2005
763	2	2	12	0	2005
764	5	2	28	0	2004
765	1	2	24	310	2006
766	1	2	9	335	2008
767	1	2	20	319	2006
768	1	1	0	315	2008
769	1	2	9	315	2008
770	2	1	68	0	2005
771	1	1	63	0	2007
772	1	1	53	0	2008
773	1	1	34	324	2006
774	1	2	57	328	2008
775	1	2	62	317	2008
776	1	2	63	320	2006
777	1	1	54	315	2009
778	2	1	0	0	2005
779	1	2	53	291	2008
780	1	0	30	325	2007
781	1	1	9	322	2006
782	1	1	0	302	2009
783	1	2	0	299	0
784	1	2	53	291	2008
785	1	1	0	337	2008
786	1	2	66	305	2007
787	2	2	68	0	2004
788	1	1	9	318	2006
789	1	1	4	337	2008
790	2	0	0	0	0
791	1	2	20	326	2007
792	1	1	0	315	2009
793	1	2	34	315	0
794	1	1	45	0	2006
795	1	1	29	323	2009
796	1	1	59	304	2008
797	1	1	26	0	2006
798	1	1	46	304	2009
799	2	1	27	0	2005
800	1	1	0	323	2009
801	1	1	77	0	2006
802	1	2	16	0	2006
803	1	1	27	329	2008
804	1	1	0	328	2009
805	1	1	28	298	2007
806	1	2	53	328	2009
807	1	2	29	306	2007
808	1	2	28	0	2007
809	1	1	0	0	2006
810	2	2	23	0	2005
811	1	2	16	304	2008
812	1	0	61	0	0
813	1	2	54	294	2005
814	2	0	56	0	2005
815	1	1	68	315	2007
816	1	2	27	310	2006
817	1	2	1	291	2007
818	5	0	0	0	0
819	1	1	9	321	2007
820	1	1	16	324	2006
821	2	2	45	0	2005
822	3	0	0	0	0
823	1	2	40	340	2007
824	1	1	34	313	2009
825	1	1	0	0	0
826	2	0	0	0	2005
827	1	1	1	328	2009
828	2	2	4	0	2005
829	1	1	0	328	2009
830	1	2	26	321	2006
831	1	1	46	324	2007
832	2	1	53	0	2004
833	1	2	28	325	2007
834	1	1	26	321	2006
835	1	2	53	315	2008
836	1	1	82	325	2006
837	1	1	57	323	2009
838	2	1	68	0	2005
839	1	2	57	340	2007
840	1	1	0	328	2009
841	1	1	33	300	2007
842	2	2	26	0	2005
843	1	1	54	304	2007
844	1	1	9	313	2007
845	1	1	27	291	2007
846	1	1	0	304	2009
847	1	1	63	315	2008
848	1	2	18	328	2006
849	2	2	23	295	2005
850	1	2	53	313	2009
851	2	2	57	319	2005
852	1	1	27	326	2006
853	1	1	28	324	2007
854	1	1	63	315	2008
855	1	2	26	309	2006
856	2	2	16	0	2005
857	1	2	14	321	2008
858	1	0	0	0	0
859	1	2	29	313	2009
860	1	1	27	317	2008
861	1	2	61	0	2006
862	1	1	12	328	2009
863	1	2	0	296	2008
864	1	1	53	326	2007
865	1	0	27	291	2007
866	1	1	53	313	2008
867	1	2	23	328	2009
868	1	2	26	336	2008
869	1	2	26	313	2009
870	2	1	53	328	2005
871	2	2	53	291	2005
872	1	1	34	313	2008
873	1	1	63	325	2008
874	1	1	0	323	2009
875	2	1	16	0	2004
876	1	2	53	327	2007
877	2	1	9	0	2004
878	1	2	23	291	2007
879	1	2	45	0	2006
880	2	2	0	0	2005
881	4	2	60	0	1908
882	1	2	0	0	2006
883	1	1	10	313	2006
884	1	2	53	306	2007
885	2	1	9	0	2005
886	1	1	0	315	2009
887	1	2	0	301	2007
888	1	2	29	328	0
889	1	1	1	307	2006
890	1	1	82	324	2007
891	1	1	46	304	2009
892	1	1	9	0	2005
893	1	2	63	0	2005
894	1	2	12	313	2009
895	1	0	0	0	0
896	2	2	1	0	2005
897	1	2	16	0	2006
898	1	1	5	326	2007
899	1	1	4	304	2007
900	1	2	23	326	2007
901	1	2	16	326	2006
902	2	2	16	301	2005
903	1	1	27	291	2008
904	1	1	12	300	2006
905	1	2	9	327	2008
906	2	1	54	0	2004
907	2	2	23	0	2005
908	1	2	0	0	2008
909	1	1	14	304	2007
910	1	1	0	313	2009
911	2	1	74	0	2005
912	2	1	30	0	2004
913	1	1	20	300	2006
914	1	2	9	0	2006
915	1	1	30	304	2007
916	1	1	14	335	2007
917	1	0	0	0	0
918	1	2	68	323	2009
919	1	2	26	0	2008
920	1	1	7	324	0
921	1	1	53	337	2008
922	1	1	12	313	2009
923	1	1	29	302	2009
924	1	1	0	323	2009
925	1	1	14	302	2009
926	1	1	0	0	2008
927	1	1	30	327	2007
928	1	2	0	291	2008
929	1	2	1	313	2008
930	1	1	4	327	2007
931	1	2	63	291	2008
932	2	2	26	0	2005
933	1	1	0	304	2009
934	1	1	68	304	2008
935	1	1	0	317	2008
936	1	2	29	323	2008
937	1	2	53	291	2006
938	1	2	53	326	2007
939	1	2	16	323	2008
940	1	1	27	325	2008
941	1	2	26	313	2006
942	2	1	72	294	2005
943	1	2	23	294	2005
944	1	1	78	294	2007
945	1	1	68	326	2007
946	1	1	53	324	2007
947	2	2	17	0	2005
948	1	0	30	325	2008
949	1	1	27	331	2007
950	1	2	62	304	2009
951	2	2	28	0	2001
952	1	1	12	304	2009
953	1	1	53	321	2006
954	2	1	16	0	2005
955	1	2	34	330	2007
956	1	1	34	323	2009
957	1	1	53	325	2007
958	2	1	6	0	2004
959	1	1	7	329	2008
960	2	1	63	292	2005
961	2	1	26	0	2005
962	2	1	63	0	2005
963	1	1	1	0	2006
964	1	2	9	328	2009
965	1	2	63	0	2006
966	2	2	23	0	2003
967	1	1	63	0	2006
968	5	2	28	0	0
969	1	2	29	313	2009
970	2	2	53	0	2005
971	1	2	53	328	2009
972	1	1	45	307	2007
973	1	1	0	328	2009
974	1	2	0	291	2008
975	2	0	46	0	2005
976	1	2	14	327	2006
977	2	2	54	305	2005
978	1	1	20	326	2008
979	1	2	62	291	2008
980	2	2	62	0	2005
981	1	2	75	325	2007
982	1	0	66	0	2006
983	1	0	0	0	0
984	2	1	9	0	2005
985	1	1	1	322	2006
986	1	1	75	300	2007
987	1	2	10	313	2009
988	1	2	62	311	2006
989	2	1	30	0	2005
990	1	1	63	323	2008
991	1	0	30	294	2007
992	1	1	10	0	2007
993	1	2	23	328	2009
994	1	2	0	315	2009
995	1	1	68	315	2009
996	2	1	12	307	2004
997	2	1	36	0	2005
998	1	1	9	313	2008
999	2	1	68	326	2005
1000	1	1	12	328	2009
1001	2	2	23	0	2005
1002	1	2	16	318	2006
1003	1	1	0	291	2008
1004	1	1	71	304	2008
1005	1	2	45	321	2006
1006	1	2	12	328	2009
1007	1	2	26	328	2009
1008	1	2	26	0	2005
1009	5	2	28	0	0
1010	2	1	30	0	2005
1011	1	1	30	315	2009
1012	1	1	0	291	2008
1013	1	2	0	291	2008
1014	2	2	26	0	2005
1015	1	2	33	328	2009
1016	1	1	53	324	2006
1017	2	2	57	0	2005
1018	1	1	0	328	2009
1019	1	1	9	304	2009
1020	1	1	0	0	2006
1021	1	2	53	0	2007
1022	1	1	9	322	2006
1023	1	1	0	326	2008
1024	1	2	53	328	2009
1025	1	1	22	304	2008
1026	1	2	26	299	2007
1027	2	2	26	312	2004
1028	1	2	12	294	2007
1029	3	2	14	301	2007
1030	1	1	63	329	2008
1031	1	2	53	328	2009
1032	1	1	0	328	2009
1033	2	1	54	0	2001
1034	1	1	1	291	2008
1035	1	1	68	0	2006
1036	1	1	30	321	2007
1037	1	2	17	315	2009
1038	1	1	0	326	2008
1039	1	2	26	312	2007
1040	1	2	27	318	2006
1041	2	1	46	0	2005
1042	1	1	0	326	2008
1043	1	1	0	302	2009
1044	2	2	23	314	2005
1045	1	1	0	291	2008
1046	1	1	53	0	2005
1047	1	1	4	315	2009
1048	1	1	17	304	2009
1049	1	1	9	313	2009
1050	1	1	9	324	2007
1051	1	1	27	304	2006
1052	1	1	34	323	2009
1053	1	1	53	0	2007
1054	1	1	45	294	2006
1055	2	1	27	298	2005
1056	2	2	23	306	2000
1057	1	2	12	0	2007
1058	2	0	0	0	0
1059	1	0	19	302	2008
1060	1	1	4	327	2007
1061	2	1	0	0	2004
1062	1	1	46	326	2008
1063	2	2	46	0	2005
1064	1	1	0	313	2009
1065	1	2	0	304	2009
1066	1	1	63	315	2007
1067	1	2	0	315	2008
1068	4	2	62	0	0
1069	1	1	29	315	2009
1070	1	1	14	339	2007
1071	1	1	53	0	2006
1072	2	2	66	0	2005
1073	1	1	64	302	2009
1074	1	1	10	304	2008
1075	1	2	0	0	2007
1076	1	1	75	329	2008
1077	1	2	53	309	2006
1078	1	1	27	0	2007
1079	1	0	0	0	0
1080	2	1	68	0	2005
1081	1	1	53	315	2008
1082	1	1	26	0	2006
1083	1	2	28	291	2008
1084	1	2	75	326	2008
1085	2	1	25	0	0
1086	1	1	9	0	2007
1087	5	1	30	298	2004
1088	1	1	68	336	2008
1089	1	1	63	326	2007
1090	1	2	9	340	2007
1091	1	1	9	290	2007
1092	1	2	63	0	2008
1093	2	2	57	306	2004
1094	1	2	57	291	2006
1095	1	1	16	291	2007
1096	2	1	53	0	2005
1097	1	2	29	328	2008
1098	1	1	53	0	2006
1099	1	2	28	0	2006
1100	1	2	30	0	2006
1101	1	1	21	304	2008
1102	1	2	0	328	2009
1103	1	1	0	0	2006
1104	1	2	53	335	2008
1105	2	1	14	298	2005
1106	2	1	7	0	2005
1107	1	2	33	328	2009
1108	1	2	53	315	2008
1109	1	1	75	313	2008
1110	2	1	46	0	2005
1111	1	1	28	291	2008
1112	1	1	53	315	2009
1113	1	1	53	324	2007
1114	2	0	0	0	0
1115	1	2	0	311	2007
1116	1	2	57	306	2006
1117	1	1	0	315	2008
1118	1	2	29	323	2009
1119	1	1	0	304	2009
1120	1	1	9	324	2007
1121	1	1	68	293	2006
1122	1	2	53	295	2007
1123	1	1	0	313	0
1124	1	1	12	296	0
1125	2	1	68	293	2004
1126	1	2	20	330	2008
1127	2	2	26	312	2005
1128	1	1	9	315	2008
1129	1	2	9	328	2009
1130	1	2	0	328	0
1131	1	2	5	0	2007
1132	1	2	53	309	2006
1133	2	2	0	0	2007
1134	1	1	27	328	2009
1135	1	1	57	337	2008
1136	2	1	74	292	2005
1137	1	2	0	328	2009
1138	1	1	0	328	2008
1139	1	0	0	0	2008
1140	1	1	59	304	2008
1141	1	2	20	291	2007
1142	1	2	29	304	2009
1143	2	1	16	0	2005
1144	1	2	63	322	2007
1145	1	1	74	291	2008
1146	1	2	74	291	2007
1147	1	1	9	313	2009
1148	1	2	29	315	2009
1149	1	2	6	315	2008
1150	1	2	53	315	2009
1151	1	1	0	291	2008
1152	1	2	5	324	2007
1153	1	2	14	315	2009
1154	1	2	53	332	2008
1155	1	1	33	328	2009
1156	1	1	10	325	2008
1157	1	1	0	313	2009
1158	1	0	53	0	2006
1159	1	1	17	325	0
1160	1	1	74	291	2008
1161	1	1	0	304	2008
1162	1	2	23	321	2006
1163	1	2	23	328	2007
1164	1	0	0	0	2008
1165	1	2	0	0	2007
1166	1	2	53	0	2006
1167	1	1	53	326	2008
1168	1	2	26	309	2006
1169	1	2	45	312	2006
1170	2	1	4	0	2005
1171	1	1	14	304	2009
1172	2	1	9	0	2005
1173	1	2	57	327	2008
1174	1	1	28	328	2006
1175	1	2	53	328	2009
1176	1	1	0	315	2009
1177	1	2	13	318	2008
1178	1	1	0	313	2009
1179	5	2	30	0	2006
1180	1	1	10	325	2008
1181	1	1	16	304	2009
1182	1	1	20	313	2009
1183	1	1	0	313	2009
1184	1	1	0	328	2009
1185	1	2	12	291	2008
1186	1	2	12	315	2008
1187	1	1	59	313	2009
1188	1	1	27	0	2007
1189	1	2	0	315	2006
1190	1	2	28	326	2006
1191	1	1	68	304	2009
1192	1	2	29	296	2008
1193	1	1	0	315	2009
1194	2	1	27	0	2005
1195	2	2	20	0	2005
1196	1	1	54	325	2006
1197	1	1	0	328	2009
1198	1	2	20	291	2007
1199	1	2	57	305	2006
1200	1	2	63	315	2009
1201	1	1	63	315	2004
1202	1	2	35	0	2007
1203	1	0	0	0	0
1204	1	1	4	313	2008
1205	2	2	12	0	2005
1206	1	1	0	328	2009
1207	1	0	0	0	0
1208	1	1	1	304	2007
1209	1	0	45	340	2006
1210	2	1	74	0	2005
1211	1	0	20	312	0
1212	2	1	68	0	2005
1213	1	2	17	0	2006
1214	2	1	26	0	2005
1215	1	2	26	305	2005
1216	1	1	0	315	2009
1217	2	1	0	0	2003
1218	1	1	68	0	2007
1219	1	1	53	0	2006
1220	2	2	63	0	2005
1221	1	1	9	324	2006
1222	1	1	9	315	2009
1223	1	1	27	0	0
1224	1	2	26	312	2006
1225	1	2	0	328	2008
1226	1	2	23	339	2008
1227	1	2	28	313	2009
1228	1	2	68	320	2006
1229	1	1	68	315	2008
1230	1	2	9	291	2008
1231	1	2	53	0	0
1232	1	1	68	0	2006
1233	1	1	68	313	2008
1234	1	2	12	299	2006
1235	2	2	26	0	2005
1236	1	1	9	327	2008
1237	1	1	74	313	2009
1238	1	2	63	313	2009
1239	1	2	17	0	2007
1240	1	2	29	313	2009
1241	1	2	0	313	2009
1242	1	2	1	326	2006
1243	1	1	27	325	2008
1244	1	1	1	307	2006
1245	1	2	12	328	2009
1246	1	1	9	0	2006
1247	2	0	0	0	0
1248	1	1	27	0	2007
1249	1	1	27	0	2007
1250	1	2	68	315	2008
1251	1	1	26	304	2009
1252	1	1	68	0	2006
1253	1	1	34	337	2008
1254	2	1	16	0	2004
1255	1	1	17	0	2009
1256	1	0	0	0	2007
1257	1	2	68	291	2008
1258	1	2	29	304	2009
1259	1	1	9	323	2009
1260	1	0	33	328	2007
1261	1	2	26	0	2006
1262	1	0	0	0	0
1263	1	1	61	0	2006
1264	1	2	53	328	2008
1265	1	1	46	328	2008
1266	1	2	68	328	2009
1267	1	1	9	323	2009
1268	1	1	53	315	2008
1269	1	1	46	313	2009
1270	1	2	20	313	2008
1271	1	1	4	323	2006
1272	1	2	12	313	2009
1273	1	1	77	304	2009
1274	2	1	68	0	2005
1275	1	2	9	315	2009
1276	1	2	20	315	2006
1277	1	1	53	328	2009
1278	1	0	68	291	2007
1279	1	2	29	313	2009
1280	1	0	53	0	2006
1281	1	2	0	291	2008
1282	1	1	27	293	0
1283	2	2	28	0	2005
1284	1	2	30	314	2006
1285	2	2	68	0	2005
1286	1	1	26	0	0
1287	1	1	0	315	2009
1288	1	2	0	296	2008
1289	2	2	1	0	2005
1290	2	2	23	0	2005
1291	1	2	20	291	2008
1292	2	1	20	293	2004
1293	1	2	38	326	2007
1294	1	2	20	313	2007
1295	1	2	26	313	2005
1296	1	1	53	0	2007
1297	2	2	26	311	2002
1298	1	1	53	328	2009
1299	1	2	29	313	2009
1300	1	1	64	318	2006
1301	2	1	30	307	2005
1302	1	1	26	327	2006
1303	2	2	12	0	2005
1304	1	0	0	0	0
1305	1	2	57	321	2006
1306	1	1	28	0	2008
1307	2	2	17	0	2005
1308	1	1	16	315	2008
1309	1	0	0	0	0
1310	1	2	0	304	2009
1311	1	1	1	315	2007
1312	1	2	57	0	2008
1313	1	2	23	302	2007
1314	1	1	53	328	2009
1315	1	2	0	315	2008
1316	1	1	63	0	2006
1317	1	2	0	304	2008
1318	2	2	26	0	2004
1319	1	2	54	312	2006
1320	1	1	0	0	0
1321	1	1	53	291	2008
1322	2	2	26	0	2005
1323	1	2	26	326	2008
1324	1	1	14	315	0
1325	1	1	83	313	2009
1326	2	1	74	0	2005
1327	1	2	63	0	2006
1328	1	1	20	324	2007
1329	1	1	30	0	0
1330	2	2	0	0	2005
1331	5	2	20	0	2006
1332	1	2	53	0	2007
1333	1	2	28	314	2006
1334	2	1	26	0	2005
1335	1	0	1	325	2008
1336	2	1	26	0	2005
1337	2	2	53	0	2004
1338	1	1	0	315	2009
1339	1	1	68	315	2007
1340	1	0	0	0	0
1341	2	1	26	0	2005
1342	1	1	53	324	2006
1343	1	2	63	291	2007
1344	2	1	0	0	2007
1345	1	2	14	339	2008
1346	1	2	28	329	2008
1347	1	0	0	0	0
1348	2	1	59	0	2005
1349	2	1	68	0	2005
1350	1	1	1	0	2006
1351	1	1	0	0	2006
1352	2	1	26	0	2001
1353	1	2	10	338	2007
1354	1	1	30	0	2006
1355	1	2	1	304	2008
1356	1	2	0	0	2008
1357	1	1	27	313	2009
1358	1	2	53	0	2008
1359	1	1	68	319	2005
1360	1	0	0	0	0
1361	2	2	68	311	2004
1362	2	1	20	0	2004
1363	1	0	46	291	2007
1364	1	0	27	326	2008
1365	1	1	0	315	2009
1366	1	1	16	291	2008
1367	1	2	53	0	2006
1368	1	2	53	304	2009
1369	1	2	53	305	2005
1370	1	1	0	339	2008
1371	1	1	0	291	2008
1372	1	2	0	328	2008
1373	1	2	63	291	2008
1374	1	2	63	313	2009
1375	1	1	26	0	2006
1376	2	1	26	290	2004
1377	1	2	12	328	2009
1378	1	2	23	326	2007
1379	1	2	9	328	2009
1380	1	0	33	318	2006
1381	2	2	1	301	2004
1382	1	2	54	314	2007
1383	1	1	9	326	2007
1384	1	2	23	327	2006
1385	1	2	62	328	2009
1386	1	2	0	315	2008
1387	1	2	61	319	2006
1388	1	1	57	0	0
1389	1	1	74	326	2008
1390	1	2	26	311	2006
1391	1	2	53	309	2006
1392	1	1	27	325	2008
1393	1	1	54	317	2008
1394	1	1	0	291	2008
1395	1	2	16	328	2009
1396	1	1	29	323	2009
1397	1	2	0	291	2008
1398	1	1	9	325	2008
1399	2	2	54	0	2005
1400	1	1	4	304	2007
1401	1	1	0	328	2009
1402	2	1	14	0	2005
1403	1	1	32	0	2006
1404	1	0	0	0	0
1405	1	2	57	313	2007
1406	2	1	68	0	2004
1407	2	1	9	298	2005
1408	1	1	68	328	2007
1409	1	2	26	302	2009
1410	1	2	57	327	2007
1411	1	2	53	0	2007
1412	1	2	29	291	2007
1413	1	1	1	0	2006
1414	1	2	38	328	2006
1415	1	1	16	334	2007
1416	1	1	27	304	2008
1417	1	1	9	324	2007
1418	1	1	82	321	2007
1419	1	2	0	302	2009
1420	2	1	54	0	2005
1421	2	1	74	292	2004
1422	1	1	9	0	2007
1423	1	2	26	315	2009
1424	1	2	44	0	0
1425	2	1	46	322	2005
1426	1	1	36	294	2008
1427	1	1	9	313	2009
1428	1	1	53	325	2007
1429	1	1	63	291	2008
1430	1	0	20	0	0
1431	1	2	54	304	2008
1432	2	2	53	0	0
1433	1	1	34	313	2009
1434	2	1	68	0	2005
1435	1	2	20	291	2008
1436	1	2	53	315	2006
1437	2	0	16	0	2005
1438	1	1	0	315	2009
1439	2	2	9	0	2005
1440	1	1	53	328	2006
1441	2	1	1	0	2005
1442	1	2	0	0	0
1443	1	1	68	304	2007
1444	1	1	76	328	2007
1445	1	2	53	306	2006
1446	1	1	9	315	2007
1447	1	1	0	291	2008
1448	1	0	0	0	0
1449	1	1	68	328	2009
1450	1	1	68	313	2009
1451	1	1	26	313	2009
1452	1	2	12	304	2008
1453	2	1	4	293	2004
1454	1	1	14	313	2008
1455	2	0	20	306	2005
1456	1	2	68	313	2009
1457	2	2	53	0	2005
1458	1	1	9	296	2008
1459	1	1	9	315	2009
1460	2	1	53	0	2004
1461	1	2	46	336	2007
1462	1	1	0	315	2008
1463	1	1	53	329	2007
1464	1	2	63	315	2009
1465	1	1	5	339	2007
1466	1	1	63	325	2007
1467	1	2	45	328	2008
1468	1	2	54	0	2006
1469	1	1	26	328	2007
1470	1	1	53	0	2006
1471	1	1	0	313	2009
1472	1	2	0	0	2008
1473	5	1	30	0	2004
1474	2	1	66	0	2004
1475	1	2	12	291	2008
1476	1	2	34	304	2007
1477	2	2	6	0	2005
1478	1	0	0	0	0
1479	1	2	26	291	2008
1480	1	1	40	296	2006
1481	1	1	0	329	2004
1482	1	2	26	339	2008
1483	1	2	53	291	2008
1484	1	2	12	313	2009
1485	1	0	0	0	0
1486	1	2	17	0	2006
1487	2	0	0	0	0
1488	2	1	5	0	2005
1489	1	1	0	315	2009
1490	2	2	23	0	2005
1491	1	1	4	291	2008
1492	1	2	1	301	2007
1493	1	2	68	0	2005
1494	1	1	9	325	2007
1495	1	1	0	304	2008
1496	1	1	30	296	0
1497	1	2	26	328	2008
1498	2	2	23	0	2004
1499	1	2	26	302	2009
1500	2	1	63	0	2004
1501	1	2	26	0	2007
1502	1	2	63	306	2007
1503	1	2	68	315	2009
1504	1	1	45	326	2008
1505	1	0	46	0	2006
1506	5	2	28	0	2005
1507	2	1	57	0	2004
1508	1	1	68	0	2006
1509	1	1	0	315	2008
1510	2	1	6	0	2005
1511	1	1	74	317	2008
1512	1	1	9	0	2006
1513	1	0	0	0	0
1514	1	1	16	330	2008
1515	1	2	68	313	2009
1516	1	0	0	0	0
1517	1	2	26	313	2008
1518	2	0	0	0	0
1519	1	1	4	304	2009
1520	1	2	28	310	2007
1521	1	1	0	304	2009
1522	2	1	13	307	2005
1523	1	1	9	291	2008
1524	1	1	7	326	2008
1525	1	0	26	313	2007
1526	1	1	0	328	2009
1527	2	2	1	0	2005
1528	2	2	12	0	2005
1529	1	1	12	328	2009
1530	1	2	45	309	2006
1531	2	1	54	0	2004
1532	1	1	68	295	2007
1533	1	1	1	0	2006
1534	1	1	63	329	2008
1535	2	2	21	0	2005
1536	2	1	5	0	2005
1537	1	2	12	291	2004
1538	1	1	9	315	2008
1539	2	1	61	0	2005
1540	1	2	20	317	2008
1541	1	1	46	323	2009
1542	2	2	1	0	2005
1543	1	2	28	304	2008
1544	1	1	0	304	2009
1545	1	1	9	324	2007
1546	1	2	45	309	2007
1547	1	2	28	325	2008
1548	1	2	9	309	2006
1549	1	2	34	0	2007
1550	1	1	53	0	2006
1551	1	2	28	328	2005
1552	1	2	24	326	2008
1553	1	1	0	328	2009
1554	1	0	24	310	2006
1555	1	1	1	324	2006
1556	1	1	68	328	2009
1557	1	2	0	291	2008
1558	1	2	10	340	2007
1559	1	2	26	301	2007
1560	1	2	26	326	2007
1561	2	1	17	0	2005
1562	1	2	9	0	2006
1563	2	2	1	0	2005
1564	1	2	0	304	2007
1565	1	1	0	328	2009
1566	2	1	46	0	2005
1567	1	1	0	302	2009
1568	2	1	26	0	2005
1569	1	2	26	309	2007
1570	1	1	12	302	2009
1571	1	1	0	291	2008
1572	1	2	9	313	2009
1573	1	2	53	315	2008
1574	1	1	54	323	2008
1575	1	1	53	315	2006
1576	1	1	68	296	2007
1577	1	1	0	330	2007
1578	1	1	9	302	2009
1579	1	1	0	0	2007
1580	2	2	53	314	2005
1581	1	1	4	313	2008
1582	1	2	28	327	2007
1583	1	2	53	302	2009
1584	1	2	9	312	2006
1585	1	2	29	313	2008
1586	1	2	46	332	2007
1587	1	1	0	328	2009
1588	1	1	63	0	2006
1589	1	1	1	324	2007
1590	1	2	26	339	2004
1591	2	1	30	0	2005
1592	1	1	53	304	2008
1593	1	1	12	313	2009
1594	1	1	30	326	2006
1595	1	2	26	315	2009
1596	2	1	16	0	2005
1597	1	1	68	291	2008
1598	1	1	68	0	2008
1599	1	2	0	0	2006
1600	1	1	1	329	2008
1601	1	1	57	0	2006
1602	1	1	5	298	2006
1603	1	0	0	0	0
1604	2	1	27	0	2004
1605	1	2	54	310	2007
1606	1	2	2	300	0
1607	1	2	53	311	2006
1608	1	2	26	302	2009
1609	1	1	0	0	2008
1610	1	2	57	0	2008
1611	1	1	0	315	2009
1612	1	2	61	0	2006
1613	1	1	74	0	2005
1614	1	1	33	291	2007
1615	1	1	53	317	2008
1616	2	2	26	0	2005
1617	1	2	23	328	2008
1618	1	2	20	328	2008
1619	1	2	29	302	2005
1620	1	2	67	339	2006
1621	4	0	0	323	0
1622	1	0	27	325	2008
1623	1	1	53	324	2007
1624	1	1	33	328	2007
1625	1	2	46	326	2008
1626	1	1	0	315	2009
1627	1	2	62	304	2009
1628	2	2	45	0	2004
1629	1	1	68	322	2005
1630	1	1	27	326	2008
1631	1	1	33	313	2007
1632	1	0	0	313	0
1633	1	0	0	315	2007
1634	1	1	68	291	2007
1635	1	1	53	328	2006
1636	1	2	12	294	2005
1637	1	0	0	0	0
1638	1	2	29	315	2009
1639	1	2	17	291	2007
1640	1	2	28	326	2008
1641	1	0	46	309	2006
1642	3	2	10	304	0
1643	1	1	68	328	2009
1644	1	1	9	304	2007
1645	1	0	0	0	0
1646	2	2	23	0	2005
1647	1	2	26	313	2009
1648	1	0	30	0	2006
1649	2	2	23	0	2004
1650	1	1	10	298	2007
1651	1	1	9	300	2006
1652	1	1	0	304	2009
1653	2	2	26	0	2005
1654	1	0	0	291	2008
1655	1	2	26	313	2008
1656	1	1	0	302	2009
1657	1	1	0	304	2009
1658	1	1	0	304	2009
1659	1	1	14	315	2008
1660	1	2	71	313	2007
1661	1	1	21	298	0
1662	2	1	68	300	2004
1663	1	1	26	325	2007
1664	1	2	20	326	2007
1665	1	0	0	0	0
1666	1	2	28	327	2006
1667	1	1	0	328	2009
1668	1	2	54	313	2009
1669	1	2	53	313	2009
1670	1	1	68	324	2008
1671	1	1	45	291	2008
1672	4	0	0	0	0
1673	1	1	74	325	2008
1674	1	2	25	336	2008
1675	2	1	61	0	2005
1676	1	1	30	294	2006
1677	1	2	29	328	2009
1678	1	0	0	0	0
1679	1	1	21	304	2009
1680	1	2	63	0	2007
1681	1	1	7	328	2007
1682	1	2	37	304	2009
1683	1	2	63	340	2007
1684	1	1	5	315	0
1685	1	2	53	297	2006
1686	2	1	1	0	2005
1687	1	0	0	0	2005
1688	1	2	22	328	2008
1689	2	2	23	339	2004
1690	1	2	57	312	2006
1691	1	2	54	315	2007
1692	1	2	1	313	2009
1693	1	2	30	0	2006
1694	2	2	28	0	0
1695	1	1	0	324	2007
1696	1	1	63	0	0
1697	1	2	29	320	2006
1698	5	2	9	0	2006
1699	1	1	26	0	2006
1700	1	2	30	327	2007
1701	1	2	46	304	2009
1702	1	1	68	0	2006
1703	1	2	46	304	2009
1704	1	1	74	325	2007
1705	1	0	0	0	0
1706	1	2	20	326	2007
1707	1	1	0	315	2008
1708	1	1	54	323	2009
1709	2	2	0	0	2005
1710	2	1	30	0	2003
1711	1	2	12	315	2008
1712	1	1	30	0	2007
1713	1	2	9	305	2006
1714	1	2	12	313	2008
1715	1	2	53	315	0
1716	1	1	26	315	2007
1717	1	1	12	291	2007
1718	1	2	53	312	2007
1719	1	1	12	0	2006
1720	1	2	12	328	2009
1721	1	1	68	326	2007
1722	1	1	9	327	2006
1723	1	0	0	0	0
1724	1	1	68	0	2007
1725	1	2	12	0	2006
1726	1	2	0	301	0
1727	2	1	74	0	2005
1728	1	1	9	315	2009
1729	2	1	9	0	2004
1730	1	1	0	330	2008
1731	1	1	27	304	2009
1732	1	1	53	0	2007
1733	1	2	0	309	0
1734	1	0	0	0	0
1735	1	1	0	291	2008
1736	1	1	53	330	2008
1737	1	1	7	315	2008
1738	1	1	7	291	2007
1739	1	2	0	0	2004
1740	1	1	75	0	2006
1741	2	1	68	313	2003
1742	1	2	68	304	2008
1743	1	2	20	304	2007
1744	1	2	0	313	0
1745	1	2	1	315	2008
1746	1	1	62	313	2008
1747	2	2	23	0	2005
1748	1	2	12	291	2008
1749	2	0	59	0	2004
1750	1	2	29	327	2006
1751	1	0	28	0	2007
1752	2	1	27	0	2005
1753	1	2	23	327	2006
1754	1	2	1	315	2009
1755	1	2	53	315	2008
1756	1	2	57	328	2009
1757	1	1	48	313	2007
1758	1	2	66	0	2006
1759	1	2	10	304	2009
1760	1	1	38	325	2006
1761	1	2	53	328	2009
1762	1	2	53	304	2009
1763	2	2	11	0	2005
1764	1	1	0	313	2009
1765	1	1	9	315	2008
1766	1	1	46	313	2009
1767	1	1	0	304	2009
1768	2	1	12	0	2005
1769	1	2	20	331	2007
1770	1	2	28	315	2009
1771	2	2	20	0	2005
1772	1	2	23	313	2008
1773	1	1	17	328	2009
1774	1	2	57	326	2007
1775	1	2	12	313	2009
1776	1	2	62	320	2006
1777	1	2	61	297	2006
1778	1	1	17	304	2007
1779	1	1	22	304	2009
1780	1	1	9	315	2009
1781	1	2	54	0	2005
1782	1	2	9	299	2007
1783	2	1	9	0	2005
1784	1	1	14	327	2006
1785	1	1	0	291	2008
1786	1	2	0	0	2009
1787	1	2	78	328	2006
1788	1	2	23	314	2006
1789	2	1	9	0	2005
1790	1	2	1	326	2007
1791	1	1	59	315	2006
1792	1	1	33	325	2007
1793	2	0	16	0	2004
1794	1	2	23	313	2009
1795	1	1	63	328	2009
1796	1	1	0	291	2008
1797	1	1	0	328	2009
1798	1	2	26	291	2008
1799	1	2	68	328	2006
1800	1	2	14	325	2006
1801	1	2	9	328	2009
1802	1	2	0	291	2008
1803	1	1	21	302	2009
1804	1	1	9	0	2005
1805	2	2	23	0	2005
1806	2	2	14	0	2005
1807	1	1	0	328	0
1808	1	1	74	324	2007
1809	1	1	9	323	2009
1810	1	1	0	302	2009
1811	1	2	34	337	2006
1812	1	2	84	0	2006
1813	1	2	26	312	2006
1814	1	2	1	311	2006
1815	1	2	10	315	2008
1816	1	2	17	328	2009
1817	1	2	1	304	2007
1818	2	1	30	0	2005
1819	1	1	59	304	2009
1820	1	1	33	0	2006
1821	2	1	26	0	2003
1822	1	2	0	328	2009
1823	1	2	20	312	2006
1824	1	1	0	328	2009
1825	1	2	17	328	2009
1826	2	1	27	0	2005
1827	1	2	0	328	2009
1828	2	1	26	0	2005
1829	1	0	0	0	0
1830	1	2	12	309	2005
1831	1	2	68	313	2008
1832	2	2	46	0	2005
1833	1	1	0	313	2009
1834	1	2	16	328	2008
1835	2	1	46	0	2005
1836	1	2	28	313	2009
1837	1	1	33	304	2009
1838	1	1	22	304	2007
1839	2	1	38	0	2005
1840	1	2	46	291	2008
1841	1	1	36	298	2004
1842	1	1	68	0	2007
1843	1	2	28	304	2008
1844	2	1	7	0	2004
1845	2	1	14	0	2005
1846	3	1	10	0	0
1847	1	1	45	304	2007
1848	1	1	68	0	2006
1849	2	1	7	0	2005
1850	2	1	74	0	2005
1851	1	2	57	313	2009
1852	1	2	61	322	2006
1853	2	1	53	0	2005
1854	1	1	14	304	2009
1855	2	2	53	0	2005
1856	1	1	7	0	2008
1857	1	2	0	313	2009
1858	1	1	53	298	2007
1859	2	1	54	318	2005
1860	2	1	16	0	2004
1861	1	1	9	313	2008
1862	1	2	54	321	2006
1863	2	1	53	300	2005
1864	1	2	68	0	2007
1865	1	2	26	315	2006
1866	1	1	68	325	2008
1867	2	2	62	0	2005
1868	1	1	46	328	2009
1869	1	1	57	315	2006
1870	1	2	23	0	2006
1871	1	2	9	0	2006
1872	1	2	57	306	2007
1873	1	1	68	323	2009
1874	1	2	53	291	2008
1875	1	2	12	0	2008
1876	1	2	1	312	2007
1877	1	1	20	313	2008
1878	1	1	9	293	2006
1879	1	1	10	328	2009
1880	1	1	27	321	2006
1881	1	1	0	328	2009
1882	2	1	0	300	2004
1883	1	2	26	0	2005
1884	2	1	53	0	2005
1885	1	2	81	304	2009
1886	1	1	6	0	2006
1887	1	1	9	300	2007
1888	1	2	20	0	2008
1889	2	2	0	0	0
1890	1	2	57	313	2009
1891	1	1	10	323	2008
1892	1	2	0	304	2008
1893	1	1	23	326	0
1894	2	2	23	312	2003
1895	2	2	26	306	2005
1896	2	1	0	0	2005
1897	1	2	46	315	2009
1898	1	1	30	330	2007
1899	2	1	23	326	2005
1900	1	1	5	326	2008
1901	1	1	14	326	2008
1902	1	2	14	313	2009
1903	1	0	0	0	0
1904	1	2	0	315	2008
1905	2	1	68	300	2004
1906	1	2	1	313	2009
1907	2	1	14	0	2005
1908	1	2	57	325	2007
1909	1	1	26	313	2008
1910	1	2	28	314	2007
1911	2	1	0	0	2004
1912	2	1	0	300	2004
1913	1	2	1	306	2005
1914	2	0	60	0	2004
1915	1	2	9	296	2009
1916	1	1	59	313	2009
1917	1	2	0	313	2009
1918	2	2	12	0	2004
1919	1	1	0	304	2009
1920	1	1	45	291	2008
1921	1	2	16	302	2009
1922	2	1	9	0	2005
1923	2	1	9	324	2005
1924	1	2	76	0	2007
1925	1	2	0	302	2009
1926	2	0	53	0	2005
1927	1	1	7	0	2006
1928	2	2	12	0	2005
1929	1	1	63	294	2007
1930	2	1	30	0	2005
1931	1	2	81	291	2008
1932	2	2	26	0	2005
1933	1	2	67	327	2007
1934	1	1	5	337	2007
1935	1	2	63	0	2008
1936	1	2	0	328	2009
1937	1	1	20	324	2007
1938	2	1	46	0	2005
1939	1	2	26	339	2008
1940	2	1	12	290	2005
1941	1	2	26	309	2006
1942	1	1	82	315	2009
1943	1	2	57	340	2007
1944	1	1	9	324	2006
1945	2	2	68	0	2003
1946	1	1	59	304	2009
1947	1	1	9	328	2009
1948	1	1	9	313	2009
1949	1	0	17	314	2006
1950	2	2	16	0	2005
1951	1	1	16	0	2006
1952	1	1	46	328	2009
1953	2	2	0	0	0
1954	1	2	54	325	2006
1955	2	1	33	0	2005
1956	1	2	53	304	2007
1957	1	2	26	314	2005
1958	1	0	0	0	0
1959	1	0	68	0	2006
1960	2	2	16	312	2005
1961	1	1	84	304	2009
1962	1	1	0	328	2009
1963	1	2	28	314	2007
1964	1	2	0	328	2009
1965	1	1	20	0	2006
1966	2	2	23	0	2005
1967	2	2	1	0	2005
1968	1	1	74	336	2005
1969	1	1	9	302	2009
1970	1	1	9	315	2008
1971	2	1	9	298	2004
1972	1	2	68	311	2007
1973	1	2	26	301	2006
1974	1	1	46	0	2007
1975	1	1	32	291	2008
1976	2	2	53	0	2005
1977	1	1	74	315	2008
1978	1	1	63	291	2008
1979	1	1	0	291	2008
1980	1	2	0	328	2008
1981	1	1	5	322	2006
1982	2	1	63	0	2005
1983	1	1	26	0	2007
1984	1	1	17	313	2009
1985	1	1	0	0	2007
1986	1	1	57	323	2008
1987	2	1	17	0	2005
1988	1	1	75	0	2007
1989	1	2	0	315	0
1990	1	1	53	0	2007
1991	1	2	20	313	2009
1992	1	2	53	328	2009
1993	1	1	9	315	2009
1994	1	2	24	0	2005
1995	1	0	23	328	2007
1996	1	2	57	315	2008
1997	1	0	16	327	2006
1998	1	2	45	325	2006
1999	1	2	53	291	2007
2000	1	2	26	291	2007
2001	1	1	46	313	2009
2002	1	2	1	313	2009
2003	1	1	0	315	2008
2004	2	2	57	327	2005
2005	2	0	0	0	2001
2006	1	1	31	313	2009
2007	1	1	53	294	2007
2008	1	1	53	313	2009
2009	1	2	28	0	2006
2010	2	1	16	0	2005
2011	1	2	57	328	2009
2012	1	2	12	302	2009
2013	1	1	75	326	2006
2014	1	0	0	0	2006
2015	1	0	0	0	0
2016	1	1	4	323	2008
2017	1	1	30	315	2006
2018	1	1	14	291	2008
2019	1	2	0	0	2008
2020	1	2	0	323	2008
2021	1	1	7	324	2007
2022	1	2	57	302	2009
2023	1	1	28	328	2006
2024	1	0	0	327	0
2025	2	0	53	0	2005
2026	1	1	74	0	2006
2027	1	1	22	326	2007
2028	1	1	7	326	2008
2029	1	2	34	325	2008
2030	1	2	26	296	2009
2031	1	2	81	296	2008
2032	2	0	0	0	2004
2033	1	2	14	323	2008
2034	1	1	76	336	2008
2035	1	1	68	313	2009
2036	1	2	26	0	2006
2037	2	1	30	0	2005
2038	1	1	40	337	2008
2039	1	2	0	328	2009
2040	1	1	17	325	2007
2041	2	1	37	0	2005
2042	1	0	0	0	0
2043	2	1	1	0	2004
2044	1	1	1	0	2006
2045	1	2	12	315	2008
2046	1	2	20	315	2009
2047	1	1	4	313	2009
2048	1	1	9	291	2008
2049	1	1	30	304	2007
2050	1	2	45	322	2006
2051	2	1	34	0	2005
2052	1	1	27	291	2008
2053	1	2	63	315	2007
2054	1	2	9	301	2007
2055	1	1	26	324	2007
2056	1	1	0	328	2009
2057	1	2	57	306	2007
2058	1	2	26	304	2009
2059	1	2	53	291	2008
2060	1	2	20	340	2007
2061	2	2	53	0	2004
2062	1	1	18	302	2009
2063	1	2	17	328	2009
2064	2	1	68	0	2005
2065	2	2	5	0	2005
2066	1	2	30	310	2006
2067	1	0	28	326	2008
2068	1	2	0	0	0
2069	3	0	24	291	2008
2070	1	2	9	0	2008
2071	1	2	20	323	2009
2072	1	1	0	0	2009
2073	1	1	20	327	2008
2074	1	2	0	328	2009
2075	2	1	64	0	2005
2076	1	1	10	313	2008
2077	1	1	1	328	2009
2078	1	1	38	327	2007
2079	1	1	0	315	2008
2080	1	1	0	326	2008
2081	1	2	0	313	2009
2082	1	1	68	317	2008
2083	1	1	9	313	2008
2084	1	0	62	327	2006
2085	1	1	0	302	2009
2086	1	2	63	332	2008
2087	1	1	0	291	2008
2088	1	1	0	302	2008
2089	1	1	46	336	2005
2090	1	2	0	302	2009
2091	1	2	57	317	2008
2092	1	1	27	329	2008
2093	1	1	53	330	2007
2094	1	1	0	0	0
2095	2	1	9	0	2005
2096	2	1	9	0	2005
2097	1	2	0	328	2009
2098	1	2	28	304	2006
2099	1	1	68	315	2007
2100	1	1	68	317	2008
2101	2	2	28	0	2004
2102	2	1	68	327	2004
2103	1	1	21	318	2006
2104	1	1	0	323	2009
2105	1	2	16	304	2009
2106	1	1	0	313	2009
2107	1	1	23	291	2006
2108	1	1	0	304	2008
2109	1	1	54	304	2008
2110	1	1	54	0	2006
2111	1	2	68	311	2007
2112	1	2	0	328	2008
2113	1	0	53	0	2007
2114	1	2	9	304	2008
2115	1	2	56	309	2006
2116	2	2	53	299	2004
2117	1	1	0	0	2010
2118	1	1	0	328	2009
2119	1	2	16	302	2009
2120	1	1	33	302	2008
2121	2	2	6	0	2005
2122	2	0	7	307	2005
2123	1	2	53	291	2006
2124	1	1	0	315	2009
2125	1	1	0	328	2009
2126	2	1	28	0	2005
2127	2	0	7	0	2005
2128	1	2	38	0	2006
2129	1	1	14	325	2007
2130	1	2	51	302	2009
2131	1	2	28	330	2007
2132	1	1	46	0	2006
2133	1	2	9	304	2009
2134	1	2	23	305	2006
2135	1	2	74	0	2005
2136	1	1	0	291	2008
2137	1	2	26	328	2005
2138	1	2	1	309	2007
2139	1	2	57	312	2006
2140	2	2	29	0	2005
2141	1	1	61	328	2006
2142	1	1	30	0	2007
2143	1	2	45	304	2007
2144	2	2	26	309	2005
2145	1	1	9	315	2009
2146	1	1	36	0	2007
2147	1	1	12	328	2009
2148	2	1	53	0	2005
2149	2	2	29	0	0
2150	1	0	0	0	0
2151	1	2	29	312	2007
2152	1	1	26	291	2008
2153	1	2	12	315	2008
2154	1	1	12	315	2009
2155	1	0	26	0	2006
2156	1	2	57	315	2008
2157	1	1	9	328	2009
2158	1	2	0	291	2008
2159	2	0	0	0	0
2160	1	1	0	328	2009
2161	1	1	26	304	2007
2162	1	1	0	328	2009
2163	1	1	75	328	2009
2164	1	2	45	302	2009
2165	1	2	0	328	2008
2166	1	2	4	326	2008
2167	1	1	57	300	2006
2168	1	2	28	314	2007
2169	1	2	16	336	2008
2170	1	2	0	0	2005
2171	1	2	16	310	2007
2172	1	1	12	315	2009
2173	1	1	26	291	2008
2174	1	1	0	315	2009
2175	1	1	7	291	2008
2176	1	2	0	328	2009
2177	1	1	0	325	2008
2178	1	1	16	328	2007
2179	1	2	20	328	0
2180	1	2	0	313	2009
2181	2	2	16	0	2005
2182	1	0	45	317	2007
2183	1	2	12	313	2009
2184	2	1	9	0	2005
2185	1	2	1	315	2008
2186	1	1	26	0	2006
2187	1	2	57	315	2009
2188	2	2	26	0	2005
2189	1	1	27	0	2008
2190	1	2	57	0	2008
2191	1	1	9	326	2007
2192	1	2	0	304	2008
2193	2	0	1	0	2005
2194	1	2	28	315	2008
2195	1	1	33	0	2006
2196	1	1	7	304	2006
2197	1	2	26	315	2008
2198	1	1	20	328	2007
2199	1	1	68	293	2006
2200	1	1	0	291	2008
2201	1	1	26	315	2006
2202	1	0	0	0	0
2203	1	1	20	313	2007
2204	1	2	46	326	2006
2205	1	1	46	330	2008
2206	1	1	30	323	2007
2207	1	1	9	319	2007
2208	1	2	19	315	2008
2209	1	1	30	315	2007
2210	1	2	1	0	2006
2211	1	2	81	301	2007
2212	2	2	26	299	2005
2213	1	1	9	304	2009
2214	2	2	20	299	2004
2215	1	0	46	0	2007
2216	1	2	0	328	2008
2217	4	2	0	0	0
2218	1	2	29	328	2009
2219	1	1	66	304	2008
2220	1	2	1	302	2007
2221	2	1	4	331	2005
2222	1	0	53	304	2009
2223	1	1	0	326	2008
2224	1	2	16	325	2007
2225	1	1	54	329	2008
2226	1	2	62	328	2006
2227	1	2	0	304	2009
2228	2	0	0	0	0
2229	2	1	9	0	2005
2230	2	2	12	312	2005
2231	1	0	0	0	0
2232	1	2	28	312	2007
2233	1	1	34	313	2009
2234	1	1	1	339	2008
2235	1	1	14	291	2008
2236	1	1	5	294	2006
2237	1	2	53	296	2008
2238	1	2	9	326	2008
2239	1	2	57	339	2008
2240	1	1	0	317	2008
2241	1	2	62	302	2009
2242	1	1	27	0	2006
2243	1	1	0	315	2008
2244	2	1	9	0	2005
2245	1	1	4	313	2009
2246	1	1	0	291	2008
2247	2	2	16	0	2005
2248	1	1	75	328	2007
2249	1	2	9	328	2009
2250	1	1	77	336	2008
2251	1	1	0	327	2008
2252	1	2	12	315	2008
2253	1	1	0	313	2009
2254	1	1	1	315	2009
2255	2	1	46	0	2004
2256	1	2	57	0	2006
2257	1	1	26	291	2007
2258	1	1	16	0	2006
2259	1	1	10	325	2007
2260	1	2	9	315	2009
2261	1	1	20	0	2006
2262	1	2	16	313	2009
2263	1	1	9	323	2009
2264	1	2	0	302	2009
2265	1	1	7	314	2007
2266	1	1	63	317	2008
2267	1	2	53	328	2007
2268	1	1	9	317	2007
2269	1	1	53	328	2009
2270	1	2	9	311	2006
2271	1	1	9	304	2009
2272	1	2	1	321	2006
2273	1	2	0	0	2007
2274	1	2	23	313	2008
2275	1	2	20	0	2007
2276	1	2	63	332	2007
2277	1	2	26	322	2006
2278	1	1	63	324	2006
2279	2	2	53	0	2004
2280	1	1	12	300	2007
2281	1	2	20	312	2007
2282	1	1	0	323	2009
2283	1	2	26	315	2008
2284	1	2	26	291	2008
2285	1	1	46	326	2007
2286	2	1	30	0	2005
2287	2	2	26	0	2003
2288	1	1	53	324	2006
2289	2	1	7	0	2005
2290	1	1	9	313	2007
2291	1	1	68	291	2008
2292	1	1	53	0	2006
2293	1	1	80	324	2007
2294	1	1	68	0	2006
2295	1	2	30	325	2006
2296	1	2	53	304	2008
2297	1	1	0	324	2006
2298	1	2	9	304	2008
2299	1	1	23	304	2009
2300	1	2	53	305	2005
2301	1	2	57	323	2008
2302	1	2	23	315	2007
2303	1	2	53	0	2006
2304	1	2	14	0	2008
2305	1	1	1	315	2007
2306	2	1	74	0	2004
2307	1	2	79	0	2008
2308	1	1	0	315	2008
2309	1	1	76	292	2007
2310	1	1	63	315	2008
2311	1	2	7	299	2007
2312	1	1	46	315	2009
2313	1	1	29	302	2009
2314	1	1	51	0	2007
2315	1	2	23	310	2008
2316	1	1	30	332	2007
2317	1	2	53	326	2008
2318	1	0	0	291	2008
2319	1	1	46	0	2006
2320	2	0	0	0	2005
2321	1	2	0	302	2009
2322	1	1	20	318	2008
2323	1	1	0	329	2008
2324	1	1	0	317	2008
2325	1	1	26	0	2006
2326	1	2	17	327	2006
2327	1	2	10	302	2009
2328	1	1	65	302	2008
2329	1	2	0	315	2009
2330	1	1	26	0	2006
2331	2	1	68	293	2005
2332	1	1	46	0	2006
2333	1	2	26	0	2006
2334	1	2	23	313	2009
2335	1	1	63	324	2006
2336	2	2	21	0	2005
2337	1	1	26	326	2008
2338	1	2	0	315	2008
2339	1	1	0	337	2008
2340	1	1	68	304	2009
2341	2	2	14	0	2005
2342	1	2	68	315	2009
2343	2	0	0	0	0
2344	1	1	64	0	2007
2345	1	1	0	326	2008
2346	1	1	53	304	2008
2347	1	1	68	325	2007
2348	1	2	12	315	2008
2349	2	2	16	0	2004
2350	1	2	0	291	2008
2351	1	2	0	315	2009
2352	1	1	27	0	2006
2353	1	1	33	328	2009
2354	1	1	30	0	2007
2355	1	1	9	326	2007
2356	1	1	5	313	2009
2357	1	2	26	334	2007
2358	1	1	18	304	2009
2359	1	2	0	304	2009
2360	1	2	24	301	2010
2361	1	1	53	0	2006
2362	1	1	62	0	2008
2363	1	1	16	0	2007
2364	2	1	16	319	2005
2365	1	2	12	0	2006
2366	1	1	12	304	2009
2367	1	1	36	304	2007
2368	1	2	61	0	2008
2369	1	1	17	313	2008
2370	1	1	68	328	2009
2371	5	2	20	0	0
2372	1	1	14	328	2009
2373	1	1	45	323	2006
2374	1	2	17	326	2008
2375	1	2	57	291	2008
2376	1	2	45	314	2006
2377	1	2	57	302	2009
2378	1	2	53	325	2007
2379	1	1	30	318	2008
2380	1	2	17	330	2008
2381	2	1	9	0	2005
2382	1	2	17	291	2007
2383	1	1	10	325	2007
2384	1	0	0	0	0
2385	1	0	0	0	0
2386	1	1	0	291	2008
2387	1	2	29	313	2009
2388	1	0	0	0	0
2389	1	2	53	326	2007
2390	1	1	10	325	2007
2391	1	1	68	324	2007
2392	5	2	57	0	2004
2393	1	1	34	326	2006
2394	1	1	30	336	2007
2395	1	1	62	304	2008
2396	2	2	57	0	2005
2397	1	2	51	315	2008
2398	1	0	74	326	2008
2399	1	0	11	291	2008
2400	2	1	46	315	2004
2401	1	1	63	324	2006
2402	1	2	29	304	2009
2403	1	2	0	315	2008
2404	1	2	35	339	2008
2405	1	2	57	296	2009
2406	1	1	68	324	2007
2407	1	2	9	315	2008
2408	1	2	20	320	2006
2409	1	1	0	304	2009
2410	1	1	12	328	2009
2411	1	2	57	323	2009
2412	1	2	53	291	2008
2413	2	1	32	0	2004
2414	1	1	34	332	2008
2415	1	2	77	291	2008
2416	1	1	36	0	2006
2417	1	2	26	304	2006
2418	1	1	68	315	2008
2419	2	2	26	339	2003
2420	1	2	53	0	2006
2421	1	1	17	326	2006
2422	1	1	9	304	2009
2423	1	1	27	315	0
2424	1	2	23	294	2007
2425	1	1	46	304	2006
2426	1	1	5	315	2007
2427	1	2	28	0	2006
2428	1	2	23	317	2007
2429	1	1	27	328	2009
2430	1	2	20	304	2009
2431	1	2	0	328	2009
2432	1	1	54	339	2008
2433	2	2	14	0	2004
2434	2	0	0	0	0
2435	1	1	14	304	2007
2436	1	2	26	315	2008
2437	1	1	53	0	2006
2438	1	2	63	299	2006
2439	1	2	26	0	0
2440	1	2	16	325	2007
2441	1	2	28	339	2008
2442	1	1	53	323	2009
2443	1	1	68	304	2008
2444	1	1	63	296	2008
2445	2	2	26	0	2005
2446	1	2	12	309	2006
2447	5	2	14	0	2006
2448	2	2	53	305	2005
2449	1	1	17	0	2006
2450	1	2	45	309	2010
2451	1	1	18	291	2007
2452	1	1	9	339	2008
2453	1	1	53	324	2007
2454	2	1	0	0	2004
2455	1	1	14	324	2007
2456	1	2	38	313	2008
2457	1	1	12	323	2009
2458	1	1	36	0	2006
2459	1	2	57	304	2008
2460	1	1	9	328	2009
2461	1	2	9	0	2006
2462	1	2	12	315	2008
2463	1	1	57	0	2007
2464	1	1	46	0	2006
2465	2	1	0	307	2004
2466	2	1	27	0	2005
2467	1	1	74	315	2006
2468	1	2	26	305	2007
2469	1	1	68	0	2007
2470	1	1	0	323	2009
2471	1	1	59	324	2007
2472	1	1	0	291	2008
2473	1	1	1	315	2006
2474	1	1	33	304	2005
2475	1	1	63	0	2005
2476	1	2	0	328	2008
2477	1	2	23	328	2009
2478	1	2	9	328	2009
2479	1	2	1	321	2006
2480	1	2	0	326	2008
2481	1	2	23	313	2009
2482	1	2	23	328	2009
2483	1	1	9	300	2007
2484	1	1	33	317	2007
2485	1	1	51	339	2007
2486	2	1	27	0	0
2487	1	1	27	0	2007
2488	1	2	9	291	2008
2489	1	1	0	328	2009
2490	1	1	0	0	2007
2491	1	1	45	290	2007
2492	1	1	0	313	2008
2493	1	2	9	328	2006
2494	1	2	12	315	2008
2495	2	1	57	322	2005
2496	1	1	63	0	2007
2497	1	2	53	315	2006
2498	1	2	27	323	2009
2499	2	1	4	0	2005
2500	2	1	0	0	2005
2501	1	2	59	320	2007
2502	1	1	23	313	2009
2503	2	0	0	0	0
2504	1	2	55	0	0
2505	1	0	61	0	2007
2506	1	1	17	304	2008
2507	1	1	1	0	2007
2508	1	1	72	0	2006
2509	1	2	23	321	2008
2510	1	2	12	315	2008
2511	1	1	25	315	2008
2512	1	2	57	313	2008
2513	1	2	26	291	2008
2514	2	1	74	298	2005
2515	1	1	30	0	2006
2516	1	1	0	291	2008
2517	2	1	53	300	2004
2518	1	2	28	315	2008
2519	1	2	26	0	2007
2520	2	2	28	301	2005
2521	1	2	0	309	2006
2522	1	2	1	328	2009
2523	1	1	54	327	2006
2524	1	2	0	302	2009
2525	1	1	0	325	2008
2526	2	2	23	0	2005
2527	1	1	1	307	2007
2528	1	0	68	0	2007
2529	2	1	9	0	2005
2530	1	1	30	320	2007
2531	1	2	53	306	2007
2532	1	1	46	0	2006
2533	1	1	9	323	2009
2534	2	1	46	0	2005
2535	1	2	0	304	2009
2536	5	1	68	0	2006
2537	1	1	27	324	2007
2538	1	0	26	0	2007
2539	1	2	28	304	2009
2540	1	1	74	321	2006
2541	2	2	26	299	2005
2542	1	1	68	0	2006
2543	1	2	0	315	2008
2544	1	1	29	302	2009
2545	1	1	4	304	2007
2546	1	2	9	317	2008
2547	2	2	16	0	2005
2548	2	1	68	0	2005
2549	1	2	9	311	2006
2550	1	2	10	315	2008
2551	1	2	20	327	2007
2552	1	1	10	302	2009
2553	1	2	68	291	2008
2554	1	0	0	0	0
2555	1	1	5	320	2006
2556	1	1	4	330	2007
2557	1	2	1	291	2008
2558	2	2	53	305	2005
2559	1	1	53	0	2007
2560	2	2	20	306	2005
2561	2	1	1	0	2004
2562	1	2	59	336	2007
2563	1	1	67	328	2009
2564	2	2	28	305	2003
2565	1	1	46	0	2006
2566	1	1	1	304	2009
2567	2	1	20	0	2005
2568	1	1	0	304	2009
2569	1	1	63	325	2008
2570	1	2	12	0	2005
2571	3	2	16	0	0
2572	2	1	68	0	2005
2573	1	1	26	0	2005
2574	1	1	27	326	2007
2575	1	2	29	304	2009
2576	1	2	0	313	2009
2577	1	1	9	328	2009
2578	1	1	6	0	2006
2579	2	1	45	298	2004
2580	2	1	28	319	2005
2581	1	1	51	313	2009
2582	1	2	57	314	2006
2583	1	2	23	335	2007
2584	1	1	27	318	2006
2585	2	2	20	299	2005
2586	2	1	30	0	2003
2587	1	1	0	315	2009
2588	1	2	0	315	2009
2589	2	1	9	0	2004
2590	2	1	17	0	2005
2591	2	2	9	0	2004
2592	1	1	53	304	2009
2593	2	1	17	325	2005
2594	1	1	9	339	2007
2595	1	1	59	304	2006
2596	2	2	12	0	2005
2597	1	2	9	304	0
2598	1	0	53	0	2007
2599	2	0	68	300	2004
2600	1	2	12	291	2008
2601	2	1	68	0	0
2602	1	1	66	0	2006
2603	1	1	0	315	2009
2604	1	2	57	302	2009
2605	1	1	63	304	2009
2606	2	1	46	0	2005
2607	2	1	54	0	2004
2608	1	2	1	305	2006
2609	1	2	16	309	2006
2610	1	2	29	327	2006
2611	1	1	30	324	2007
2612	1	1	24	0	0
2613	2	1	12	0	2002
2614	1	2	28	304	2008
2615	2	2	53	0	2005
2616	2	1	5	0	2004
2617	1	1	18	313	2008
2618	2	1	53	0	2005
2619	1	2	16	313	2009
2620	2	2	16	0	2004
2621	1	2	1	291	2007
2622	1	1	9	291	2008
2623	1	2	18	315	2009
2624	1	1	4	304	2008
2625	1	1	29	313	2009
2626	1	2	9	0	2007
2627	1	2	57	313	2008
2628	1	1	14	328	2008
2629	1	1	1	334	2007
2630	2	1	68	0	2005
2631	1	2	12	328	2009
2632	1	2	0	291	2008
2633	1	1	0	328	2009
2634	2	2	30	0	2005
2635	1	1	62	0	2007
2636	1	1	68	328	2007
2637	1	2	57	336	2008
2638	1	2	68	325	2008
2639	1	1	0	302	2008
2640	1	0	1	0	2007
2641	1	1	27	328	2009
2642	1	1	0	328	2009
2643	1	2	0	313	2009
2644	2	0	53	0	2005
2645	2	1	12	300	2004
2646	1	1	14	319	2006
2647	1	1	68	326	2007
2648	5	0	20	0	0
2649	1	1	0	315	2008
2650	1	1	0	328	2009
2651	1	1	30	327	2007
2652	1	1	9	313	2008
2653	1	2	0	0	2008
2654	1	1	9	0	2006
2655	2	1	0	0	2004
2656	2	1	4	0	2004
2657	1	2	18	313	2009
2658	1	1	63	0	2006
2659	1	2	0	315	2009
2660	1	2	30	291	2008
2661	1	1	26	0	2006
2662	2	0	59	0	2005
2663	1	2	53	0	2006
2664	1	2	9	315	2008
2665	2	2	23	0	2005
2666	2	1	53	290	2005
2667	1	2	1	315	2008
2668	1	2	61	299	2006
2669	1	1	68	329	2008
2670	2	2	53	304	2005
2671	1	1	63	315	2008
2672	1	2	0	315	2009
2673	1	2	26	328	2009
2674	2	1	12	0	2005
2675	1	1	63	324	2006
2676	1	1	53	328	2009
2677	1	2	22	317	2006
2678	1	1	82	292	2007
2679	1	2	81	0	2007
2680	2	1	0	0	2004
2681	1	2	9	309	2006
2682	1	2	53	299	2006
2683	1	1	0	315	2008
2684	1	1	0	328	2009
2685	2	1	74	0	2005
2686	1	1	7	315	2008
2687	1	1	1	0	2006
2688	1	2	57	325	2008
2689	1	1	0	324	2007
2690	1	2	26	0	2006
2691	2	2	53	311	2004
2692	1	2	40	301	2006
2693	1	1	9	329	2008
2694	1	1	1	324	2007
2695	1	2	12	302	2009
2696	1	2	1	313	0
2697	1	0	0	0	0
2698	1	2	26	304	2007
2699	1	1	10	327	2007
2700	2	2	28	306	2004
2701	1	1	12	304	2009
2702	1	1	59	328	2006
2703	1	1	33	315	2008
2704	1	1	10	291	2008
2705	2	2	12	0	2003
2706	2	2	28	0	2005
2707	1	1	0	315	2009
2708	1	2	0	313	2006
2709	1	1	63	313	2006
2710	1	1	4	304	2007
2711	1	1	9	323	2009
2712	1	2	29	291	2008
2713	1	2	0	315	2008
2714	1	1	46	313	2009
2715	1	0	26	0	2006
2716	2	0	53	0	0
2717	1	2	54	340	2007
2718	1	2	23	310	2007
2719	1	0	0	0	0
2720	1	2	20	326	2007
2721	1	1	0	315	2009
2722	1	1	4	304	2009
2723	1	1	34	313	2008
2724	1	2	16	304	2009
2725	2	1	28	0	2003
2726	1	2	62	326	2007
2727	1	1	53	336	2008
2728	1	1	74	0	2008
2729	1	2	1	315	2006
2730	2	2	26	321	2005
2731	1	1	68	324	2006
2732	1	1	45	295	2007
2733	1	1	34	321	2007
2734	1	1	46	329	2007
2735	1	2	26	294	2006
2736	1	1	0	328	2009
2737	1	2	46	318	2008
2738	1	1	9	304	2009
2739	2	1	28	0	2005
2740	1	2	68	0	2007
2741	1	1	46	0	2006
2742	1	2	74	328	2007
2743	1	1	33	325	2008
2744	1	1	68	0	2007
2745	1	2	26	315	2009
2746	1	2	14	304	2008
2747	2	0	62	0	2004
2748	1	1	9	320	2006
2749	1	1	53	327	2008
2750	1	2	53	291	2007
2751	1	2	57	0	2006
2752	1	1	1	0	2006
2753	1	1	53	0	2007
2754	2	1	66	0	2003
2755	1	1	53	0	2005
2756	1	1	9	323	2009
2757	2	2	63	311	2004
2758	1	2	20	326	2007
2759	1	1	4	0	2007
2760	1	0	0	0	0
2761	1	1	46	313	2008
2762	1	2	57	328	2007
2763	1	2	9	323	2009
2764	2	2	9	328	2005
2765	1	2	62	301	2007
2766	1	2	63	302	2007
2767	1	0	30	330	2007
2768	1	2	0	315	2009
2769	1	0	16	313	2008
2770	1	2	26	291	2007
2771	1	1	10	304	2009
2772	1	1	5	324	2007
2773	1	1	7	304	2007
2774	1	1	46	291	2007
2775	2	2	68	301	2005
2776	1	1	57	328	2009
2777	1	2	0	0	2008
2778	1	2	9	0	2007
2779	1	2	12	313	2009
2780	1	2	74	0	2006
2781	1	2	12	315	2010
2782	1	2	30	0	2005
2783	2	2	53	0	2005
2784	1	1	0	0	2007
2785	1	1	26	291	2008
2786	1	1	17	315	2008
2787	1	2	23	327	2007
2788	1	1	46	330	2008
2789	1	2	1	315	2009
2790	1	2	23	314	2006
2791	1	1	53	300	2006
2792	1	2	25	303	2006
2793	1	2	0	291	2008
2794	1	1	26	291	2008
2795	1	1	30	304	2007
2796	1	2	14	0	2006
2797	1	2	53	336	2006
2798	1	2	12	0	2008
2799	1	0	0	0	0
2800	1	2	20	0	0
2801	2	2	12	0	2005
2802	1	2	23	313	2009
2803	1	1	4	339	2007
2804	1	2	26	0	0
2805	2	1	27	316	2004
2806	1	1	9	328	2006
2807	1	1	0	302	2009
2808	1	2	53	315	2008
2809	2	2	26	0	2004
2810	1	2	62	323	2008
2811	1	2	28	0	2006
2812	1	2	27	311	2006
2813	1	2	28	331	2007
2814	1	2	63	312	2006
2815	1	1	30	315	2007
2816	1	2	53	318	2008
2817	2	1	23	0	2005
2818	1	0	0	315	0
2819	1	0	0	0	0
2820	1	1	0	315	2008
2821	1	1	30	290	2007
2822	1	1	14	304	2009
2823	2	1	53	0	2004
2824	2	1	12	307	2005
2825	1	1	0	0	2009
2826	1	1	27	315	2006
2827	1	1	23	328	2008
2828	1	1	0	291	2008
2829	2	1	63	0	2004
2830	2	1	1	0	2005
2831	1	1	74	0	2007
2832	1	2	17	315	2009
2833	1	2	9	328	2009
2834	2	1	63	0	2005
2835	1	1	26	313	2009
2836	1	2	29	315	2009
2837	2	1	74	0	2005
2838	1	2	0	313	2009
2839	1	1	9	315	2009
2840	1	2	58	0	2006
2841	2	2	62	312	2005
2842	2	1	16	0	2005
2843	2	2	26	0	2004
2844	1	1	63	0	2006
2845	2	2	23	0	2005
2846	1	1	9	0	2007
2847	1	1	27	324	2006
2848	1	2	0	0	0
2849	1	2	9	313	2009
2850	1	1	30	323	2007
2851	1	1	63	328	2008
2852	5	2	18	0	2005
2853	2	1	68	0	2005
2854	2	0	30	0	2005
2855	2	2	53	320	2005
2856	1	1	46	0	2007
2857	1	0	53	0	2006
2858	1	1	59	336	2008
2859	1	2	16	313	2009
2860	1	1	74	0	2007
2861	1	2	26	0	2006
2862	1	2	53	313	2009
2863	1	1	63	304	2009
2864	1	2	20	291	2008
2865	1	1	53	0	2007
2866	1	0	9	0	2009
2867	1	2	45	291	2007
2868	1	1	45	323	2009
2869	1	2	26	297	2006
2870	1	1	20	313	2009
2871	1	1	16	304	2009
2872	1	1	0	313	2009
2873	1	1	1	291	2008
2874	1	1	61	320	2006
2875	1	2	29	315	2008
2876	1	1	33	303	2006
2877	1	1	68	0	0
2878	1	0	0	0	0
2879	1	1	75	328	2009
2880	2	1	53	307	2005
2881	1	1	53	317	2007
2882	1	2	23	323	2009
2883	1	1	9	320	2006
2884	2	0	34	0	2005
2885	2	1	68	0	2005
2886	1	2	0	315	2008
2887	2	2	21	0	2005
2888	1	1	53	328	2008
2889	1	2	26	309	2005
2890	1	1	17	320	2006
2891	1	1	68	332	2008
2892	1	2	28	304	2008
2893	4	2	0	0	2004
2894	1	2	12	328	2009
2895	1	2	0	0	2009
2896	1	1	53	0	2006
2897	2	0	0	0	0
2898	1	2	12	0	2005
2899	1	2	20	315	2008
2900	1	1	6	324	2007
2901	1	1	9	325	2006
2902	2	2	61	0	2005
2903	1	2	57	315	2008
2904	1	1	26	336	2005
2905	1	2	34	328	2008
2906	1	1	0	323	2009
2907	1	1	9	0	2006
2908	1	2	62	315	2006
2909	1	2	57	0	2007
2910	1	2	0	291	2008
2911	2	2	30	0	2005
2912	1	1	53	0	2007
2913	1	1	12	307	2007
2914	1	2	26	0	2007
2915	1	1	27	315	2008
2916	1	1	34	313	2009
2917	1	1	53	302	2009
2918	1	2	12	0	2005
2919	1	1	75	290	2006
2920	1	2	9	324	2006
2921	1	2	26	313	2009
2922	1	2	54	0	2007
2923	1	2	20	320	2006
2924	2	2	26	319	2005
2925	1	1	0	302	2009
2926	1	0	1	305	2007
2927	1	1	6	313	2009
2928	1	1	53	0	2006
2929	1	2	16	315	2009
2930	1	1	9	324	2007
2931	5	2	17	0	2006
2932	1	1	0	304	2009
2933	1	1	0	323	2009
2934	1	2	0	304	2009
2935	1	2	17	326	2008
2936	1	2	61	328	2009
2937	1	2	1	0	2007
2938	1	1	4	329	2008
2939	1	2	0	328	2009
2940	1	1	53	291	2008
2941	1	1	10	328	2008
2942	1	2	16	317	2008
2943	2	1	27	0	2005
2944	1	2	9	328	2008
2945	1	2	23	304	2007
2946	1	2	63	325	2006
2947	1	1	0	323	2009
2948	2	0	68	0	0
2949	1	2	57	319	2006
2950	1	2	53	328	2009
2951	1	1	68	317	2008
2952	2	1	30	0	2005
2953	1	0	9	324	2007
2954	1	2	54	317	2007
2955	1	1	68	328	2009
2956	1	1	0	315	2009
2957	1	1	27	296	2008
2958	1	1	27	328	2009
2959	1	1	5	304	2007
2960	1	2	57	339	2008
2961	1	2	53	315	2008
2962	1	2	62	0	2008
2963	1	0	0	0	0
2964	1	1	9	0	2008
2965	1	1	38	328	2008
2966	2	1	20	0	2004
2967	1	2	29	327	2006
2968	1	1	68	325	2007
2969	1	2	12	291	2008
2970	1	2	0	0	0
2971	1	2	0	302	2009
2972	2	1	52	293	1981
2973	1	2	16	304	2008
2974	1	1	0	291	2008
2975	1	1	0	328	2008
2976	1	1	30	0	2008
2977	1	2	54	327	2007
2978	1	1	20	291	2008
2979	2	1	21	0	2003
2980	2	1	53	0	0
2981	1	2	63	328	2009
2982	2	1	0	0	2005
2983	1	1	0	313	2009
2984	1	2	9	0	2008
2985	1	1	1	0	2006
2986	1	1	68	0	2008
2987	1	2	29	328	2009
2988	1	1	33	328	2009
2989	1	2	17	304	2008
2990	1	2	16	304	2009
2991	1	1	74	304	2008
2992	1	2	0	302	2009
2993	1	2	26	304	2007
2994	2	2	28	309	2000
2995	1	1	12	334	2007
2996	1	2	0	328	2009
2997	1	0	0	315	0
2998	1	1	74	313	2007
2999	1	0	38	0	2007
3000	1	2	29	313	2009
3001	1	2	34	328	2009
3002	1	2	26	313	2009
3003	1	1	68	313	2009
3004	1	2	54	338	2006
3005	2	2	28	319	2005
3006	2	1	5	0	2005
3007	1	1	0	315	2009
3008	1	2	20	313	2009
3009	1	2	26	0	0
3010	1	1	46	0	2006
3011	2	1	25	0	2005
3012	1	2	23	315	2009
3013	2	2	46	0	2004
3014	1	1	9	0	2006
3015	1	0	63	0	2007
3016	1	1	9	0	2008
3017	2	2	26	309	2005
3018	1	1	26	324	2007
3019	1	2	17	321	2006
3020	1	2	0	330	2008
3021	1	1	54	313	2009
3022	1	1	75	313	2008
3023	1	2	62	291	2008
3024	1	2	14	339	2008
3025	1	2	10	315	2008
3026	1	1	46	323	2008
3027	2	1	76	0	2005
3028	1	1	1	329	2008
3029	1	2	20	291	2007
3030	1	2	54	0	2007
3031	1	2	57	328	2007
3032	1	1	82	328	2009
3033	1	1	6	294	2006
3034	2	2	53	0	2005
3035	1	2	63	313	2009
3036	1	2	63	313	2009
3037	1	1	68	324	2007
3038	1	1	10	328	2009
3039	2	1	74	0	2005
3040	1	2	28	302	2009
3041	1	2	9	313	2009
3042	1	1	9	0	2008
3043	1	2	63	322	2007
3044	1	0	9	315	2008
3045	1	1	9	313	2008
3046	1	2	53	291	2008
3047	1	1	57	327	2008
3048	1	1	0	304	2009
3049	1	1	9	0	2006
3050	1	1	36	315	2009
3051	1	1	34	326	2006
3052	1	2	30	320	2006
3053	2	1	28	0	2005
3054	2	1	53	0	2005
3055	2	2	63	309	2005
3056	2	2	45	0	2005
3057	1	2	14	291	2008
3058	1	0	63	329	2008
3059	2	1	53	0	2005
3060	1	1	33	315	2008
3061	1	1	0	317	2008
3062	1	1	26	327	2006
3063	1	2	26	309	2007
3064	1	1	68	302	2009
3065	1	1	26	320	2006
3066	1	2	9	0	2008
3067	1	1	9	323	2008
3068	2	2	46	0	2005
3069	1	1	75	304	2007
3070	1	1	27	315	2009
3071	1	1	1	0	2006
3072	2	1	76	0	2005
3073	1	2	29	313	2009
3074	2	2	30	0	0
3075	2	2	17	310	2004
3076	1	1	63	313	2009
3077	1	2	75	328	2008
3078	1	2	0	315	2008
3079	2	1	4	0	2005
3080	1	2	57	313	2008
3081	1	1	46	323	2008
3082	2	2	28	0	2005
3083	1	1	17	304	2006
3084	1	2	28	313	2008
3085	1	1	0	302	2009
3086	1	2	12	329	2008
3087	2	1	46	0	2005
3088	1	2	1	299	2007
3089	1	1	68	315	2008
3090	1	2	9	302	2009
3091	2	0	53	0	2005
3092	1	2	25	301	2007
3093	2	1	68	0	2005
3094	1	2	0	0	2008
3095	1	1	27	0	2008
3096	2	1	46	0	2005
3097	1	1	27	315	2006
3098	2	2	54	0	1997
3099	1	1	9	328	2009
3100	1	2	12	328	2009
3101	1	2	20	311	2006
3102	1	1	16	0	2006
3103	2	1	12	0	2004
3104	1	1	33	304	2009
3105	2	1	26	0	2005
3106	1	1	9	0	2006
3107	1	1	30	0	2006
3108	1	2	53	297	2006
3109	2	2	0	0	2005
3110	1	1	0	291	2008
3111	1	2	23	315	2008
3112	2	1	56	0	2004
3113	1	2	62	301	2005
3114	1	1	53	291	2008
3115	1	2	18	291	2007
3116	1	1	46	291	2008
3117	1	1	68	318	2006
3118	1	0	26	0	0
3119	1	1	36	323	2008
3120	1	1	38	313	2008
3121	1	1	27	315	2005
3122	1	2	16	320	2006
3123	1	2	0	291	2008
3124	1	1	9	304	2009
3125	1	1	27	329	2008
3126	1	2	10	0	2008
3127	1	2	57	306	2006
3128	1	1	82	304	2009
3129	1	2	74	318	2007
3130	1	2	30	328	2009
3131	1	1	0	313	2009
3132	1	1	38	315	2009
3133	1	1	68	319	2006
3134	5	1	0	0	0
3135	1	2	23	314	2006
3136	2	2	26	0	2005
3137	1	2	57	336	2007
3138	1	2	9	291	2008
3139	1	0	30	324	2007
3140	1	2	0	302	2009
3141	2	2	26	312	2004
3142	1	2	25	326	2006
3143	2	1	26	0	2004
3144	1	1	63	323	2009
3145	2	2	12	0	2004
3146	1	2	20	304	2008
3147	1	2	11	0	2008
3148	1	1	9	328	2007
3149	1	1	16	315	2008
3150	2	0	28	0	2005
3151	1	2	63	315	2008
3152	1	1	9	315	2009
3153	1	1	0	313	2009
3154	1	1	26	0	2007
3155	1	2	26	0	0
3156	2	1	27	0	2004
3157	1	2	53	0	2006
3158	1	1	26	304	2008
3159	1	1	46	313	2009
3160	1	1	68	313	2009
3161	1	2	63	291	2007
3162	1	2	9	328	2009
3163	2	1	0	300	2004
3164	2	1	0	0	0
3165	1	2	10	313	2008
3166	1	1	70	0	2007
3167	1	2	53	312	2007
3168	2	2	12	299	2005
3169	1	1	46	324	2007
3170	1	2	46	313	2009
3171	1	1	17	0	2007
3172	1	2	17	339	2008
3173	1	2	12	315	2009
3174	1	1	0	315	2009
3175	2	1	68	0	2005
3176	1	1	0	0	2010
3177	1	1	71	294	2005
3178	1	2	45	302	2009
3179	1	1	9	291	2007
3180	1	1	45	313	2009
3181	2	2	53	301	2004
3182	1	2	17	327	2007
3183	1	1	9	325	2007
3184	2	2	9	306	2004
3185	1	2	1	306	2006
3186	1	0	0	0	0
3187	1	1	46	313	2009
3188	1	2	28	304	2009
3189	1	2	29	315	2009
3190	1	2	14	327	2007
3191	1	2	9	304	2009
3192	1	2	29	327	2008
3193	1	1	27	315	2008
3194	1	2	0	291	2008
3195	1	1	46	304	2008
3196	1	1	26	315	2008
3197	1	2	0	323	2009
3198	1	0	22	304	2007
3199	1	2	12	328	2008
3200	1	2	14	315	2007
3201	2	2	9	301	2005
3202	5	2	27	0	2007
3203	1	2	28	291	2008
3204	1	2	57	291	2007
3205	1	2	20	291	2008
3206	1	1	0	328	2009
3207	1	1	27	304	2008
3208	1	1	68	329	2008
3209	2	1	30	0	2003
3210	2	1	23	0	2004
3211	1	1	0	0	2008
3212	1	2	29	313	2009
3213	1	1	16	327	2008
3214	1	1	0	328	2009
3215	1	1	68	300	2006
3216	1	1	9	0	2009
3217	1	2	29	291	2008
3218	1	1	45	328	2009
3219	1	2	0	291	2008
3220	1	2	57	302	2009
3221	1	1	57	325	2006
3222	1	2	29	340	2007
3223	1	2	16	315	2008
3224	2	1	12	319	2005
3225	1	2	1	336	2006
3226	1	1	54	324	2007
3227	2	1	9	0	2005
3228	1	1	46	329	2007
3229	1	1	53	320	2006
3230	1	1	20	298	2007
3231	1	2	0	315	2009
3232	1	2	53	291	2008
3233	1	1	68	291	2007
3234	1	1	14	325	2008
3235	1	2	59	339	2007
3236	1	1	17	317	2008
3237	1	1	26	315	2007
3238	1	2	82	304	2009
3239	2	1	46	0	2005
3240	1	2	29	315	2008
3241	1	2	0	291	2008
3242	2	1	20	0	2005
3243	1	2	29	304	2009
3244	1	2	0	315	2009
3245	1	1	53	313	2009
3246	2	1	12	294	2005
3247	2	1	33	293	2005
3248	1	1	0	304	2008
3249	1	0	0	328	2009
3250	1	2	54	309	2007
3251	2	2	59	0	2005
3252	1	2	23	313	2008
3253	1	2	77	319	2007
3254	2	2	26	0	0
3255	1	1	0	291	2008
3256	1	1	14	324	2006
3257	2	2	29	0	2004
3258	1	1	0	304	2008
3259	1	2	0	315	2008
3260	2	1	20	0	2005
3261	1	2	68	291	2007
3262	1	2	29	315	2009
3263	5	2	12	0	2004
3264	1	2	68	305	2006
3265	2	2	57	301	0
3266	1	2	16	323	2009
3267	1	2	57	313	2008
3268	1	1	63	315	2008
3269	1	2	26	320	2006
3270	1	1	1	291	2007
3271	1	2	10	291	2007
3272	1	1	0	0	0
3273	1	1	9	330	2008
3274	1	2	23	0	2007
3275	2	1	17	0	2005
3276	1	1	7	323	2009
3277	1	2	63	312	2007
3278	1	2	10	323	2008
3279	1	2	1	312	2007
3280	1	1	0	328	2009
3281	1	2	17	325	2006
3282	5	1	63	293	2004
3283	2	1	9	318	2005
3284	2	1	36	0	2005
3285	1	1	74	315	2007
3286	1	2	0	339	2008
3287	1	1	1	315	2008
3288	1	1	1	326	2007
3289	1	2	29	304	2009
3290	1	0	36	0	2006
3291	2	1	27	0	2005
3292	1	1	27	315	2006
3293	1	1	54	326	2006
3294	1	1	46	313	2009
3295	1	1	54	323	2009
3296	1	2	20	313	2008
3297	2	1	14	0	2005
3298	1	2	12	304	2009
3299	3	0	16	0	0
3300	1	1	68	291	2008
3301	1	1	68	0	2006
3302	1	1	70	323	2009
3303	1	1	0	302	2009
3304	1	2	26	0	0
3305	1	2	63	325	2007
3306	1	1	54	328	2009
3307	1	0	0	0	0
3308	1	1	0	315	2009
3309	1	1	46	330	2008
3310	1	1	64	0	2007
3311	1	1	68	302	2009
3312	2	2	57	0	2005
3313	1	1	0	0	2005
3314	4	0	0	0	0
3315	1	1	70	0	2006
3316	2	2	12	0	2005
3317	1	2	1	299	2007
3318	2	2	29	339	2004
3319	1	0	0	0	0
3320	1	2	68	332	2008
3321	1	2	16	317	2007
3322	1	1	0	304	2009
3323	1	1	68	0	2007
3324	1	1	68	315	2009
3325	2	2	12	291	2005
3326	1	1	46	324	2007
3327	2	2	57	0	2005
3328	1	1	53	0	2006
3329	1	2	69	313	2008
3330	1	1	0	315	2009
3331	1	1	0	304	2009
3332	1	2	0	0	2007
3333	1	2	26	0	2008
3334	1	2	16	0	2007
3335	2	1	9	0	2004
3336	1	2	9	313	2008
3337	1	1	0	328	2009
3338	1	2	0	311	2006
3339	1	0	0	0	0
3340	1	1	12	291	2008
3341	1	1	74	0	2005
3342	1	2	17	337	2008
3343	1	1	30	304	2009
3344	1	1	0	328	2009
3345	1	1	16	313	2009
3346	1	1	51	328	2007
3347	1	1	53	313	2008
3348	1	1	4	327	2006
3349	1	2	14	321	2006
3350	1	1	68	300	2007
3351	1	1	30	0	2007
3352	1	2	0	328	2008
3353	1	1	9	315	0
3354	1	1	9	304	2009
3355	1	1	74	0	2004
3356	1	2	61	328	2008
3357	1	1	20	0	2006
3358	1	2	53	315	2009
3359	1	2	9	305	2007
3360	2	1	9	0	2005
3361	1	1	71	325	2007
3362	5	2	16	0	2007
3363	1	2	23	328	2008
3364	1	1	63	0	2006
3365	1	1	26	329	2008
3366	1	0	34	311	2007
3367	1	2	0	0	2006
3368	1	1	30	0	2006
3369	1	2	53	291	2008
3370	1	2	28	302	2009
3371	1	2	0	291	2008
3372	2	1	68	0	2005
3373	1	1	30	318	2006
3374	1	1	34	313	2008
3375	1	1	0	328	2009
3376	1	1	17	326	2007
3377	1	1	54	325	2007
3378	1	1	68	290	2007
3379	2	2	26	0	2005
3380	1	1	27	315	2009
3381	1	2	45	291	2007
3382	1	1	17	323	2009
3383	2	1	53	0	2005
3384	1	1	17	315	2009
3385	1	1	0	313	2009
3386	1	2	26	291	2008
3387	1	2	16	310	2006
3388	1	2	23	291	2007
3389	1	2	23	325	2007
3390	1	1	9	315	2009
3391	1	0	0	0	0
3392	1	2	78	313	2007
3393	1	2	9	309	2007
3394	1	1	9	313	2009
3395	2	2	11	299	2004
3396	1	2	10	307	2007
3397	1	0	53	0	2006
3398	1	2	9	315	2008
3399	1	1	53	325	2006
3400	2	1	0	293	2005
3401	1	0	0	291	2007
3402	1	1	68	0	2007
3403	1	1	7	326	2008
3404	2	1	0	0	2003
3405	1	1	45	0	2006
3406	1	1	0	313	2009
3407	1	1	26	0	2006
3408	2	2	28	0	2005
3409	1	2	0	315	2008
3410	1	2	23	315	2007
3411	2	1	12	300	2004
3412	1	1	26	0	2006
3413	1	1	9	0	2007
3414	1	2	0	313	2009
3415	1	1	12	324	2007
3416	1	2	29	328	2009
3417	1	2	0	313	2008
3418	1	2	30	302	2007
3419	5	0	9	0	2005
3420	1	0	0	0	0
3421	1	1	77	315	2008
3422	1	2	63	0	2006
3423	1	2	0	328	2008
3424	1	1	1	0	2006
3425	1	1	20	0	2006
3426	1	2	30	0	2007
3427	1	1	27	313	2009
3428	1	2	57	313	2008
3429	1	2	0	327	2008
3430	1	2	38	336	2006
3431	1	1	68	0	2005
3432	1	2	30	304	2009
3433	1	1	68	324	2007
3434	2	2	35	318	2005
3435	1	2	10	313	2009
3436	2	2	57	0	2005
3437	1	0	0	0	0
3438	1	1	5	324	2007
3439	1	2	30	319	2008
3440	1	1	40	315	2007
3441	1	1	0	323	2009
3442	1	1	4	328	2009
3443	2	1	63	293	2004
3444	1	1	1	325	2007
3445	1	2	16	0	2007
3446	1	1	0	313	2009
3447	1	1	46	0	2007
3448	1	1	53	300	2006
3449	1	1	9	327	2006
3450	1	2	53	304	2007
3451	1	1	68	328	2009
3452	2	2	28	311	2005
3453	1	1	0	328	2009
3454	2	2	1	305	2005
3455	1	1	51	0	0
3456	1	1	75	291	2008
3457	2	1	27	325	2005
3458	1	1	0	304	2009
3459	1	1	27	296	2009
3460	1	2	23	313	2006
3461	1	1	0	313	2009
3462	1	1	82	317	2007
3463	1	1	9	325	2006
3464	1	1	30	0	2006
3465	1	1	82	322	2006
3466	1	1	1	327	2007
3467	1	2	9	291	2008
3468	1	2	75	315	2009
3469	1	2	53	323	2009
3470	2	2	26	321	2005
3471	1	2	46	305	2006
3472	1	2	63	315	2006
3473	1	2	53	291	2007
3474	1	2	26	315	2009
3475	1	2	16	296	2008
3476	1	0	62	323	2008
3477	1	2	33	0	2008
3478	2	1	53	0	2005
3479	1	1	12	0	2006
3480	1	1	70	315	2009
3481	1	1	12	302	2009
3482	1	2	46	301	2007
3483	2	2	26	0	2005
3484	2	2	0	0	2005
3485	1	2	61	0	2008
3486	2	1	74	294	2005
3487	1	2	0	0	2009
3488	1	0	68	315	2008
3489	1	1	9	0	2009
3490	1	1	0	328	2009
3491	2	2	27	305	2003
3492	1	1	1	328	2009
3493	2	2	23	0	2005
3494	5	1	53	0	2005
3495	1	1	4	304	2007
3496	1	1	0	315	2008
3497	1	1	27	0	2006
3498	2	2	64	0	2004
3499	1	2	53	328	2009
3500	1	2	30	327	2008
3501	1	2	26	291	2007
3502	1	1	0	304	2008
3503	1	1	23	327	2007
3504	2	2	53	0	2005
3505	1	1	9	325	2008
3506	1	1	0	313	2009
3507	1	1	68	323	2007
3508	1	0	0	291	2008
3509	1	2	0	315	2008
3510	1	2	68	0	2008
3511	1	1	30	324	2007
3512	1	1	20	337	2008
3513	1	0	0	292	2006
3514	1	1	0	304	2008
3515	1	1	12	313	2009
3516	5	2	17	0	0
3517	5	2	57	0	2004
3518	1	1	9	293	2007
3519	1	1	26	290	2006
3520	1	1	0	315	2008
3521	1	2	57	306	2007
3522	1	2	0	291	2008
3523	1	2	63	291	2007
3524	1	2	0	301	2007
3525	1	2	0	328	2009
3526	2	2	57	0	2004
3527	1	2	1	309	2005
3528	1	2	0	328	2009
3529	1	2	53	309	2006
3530	1	1	68	326	2006
3531	1	1	10	327	2007
3532	1	2	46	313	2008
3533	1	1	0	326	2008
3534	1	2	0	328	2009
3535	1	1	68	0	2006
3536	1	1	63	291	2007
3537	1	1	63	313	2008
3538	1	1	16	304	2007
3539	1	1	33	315	2006
3540	1	2	12	328	2009
3541	1	2	57	313	2009
3542	1	1	1	315	2008
3543	1	1	36	304	2008
3544	1	1	9	304	2008
3545	1	1	4	315	2009
3546	1	1	30	327	2006
3547	2	2	12	305	0
3548	1	2	45	309	2007
3549	1	1	9	330	2008
3550	1	2	57	0	2007
3551	1	2	0	315	2009
3552	2	2	53	0	2005
3553	1	2	16	302	2008
3554	1	2	36	0	2005
3555	2	2	28	0	2005
3556	1	1	6	339	2007
3557	2	1	74	0	2005
3558	1	1	20	0	2006
3559	1	1	12	315	2009
3560	2	1	68	326	2005
3561	1	1	14	324	2007
3562	1	2	17	323	2009
3563	1	1	21	298	2006
3564	2	2	63	0	2003
3565	1	1	46	0	2007
3566	1	1	9	315	2007
3567	1	1	26	324	2007
3568	1	1	34	322	2006
3569	1	1	27	291	2006
3570	1	1	63	315	2007
3571	1	0	75	291	2007
3572	1	2	29	328	2004
3573	1	1	63	0	2008
3574	1	2	2	330	2007
3575	2	1	26	0	2005
3576	2	1	75	298	2005
3577	1	2	20	0	2008
3578	1	2	53	291	2008
3579	2	2	12	0	2003
3580	1	1	27	326	2008
3581	1	1	30	0	2006
3582	1	1	9	0	2008
3583	1	2	45	318	0
3584	2	1	30	0	2005
3585	1	2	53	318	2006
3586	1	2	75	304	2009
3587	1	2	6	328	2008
3588	2	2	53	314	2005
3589	1	1	53	313	2008
3590	1	1	14	324	2007
3591	1	1	53	0	2007
3592	1	2	1	0	2007
3593	1	2	26	311	2007
3594	1	1	34	0	2006
3595	2	2	63	0	2005
3596	1	1	57	313	2009
3597	1	2	0	313	2008
3598	2	1	1	0	2005
3599	1	1	53	323	2009
3600	2	0	0	0	0
3601	1	1	1	319	2006
3602	1	2	29	323	2009
3603	1	1	75	291	2008
3604	1	2	17	313	2007
3605	1	1	68	315	2008
3606	1	2	23	313	2009
3607	1	2	30	323	2008
3608	2	1	26	293	2004
3609	1	1	74	328	2006
3610	1	2	62	294	2006
3611	1	1	30	304	2008
3612	1	1	27	0	2006
3613	2	2	0	0	2005
3614	1	1	14	323	2008
3615	1	2	59	328	2007
3616	1	1	9	304	2009
3617	1	1	0	328	2009
3618	1	1	0	315	2009
3619	1	2	14	315	2009
3620	1	1	84	323	2009
3621	1	1	9	315	2008
3622	1	2	53	296	2009
3623	1	1	7	304	2009
3624	2	0	0	0	0
3625	2	1	61	293	2004
3626	1	0	68	0	2009
3627	1	1	74	0	2006
3628	1	2	59	315	2007
3629	1	2	63	291	2007
3630	1	2	27	304	2009
3631	1	2	0	313	2008
3632	1	2	0	291	0
3633	1	2	1	335	2005
3634	2	1	9	0	2005
3635	1	1	0	313	2009
3636	1	1	30	328	2006
3637	1	2	20	321	2008
3638	2	1	15	0	2004
3639	1	1	0	328	2009
3640	1	2	20	326	2007
3641	2	2	63	323	2002
3642	2	2	26	0	2005
3643	2	2	26	0	2004
3644	1	2	0	0	2006
3645	1	2	68	328	2008
3646	1	1	53	325	2008
3647	1	1	9	0	2007
3648	1	2	4	313	2009
3649	1	1	6	0	2006
3650	2	1	9	318	2005
3651	2	1	46	0	2005
3652	1	1	0	315	2008
3653	1	2	45	322	2006
3654	1	2	16	323	2009
3655	1	1	68	336	2008
3656	1	2	20	315	2009
3657	1	1	30	328	2009
3658	1	1	14	328	2009
3659	1	2	13	328	2009
3660	1	2	26	299	2007
3661	2	2	12	291	2005
3662	1	2	14	328	2009
3663	1	1	0	315	2008
3664	1	1	30	0	2007
3665	1	2	66	304	2007
3666	1	1	0	313	2009
3667	1	2	1	336	2008
3668	1	1	0	0	0
3669	1	2	23	315	2009
3670	1	1	34	336	2008
3671	1	1	0	291	2008
3672	1	2	53	328	2008
3673	1	2	53	291	2008
3674	1	2	63	0	2008
3675	1	2	20	327	2007
3676	1	1	63	313	2007
3677	1	2	46	305	2006
3678	1	2	57	310	2007
3679	1	2	0	315	2009
3680	1	2	24	327	2006
3681	1	2	57	328	2006
3682	2	1	23	0	2005
3683	2	2	23	0	2004
3684	1	1	59	325	2006
3685	1	2	0	315	2009
3686	1	0	34	299	2007
3687	2	2	57	306	2004
3688	1	1	54	323	2009
3689	1	1	14	324	2006
3690	2	2	23	306	2003
3691	1	2	20	291	2008
3692	1	2	57	0	2005
3693	2	1	45	0	2005
3694	1	1	46	334	2007
3695	1	1	68	315	2009
3696	1	2	68	304	2009
3697	1	1	9	326	2007
3698	1	0	68	324	2007
3699	1	1	0	328	2008
3700	2	0	9	300	2005
3701	2	1	30	293	2004
3702	1	1	53	324	2007
3703	2	2	28	0	2005
3704	1	1	1	315	2008
3705	1	2	23	0	2007
3706	1	2	26	338	2006
3707	1	2	26	299	2007
3708	2	1	5	0	2005
3709	1	2	16	304	2008
3710	1	1	12	291	2008
3711	1	2	0	339	2008
3712	1	2	53	328	2009
3713	1	2	12	328	2009
3714	1	2	26	328	2008
3715	1	1	1	327	2007
3716	1	1	0	0	0
3717	2	1	74	0	2005
3718	1	0	0	0	0
3719	1	1	0	315	2008
3720	1	1	0	323	2009
3721	1	1	53	291	2008
3722	1	1	17	315	2008
3723	1	2	0	328	2009
3724	2	2	23	313	2001
3725	1	1	63	313	2009
3726	1	2	16	304	2009
3727	2	2	57	311	2004
3728	1	1	82	323	2009
3729	1	2	14	305	2006
3730	2	1	61	0	2004
3731	2	2	54	327	2005
3732	1	0	30	315	2007
3733	1	1	63	304	0
3734	1	1	21	291	2008
3735	1	2	46	328	2009
3736	1	1	23	313	2008
3737	1	2	53	328	2009
3738	1	1	6	304	2007
3739	1	1	9	304	2009
3740	1	1	68	0	2008
3741	1	1	9	323	2008
3742	1	1	46	0	0
3743	2	1	1	0	2005
3744	2	1	26	0	2005
3745	1	1	72	325	2007
3746	2	0	1	293	2004
3747	1	2	61	328	2009
3748	1	2	23	291	2008
3749	1	1	14	325	2007
3750	1	2	26	291	2007
3751	2	1	20	0	2005
3752	1	1	0	315	2009
3753	1	2	10	313	2009
3754	2	1	0	0	2004
3755	1	0	14	320	2007
3756	1	1	7	0	2006
3757	1	1	0	313	2009
3758	1	2	16	310	2007
3759	2	0	0	0	0
3760	1	2	16	310	2007
3761	1	1	29	315	2008
3762	2	0	9	0	2005
3763	1	1	27	291	2007
3764	2	2	61	0	2004
3765	1	1	0	324	2008
3766	1	1	0	315	2009
3767	1	1	9	322	2006
3768	1	1	68	0	2006
3769	1	1	68	325	2008
3770	1	1	9	328	2009
3771	1	2	12	299	2006
3772	1	2	12	304	2008
3773	1	1	0	323	2009
3774	2	1	48	0	2004
3775	2	2	26	0	2005
3776	1	2	27	291	2008
3777	1	2	54	320	2006
3778	2	2	57	0	2005
3779	1	2	53	299	2006
3780	1	2	74	0	2008
3781	1	1	0	325	2008
3782	1	2	26	312	2006
3783	1	1	16	0	2008
3784	1	1	46	325	2006
3785	1	2	53	301	2006
3786	1	1	62	327	2007
3787	2	2	12	0	2004
3788	2	2	23	0	2005
3789	1	1	53	315	2008
3790	1	2	53	0	2006
3791	1	2	1	0	2006
3792	1	1	29	323	2009
3793	1	1	0	304	2009
3794	2	2	23	0	2005
3795	1	2	38	315	2008
3796	1	2	34	299	2007
3797	1	1	63	327	2007
3798	2	0	53	0	2005
3799	1	1	20	326	2006
3800	1	2	30	291	2006
3801	1	2	57	0	2008
3802	1	1	0	328	2009
3803	1	1	33	328	2009
3804	1	1	7	304	0
3805	1	0	30	326	2007
3806	1	2	9	319	2006
3807	2	2	26	0	2005
3808	2	2	57	0	2005
3809	1	1	0	0	2009
3810	2	1	0	0	2004
3811	1	2	12	302	2009
3812	1	2	16	310	2007
3813	1	1	54	0	2007
3814	2	0	0	0	0
3815	1	0	76	315	2008
3816	1	2	16	313	2008
3817	1	1	68	0	2006
3818	1	0	46	304	2007
3819	1	1	0	324	2007
3820	2	1	30	0	2004
3821	1	1	0	291	2008
3822	1	2	23	315	2008
3823	1	1	0	323	2009
3824	1	1	20	326	2006
3825	1	1	9	315	2007
3826	2	1	1	0	2005
