id	status	gender	major	dorm	year
1	1	1	0	94	0
2	1	2	261	86	2009
3	1	0	277	87	2007
4	1	2	261	93	2009
5	1	0	0	0	2005
6	1	0	0	116	2005
7	2	2	249	112	0
8	1	1	277	0	2007
9	2	2	247	0	2005
10	2	2	241	0	2002
11	1	1	282	90	2008
12	5	2	258	111	2007
13	1	0	0	0	2009
14	2	1	282	0	2004
15	1	2	285	88	2009
16	1	2	0	110	2008
17	1	2	267	88	2009
18	2	2	277	0	2005
19	1	1	0	88	2009
20	1	2	277	86	2009
21	1	1	242	89	2008
22	1	1	241	93	2009
23	2	1	259	0	2004
24	1	0	0	119	2007
25	1	0	261	90	2008
26	1	2	278	0	2006
27	1	2	0	93	2009
28	1	0	277	113	2006
29	2	2	241	0	2000
30	2	2	278	109	2002
31	2	1	277	0	2005
32	1	0	242	0	0
33	2	2	255	0	2005
34	1	1	0	89	2008
35	1	1	236	89	2008
36	1	2	0	0	0
37	1	1	247	117	2007
38	1	2	249	87	2007
39	1	1	276	88	2008
40	1	1	259	104	2007
41	1	2	259	108	2007
42	1	1	261	92	2006
43	1	1	0	91	2008
44	2	1	252	0	2004
45	1	1	249	0	2006
46	1	2	266	89	0
47	1	1	236	96	2006
48	2	1	279	118	2004
49	1	2	0	88	0
50	2	2	282	0	2005
51	1	2	249	94	2009
52	1	2	0	86	2009
53	1	1	0	86	2008
54	2	2	245	0	2004
55	1	1	271	92	2009
56	1	1	0	88	2009
57	2	1	276	0	2005
58	1	1	0	89	2008
59	1	1	249	93	2009
60	2	0	0	0	2005
61	1	2	0	90	2008
62	1	1	249	90	2008
63	1	2	277	89	2007
64	1	1	283	116	2006
65	1	1	261	115	2006
66	2	2	277	0	2004
67	2	1	249	121	2004
68	2	1	278	0	2005
69	1	2	0	89	2008
70	2	0	242	0	2005
71	1	1	271	0	2007
72	1	1	261	87	2008
73	1	0	0	0	0
74	1	2	248	0	2006
75	1	2	247	0	2006
76	1	2	0	89	2007
77	1	2	242	108	2006
78	1	1	0	0	2008
79	2	1	278	0	2005
80	1	1	259	0	2006
81	1	1	278	87	2008
82	1	2	278	114	2007
83	1	1	236	115	2006
84	1	1	0	90	2008
85	1	2	271	116	2006
86	1	2	278	117	2007
87	1	0	0	0	0
88	1	2	0	88	2009
89	1	1	277	115	2007
90	2	2	257	0	2005
91	2	1	249	100	2005
92	1	1	241	117	2007
93	1	2	241	90	2007
94	1	1	235	116	2006
95	1	2	249	89	2008
96	1	2	247	94	2009
97	1	1	235	101	2008
98	1	2	276	122	2006
99	1	2	247	0	2006
100	2	2	279	0	2004
101	1	2	247	101	2008
102	2	1	278	0	2001
103	2	1	273	0	2003
104	1	1	278	115	2006
105	1	1	261	89	2008
106	1	1	261	88	2007
107	1	2	0	90	2008
108	1	2	0	88	2009
109	2	1	282	0	2004
110	2	2	236	0	2005
111	1	2	0	86	2009
112	1	1	267	120	2006
113	2	2	259	107	2005
114	1	1	277	117	2007
115	1	1	241	93	2009
116	2	1	271	0	2004
117	1	1	254	92	2009
118	2	2	247	111	2005
119	1	0	0	115	2008
120	1	1	0	87	2008
121	1	1	277	117	2007
122	1	1	255	119	2006
123	1	2	277	113	2006
124	1	2	249	96	2006
125	1	1	248	86	2009
126	1	2	0	88	2009
127	1	1	261	89	2007
128	1	2	241	88	2009
129	1	1	0	90	2008
130	2	1	274	96	2004
131	1	1	274	0	2006
132	2	1	277	0	2005
133	2	0	0	0	0
134	2	1	251	0	2004
135	5	2	0	0	2005
136	1	2	285	88	2009
137	1	1	236	0	2005
138	2	2	259	0	2005
139	2	1	260	0	2005
140	2	0	0	110	2004
141	1	1	267	0	2007
142	2	1	261	0	2003
143	1	1	249	116	2006
144	1	2	0	88	2009
145	1	1	278	89	2008
146	2	2	255	0	2005
147	1	1	0	90	2008
148	1	2	261	114	2005
149	1	2	239	87	2007
150	1	1	241	0	2005
151	1	1	0	91	2008
152	2	2	277	108	2005
153	2	0	0	0	0
154	1	1	282	89	2008
155	1	2	0	88	2008
156	2	1	277	0	2005
157	1	1	259	121	2007
158	2	1	236	0	2004
159	2	1	277	0	2004
160	1	1	283	89	2008
161	1	1	273	119	2006
162	2	1	254	0	2005
163	2	2	243	109	2002
164	2	2	253	0	2003
165	2	2	245	0	2003
166	1	1	241	90	2008
167	1	2	259	0	2006
168	1	2	0	0	2008
169	1	1	0	87	2008
170	1	2	0	88	2009
171	1	0	0	0	0
172	2	0	261	114	2004
173	1	1	247	117	2007
174	1	1	241	0	2009
175	1	1	0	87	2008
176	1	2	273	116	2006
177	2	2	277	105	2005
178	1	2	241	89	2008
179	2	1	254	0	2005
180	1	2	0	86	2008
181	1	1	0	90	2008
182	4	0	0	0	0
183	1	1	256	118	2007
184	1	1	278	0	2006
185	1	2	0	89	2008
186	1	1	271	0	2006
187	1	0	256	0	2007
188	1	0	0	0	0
189	1	2	278	0	2006
190	5	1	0	0	2004
191	1	1	267	0	2006
192	2	1	277	0	2005
193	2	2	256	0	2004
194	1	1	0	116	2007
195	1	1	248	0	2008
196	1	2	266	115	2008
197	1	1	247	0	2006
198	1	1	249	0	2006
199	1	2	277	110	2006
200	2	2	247	0	2005
201	1	1	0	91	2009
202	1	1	249	0	2006
203	1	1	0	92	2009
204	1	2	0	89	2008
205	1	1	282	121	2007
206	1	1	277	90	2007
207	1	1	249	89	2008
208	2	2	235	0	2005
209	1	1	249	97	2006
210	1	1	255	90	2007
211	1	2	277	91	2009
212	1	2	272	0	2007
213	1	2	266	117	2007
214	2	0	237	0	2004
215	1	1	255	117	2007
216	2	2	282	0	2005
217	1	1	254	0	2006
218	1	2	0	101	2007
219	1	2	277	111	2007
220	1	2	261	88	2009
221	1	2	255	114	2006
222	1	2	277	112	2006
223	1	1	241	93	2009
224	2	1	282	0	2005
225	1	2	0	86	2009
226	1	2	0	88	2009
227	1	1	241	90	2006
228	1	1	272	97	2006
229	1	1	249	86	2009
230	1	2	241	87	2008
231	1	1	265	90	2007
232	2	1	277	118	2005
233	1	2	0	91	2009
234	1	2	245	101	2008
235	2	2	249	120	2005
236	1	1	278	0	2007
237	2	1	265	119	2004
238	1	1	277	0	2005
239	1	2	247	0	2009
240	1	0	247	114	2007
241	1	1	252	0	2006
242	1	1	261	0	2007
243	1	2	0	92	2009
244	1	1	278	119	2007
245	2	2	282	0	2005
246	1	0	0	0	0
247	1	1	286	87	2008
248	2	2	277	0	2005
249	1	2	247	88	2009
250	1	2	255	117	2007
251	1	2	247	89	2008
252	1	2	241	88	2008
253	1	1	0	90	2008
254	1	2	0	86	2009
255	1	1	278	89	2008
256	4	1	238	0	2010
257	2	1	278	0	2004
258	1	0	247	107	2006
259	1	1	0	88	2009
260	1	1	277	0	2006
261	2	2	259	109	2004
262	1	2	247	113	2006
263	1	1	0	92	2009
264	1	2	259	88	2009
265	1	1	261	88	2009
266	2	1	247	0	2003
267	1	2	247	92	2009
268	1	2	277	92	2006
269	1	1	236	87	2008
270	1	1	0	0	0
271	1	2	237	89	2007
272	2	1	249	98	2005
273	1	1	271	0	2006
274	2	1	0	0	2004
275	1	2	255	87	2007
276	1	1	271	90	2008
277	1	1	277	90	2008
278	1	0	261	0	0
279	2	2	278	111	2005
280	1	2	249	113	2005
281	1	1	241	88	2009
282	2	2	0	0	0
283	1	2	259	122	2006
284	1	1	249	98	2006
285	1	1	0	101	2009
286	1	1	249	0	2006
287	1	1	271	0	2007
288	1	2	256	0	2008
289	1	1	241	89	2008
290	1	1	277	0	2007
291	1	1	241	89	2008
292	1	0	259	0	2006
293	2	1	259	0	2004
294	1	2	282	93	2009
295	1	2	282	87	2007
296	1	2	236	93	2009
297	1	2	239	116	2005
298	1	2	239	89	2008
299	2	1	277	115	2005
300	1	1	0	93	2009
301	1	2	276	98	2008
302	1	2	0	88	2008
303	1	1	267	96	2006
304	1	1	249	0	2006
305	1	2	236	88	2009
306	1	2	259	100	2006
307	2	2	253	0	2004
308	2	1	239	116	2005
309	1	1	267	0	2009
310	1	0	0	0	0
311	1	1	0	87	2007
312	1	1	267	0	2006
313	2	1	254	0	2005
314	2	2	0	0	2004
315	1	1	239	88	2008
316	1	2	0	0	0
317	2	1	247	0	2001
318	1	1	261	91	2009
319	1	1	0	92	2008
320	2	1	282	105	2005
321	1	2	0	0	0
322	1	0	0	90	2008
323	2	2	271	122	2004
324	1	1	0	86	2009
325	1	1	240	92	2008
326	1	2	242	104	2006
327	1	1	271	115	2006
328	2	2	273	96	2005
329	1	1	282	0	2007
330	2	0	247	0	2004
331	2	2	245	0	2003
332	2	1	255	0	2005
333	1	2	0	94	2008
334	1	1	0	87	2008
335	1	1	241	89	2008
336	1	1	259	93	2009
337	1	2	235	101	2007
338	1	2	241	92	2009
339	1	1	261	116	2006
340	1	0	277	115	0
341	1	2	243	91	2005
342	1	1	247	87	2008
343	1	1	238	87	2006
344	1	2	269	100	2008
345	1	1	282	0	0
346	2	1	277	0	2005
347	1	1	259	120	2007
348	1	1	0	88	2008
349	4	0	0	0	0
350	1	2	0	86	2009
351	1	0	277	121	2006
352	1	1	0	94	2009
353	1	2	247	88	2009
354	1	0	249	0	2007
355	1	2	256	0	2006
356	2	1	241	0	2005
357	1	2	247	92	2009
358	1	1	0	94	2009
359	2	2	0	0	2004
360	1	1	0	90	2008
361	1	1	240	0	2007
362	1	1	242	86	2009
363	1	2	247	90	2007
364	1	1	249	96	2007
365	1	1	282	0	2007
366	1	2	239	88	2009
367	1	0	0	115	2008
368	1	2	277	111	2006
369	1	2	0	88	2008
370	1	2	277	111	2007
371	1	2	247	0	2007
372	1	1	249	89	2008
373	1	1	0	87	2008
374	1	2	263	96	2006
375	1	0	0	92	2009
376	1	2	259	93	2009
377	1	0	249	0	2008
378	1	1	248	0	2006
379	1	1	271	98	2006
380	1	0	0	0	0
381	2	0	0	0	0
382	2	2	241	111	2005
383	1	2	278	91	2005
384	1	1	268	94	2009
385	1	2	267	86	2008
386	2	1	236	119	2004
387	1	1	282	90	2007
388	1	2	282	87	2008
389	1	1	249	119	2007
390	1	1	261	116	2007
391	2	2	259	0	2004
392	1	1	282	0	2007
393	1	1	278	99	2005
394	1	2	0	86	2009
395	1	1	271	91	2009
396	1	2	247	0	2006
397	1	1	270	93	2009
398	1	2	261	89	0
399	2	0	249	0	2005
400	1	2	0	93	2008
401	4	0	0	0	0
402	1	1	261	94	2009
403	2	2	259	117	2004
404	1	1	241	89	2008
405	1	2	277	0	2008
406	1	1	267	117	2007
407	2	2	0	114	2005
408	1	1	0	119	2007
409	1	2	0	90	2008
410	1	1	0	106	2008
411	2	2	278	0	2002
412	2	0	261	0	2004
413	2	1	282	0	2004
414	1	2	267	91	2009
415	1	1	241	0	2006
416	1	1	0	88	2008
417	1	1	0	94	2009
418	1	1	252	0	2007
419	2	2	247	111	2002
420	2	1	282	0	2004
421	1	2	0	93	2009
422	1	0	261	92	2008
423	2	1	278	0	2004
424	1	1	259	0	2008
425	1	1	0	93	2009
426	1	2	254	87	2008
427	1	2	0	0	2008
428	1	2	277	0	2008
429	1	2	241	88	2009
430	1	2	238	117	2006
431	1	1	249	0	2007
432	2	1	235	98	2005
433	2	1	277	0	0
434	1	2	276	88	2009
435	1	2	279	101	2006
436	1	2	278	88	2009
437	1	2	242	89	2008
438	2	2	241	114	2004
439	2	0	0	0	0
440	1	0	0	0	0
441	2	2	241	0	2005
442	2	2	277	114	2005
443	1	1	277	93	2009
444	1	2	239	89	2008
445	2	1	249	116	2004
446	1	1	248	0	2008
447	1	2	0	93	2009
448	1	1	247	0	2006
449	2	1	249	0	2005
450	2	2	265	117	2005
451	1	2	267	0	2006
452	1	1	249	0	2007
453	1	2	278	115	2006
454	2	1	277	0	2004
455	1	2	284	89	2007
456	1	1	0	86	2009
457	2	2	245	0	2000
458	2	1	278	0	2004
459	1	1	0	86	2008
460	1	2	254	111	2006
461	1	0	274	117	0
462	1	1	0	88	2009
463	1	1	254	120	2006
464	1	1	259	89	2008
465	2	1	282	0	2005
466	1	0	236	0	2007
467	1	1	279	90	2008
468	1	2	0	89	2007
469	1	2	271	90	2008
470	1	1	277	0	2005
471	1	2	0	115	2007
472	1	0	267	90	2008
473	1	2	247	87	2007
474	2	2	247	0	2005
475	1	1	0	90	0
476	1	1	249	119	2006
477	2	1	282	122	2005
478	2	2	278	0	2004
479	1	0	277	87	2007
480	1	2	283	0	2007
481	2	2	259	111	2004
482	1	2	246	117	2007
483	1	1	264	0	2007
484	1	2	247	94	2009
485	1	0	0	0	0
486	1	2	0	0	2009
487	1	2	271	117	2007
488	1	2	277	115	2007
489	2	2	241	0	2000
490	1	2	247	110	2007
491	1	1	259	0	2007
492	2	0	0	0	0
493	1	0	241	0	2005
494	1	1	279	117	2006
495	1	1	250	88	2009
496	1	2	247	88	2009
497	1	1	247	0	2006
498	1	2	277	88	2009
499	2	1	247	0	2005
500	1	1	244	0	2006
501	1	1	261	0	2008
502	1	1	249	0	2007
503	1	2	278	88	2009
504	1	2	259	114	2006
505	2	1	242	0	2004
506	1	2	259	113	2006
507	2	2	277	0	2005
508	1	1	249	87	2007
509	1	1	259	87	2007
510	2	2	277	113	2004
511	1	1	249	0	2007
512	1	2	277	93	2008
513	1	1	282	106	2007
514	1	2	240	90	2008
515	1	1	0	94	2009
516	1	2	255	90	2008
517	1	1	273	90	2008
518	2	2	259	115	2000
519	1	1	271	0	2006
520	2	2	249	0	2005
521	2	2	245	0	2004
522	1	1	249	0	2006
523	1	1	259	101	2008
524	1	1	282	118	2006
525	1	2	260	94	2009
526	2	2	0	0	2004
527	1	1	0	0	2007
528	1	1	282	89	2008
529	2	1	247	0	2005
530	1	1	277	87	0
531	1	1	278	119	2007
532	1	1	248	116	2006
533	2	2	247	0	2004
534	1	2	276	92	2009
535	1	2	259	89	2008
536	1	2	247	89	2007
537	2	1	259	0	2003
538	1	1	253	89	2008
539	2	2	271	0	2004
540	1	2	0	0	0
541	1	1	241	87	2007
542	1	1	267	0	2006
543	1	2	278	94	0
544	1	1	282	0	2006
545	2	0	247	0	2004
546	1	1	236	86	2009
547	1	1	274	116	2006
548	1	2	259	117	2007
549	1	1	0	94	2009
550	2	1	278	0	2005
551	2	2	273	0	2005
552	1	2	277	108	2007
553	1	1	0	93	2009
554	2	1	259	116	2005
555	1	2	0	94	2009
556	2	1	271	120	2005
557	1	2	241	0	2006
558	2	1	278	0	2005
559	1	2	277	89	2008
560	1	2	277	88	2009
561	1	1	0	93	2009
562	1	1	278	110	2006
563	1	1	267	86	2009
564	1	0	262	87	2008
565	2	1	277	0	2005
566	1	2	0	88	2008
567	1	1	241	88	2009
568	1	1	242	86	2009
569	1	2	0	90	2008
570	1	1	259	106	2008
571	1	1	245	103	2006
572	1	1	0	86	2009
573	2	1	268	120	2005
574	1	2	240	116	2006
575	1	0	0	0	0
576	2	1	0	0	2005
577	1	1	249	94	2009
578	1	1	0	99	2007
579	1	0	277	0	0
580	1	1	247	86	2009
581	1	1	259	0	2007
582	1	2	254	122	2006
583	1	2	257	0	2006
584	1	2	0	92	2009
585	1	2	0	89	2008
586	2	1	271	116	2005
587	1	1	278	0	2007
588	1	1	277	101	2008
589	1	1	241	90	2008
590	2	1	244	116	2005
591	1	0	0	0	0
592	1	1	0	90	2008
593	2	2	279	117	2005
594	2	1	285	0	2003
595	1	1	236	90	2007
596	2	1	249	91	2004
597	1	2	260	94	2009
598	1	1	282	0	2007
599	2	2	249	0	2005
600	1	0	272	117	2007
601	1	1	249	89	2008
602	1	1	236	117	0
603	1	1	247	0	2006
604	2	2	277	111	2004
605	1	1	249	119	2007
606	1	2	237	94	2008
607	1	2	247	92	2009
608	1	1	249	0	2007
609	2	1	261	121	2005
610	1	2	0	88	2009
611	2	1	249	0	2004
612	1	2	276	115	2007
613	1	1	241	94	2009
614	1	1	261	89	2008
615	1	2	277	112	2006
616	1	2	277	96	2006
617	1	1	279	116	2006
618	1	1	0	86	2009
619	1	0	0	0	0
620	1	1	282	0	2007
621	1	2	0	87	2008
622	1	1	266	89	2008
623	2	2	256	0	2004
624	2	1	278	119	2005
625	1	1	0	0	2007
626	1	1	261	90	2007
627	1	2	0	88	2009
628	2	2	271	0	2005
629	1	2	273	0	2005
630	1	1	0	87	2008
631	1	2	273	0	0
632	2	1	278	0	2004
633	1	1	0	101	2008
634	1	1	256	100	2010
635	1	1	0	86	0
636	1	2	0	0	2007
637	1	1	249	119	2007
638	1	2	247	111	2006
639	1	1	271	0	2007
640	1	0	261	86	2007
641	1	1	240	88	2009
642	1	1	0	88	2009
643	2	1	261	0	2003
644	1	1	0	94	2009
645	1	2	0	94	2009
646	1	1	272	117	2007
647	1	1	249	0	2007
648	2	1	259	0	2005
649	2	1	254	120	2005
650	1	2	261	91	2009
651	2	2	245	0	2004
652	1	2	249	89	2007
653	1	1	254	0	2007
654	1	1	256	116	2005
655	1	0	0	87	2007
656	1	2	259	101	2007
657	1	1	0	119	2007
658	1	2	249	117	2006
659	1	2	0	115	2008
660	2	2	273	0	2004
661	1	2	261	0	2006
662	3	0	248	117	2010
663	1	1	0	93	2009
664	1	2	0	101	2008
665	1	1	261	94	2008
666	1	0	252	0	2007
667	1	1	236	116	2006
668	1	1	0	86	2009
669	1	2	241	89	2008
670	1	1	0	89	2008
671	1	2	0	93	2009
672	2	2	247	0	2004
673	2	2	0	114	2003
674	2	1	283	0	2005
675	1	2	247	88	2008
676	1	2	247	88	2009
677	1	2	265	117	2007
678	1	2	247	89	2008
679	2	1	261	0	2004
680	2	1	236	0	2005
681	1	0	267	117	2007
682	1	1	273	0	2006
683	1	2	247	93	2009
684	1	2	277	113	2006
685	2	1	278	117	2005
686	1	2	267	88	2007
687	1	2	247	0	0
688	2	1	277	0	2005
689	1	1	0	88	2009
690	2	2	245	0	2004
691	1	1	261	93	2009
692	1	2	241	87	2008
693	1	1	278	94	2009
694	1	2	267	0	2007
695	1	1	0	88	2009
696	2	1	259	0	2005
697	2	2	261	0	0
698	2	1	247	115	2005
699	1	1	249	94	2009
700	1	1	236	87	2007
701	2	1	277	118	2004
702	1	0	0	0	0
703	1	2	282	0	2006
704	1	2	249	86	2007
705	2	1	277	0	2004
706	1	2	285	90	2008
707	2	2	278	0	2004
708	1	2	0	88	2009
709	1	1	0	92	2009
710	1	1	267	0	2006
711	1	1	271	105	2006
712	1	2	266	116	2006
713	1	2	261	111	2006
714	2	2	240	110	2004
715	2	1	0	0	2005
716	2	1	271	0	2005
717	1	1	236	90	2008
718	1	1	250	90	2008
719	1	2	236	86	2008
720	1	1	276	88	2009
721	1	2	259	0	2007
722	1	1	247	90	2007
723	1	1	0	0	2007
724	1	2	282	113	2006
725	2	1	283	0	2005
726	1	1	249	119	2006
727	1	0	0	0	0
728	1	2	251	117	2007
729	1	2	283	116	2007
730	3	2	266	0	0
731	2	2	259	114	2004
732	1	2	247	92	2008
733	2	1	271	116	2005
734	1	2	249	87	2008
735	1	1	0	88	2009
736	1	0	0	0	0
737	1	1	249	0	2007
738	1	1	241	89	2007
739	1	0	249	115	2007
740	1	1	240	115	2007
741	1	2	259	0	2007
742	1	1	278	118	2007
743	1	0	0	94	2009
744	1	0	0	0	0
745	2	1	249	0	2005
746	2	0	249	0	2005
747	1	1	249	0	2006
748	1	1	261	0	2006
749	2	1	282	116	2005
750	1	2	241	0	2006
751	2	1	277	0	2005
752	1	1	255	0	2006
753	1	1	0	86	2008
754	1	0	0	0	0
755	1	2	265	86	2008
756	2	1	282	0	2005
757	1	1	261	115	2006
758	1	2	0	88	2009
759	1	2	247	87	2008
760	1	2	261	108	2006
761	2	0	250	0	2002
762	1	2	259	114	2006
763	1	1	273	118	2007
764	1	2	247	90	2008
765	2	1	245	116	2005
766	2	2	248	0	2002
767	1	1	277	90	2008
768	1	1	271	0	2006
769	1	2	244	117	2006
770	1	2	277	112	2007
771	1	2	0	0	2009
772	2	1	236	120	2002
773	1	1	284	117	2007
774	1	2	247	117	2006
775	1	1	242	0	2006
776	1	2	0	87	2008
777	1	1	282	0	2006
778	2	1	274	122	2001
779	1	1	247	115	2008
780	1	2	266	94	2008
781	2	1	267	119	2004
782	1	1	249	90	2008
783	1	2	266	88	2008
784	1	2	249	122	2006
785	1	2	254	86	2008
786	1	1	0	88	2009
787	1	1	278	115	2006
788	1	2	0	0	2009
789	1	1	259	89	2008
790	1	2	255	111	2007
791	2	0	0	0	0
792	1	1	277	87	2008
793	1	2	262	116	2006
794	1	2	278	89	2008
795	1	2	261	88	2008
796	1	1	0	94	2009
797	2	2	248	114	2004
798	1	1	272	94	2009
799	1	1	278	86	2009
800	2	0	282	0	2005
801	1	2	261	115	0
802	2	1	241	100	2003
803	1	1	273	91	2009
804	1	1	249	118	2007
805	2	2	247	0	2004
806	2	2	249	0	2005
807	1	1	0	93	2009
808	1	0	0	88	2009
809	1	2	0	87	2007
810	1	0	0	0	0
811	1	2	248	117	2006
812	2	1	282	0	2004
813	1	1	278	115	2008
814	2	1	256	120	2002
815	1	2	0	89	2008
816	1	2	282	94	2008
817	1	2	282	0	2007
818	1	1	282	0	2007
819	1	1	277	117	2007
820	1	2	0	88	2009
821	1	2	285	93	2008
822	1	2	277	92	2009
823	4	2	0	0	0
824	1	2	247	113	2007
825	1	1	0	90	2008
826	1	2	236	0	2007
827	2	1	282	0	2004
828	1	1	248	116	2006
829	1	1	236	117	2007
830	1	1	267	117	2006
831	1	2	0	89	2008
832	1	1	242	91	2008
833	2	1	267	0	2005
834	1	2	277	94	2009
835	1	1	278	104	2007
836	1	1	247	0	2005
837	2	0	249	96	0
838	2	0	266	0	2005
839	1	2	0	92	2009
840	1	2	249	0	2007
841	1	2	285	115	2008
842	1	1	0	89	2008
843	1	2	248	88	0
844	1	2	259	90	2008
845	1	2	0	88	2008
846	1	1	0	119	2007
847	1	2	247	93	2009
848	2	2	249	0	2005
849	1	2	267	86	2008
850	1	1	0	93	2009
851	1	1	277	116	2005
852	1	2	0	86	2008
853	1	2	276	0	2007
854	1	2	277	99	2007
855	1	2	0	88	2009
856	1	1	277	0	2007
857	1	2	241	0	2009
858	1	0	261	113	0
859	2	2	261	0	2005
860	1	1	282	0	2006
861	2	1	273	0	2004
862	1	2	247	113	2005
863	1	1	282	89	2008
864	1	1	282	121	2006
865	1	1	278	105	2006
866	1	1	278	0	2007
867	1	1	278	116	2006
868	1	0	0	0	2008
869	1	1	0	93	2009
870	1	1	249	117	2006
871	1	2	0	86	2009
872	2	2	245	0	2005
873	1	1	249	0	2006
874	2	1	277	0	2005
875	1	2	273	92	2008
876	1	2	273	0	2007
877	2	0	0	0	0
878	1	1	0	92	2008
879	2	2	247	0	2005
880	1	2	0	86	2009
881	1	1	277	90	2008
882	2	1	284	0	2005
883	1	2	273	117	2007
884	1	1	272	92	2008
885	2	2	0	0	2004
886	1	2	241	88	2009
887	1	0	0	0	0
888	1	1	249	92	2009
889	5	1	0	0	2005
890	1	2	251	109	2006
891	1	0	236	0	2007
892	1	2	277	117	2006
893	1	1	0	106	2008
894	1	1	0	87	2008
895	2	1	245	120	2004
896	1	1	271	118	2007
897	2	1	272	119	2004
898	1	1	0	89	2008
899	1	2	282	110	2006
900	2	0	279	0	2005
901	1	2	247	117	2006
902	1	2	271	88	2009
903	2	1	277	0	2004
904	1	2	247	109	2007
905	1	2	272	97	2007
906	1	1	277	87	2008
907	2	1	278	0	2001
908	1	2	267	87	2008
909	1	1	0	119	2007
910	1	1	278	89	2008
911	1	1	248	88	2008
912	1	2	272	96	2007
913	1	1	271	115	2006
914	2	2	276	99	2005
915	1	2	274	111	2006
916	1	2	278	89	2008
917	1	1	273	117	2007
918	1	1	241	122	2006
919	1	1	249	115	2006
920	1	0	278	119	2006
921	2	2	282	0	2005
922	1	1	0	92	2009
923	2	0	0	122	2004
924	1	1	249	0	2006
925	1	2	247	91	2009
926	2	2	236	114	2004
927	1	2	259	0	2006
928	1	1	247	92	2009
929	2	2	0	94	0
930	1	1	247	0	2006
931	2	2	247	0	2005
932	2	2	273	116	2005
933	2	1	236	0	2003
934	2	1	244	117	2005
935	1	1	248	0	2005
936	1	1	278	94	2008
937	1	1	271	89	2007
938	1	1	284	119	2006
939	1	2	273	114	2006
940	1	1	247	88	2009
941	1	0	278	94	2006
942	1	1	0	94	2009
943	1	2	236	98	2006
944	1	1	277	0	2006
945	1	2	247	0	2006
946	1	2	0	90	2008
947	1	1	277	102	2006
948	1	2	261	92	2008
949	1	1	247	93	2009
950	1	1	256	89	2007
951	1	2	241	93	2009
952	1	2	247	0	2008
953	1	1	236	122	2005
954	1	1	278	118	2005
955	2	2	283	0	2004
956	1	2	0	90	2008
957	1	1	0	86	2008
958	1	0	0	0	0
959	1	1	272	94	2008
960	1	2	261	108	2006
961	1	1	273	120	2007
962	2	1	0	0	0
963	1	1	0	91	2009
964	2	0	0	0	0
965	1	1	249	0	2006
966	1	1	249	86	2009
967	1	1	278	0	2005
968	2	1	273	116	2005
969	2	2	267	0	2005
970	1	1	236	0	2006
971	1	2	259	111	2007
972	1	2	237	109	0
973	2	1	278	117	2005
974	1	1	282	117	2006
975	1	1	251	121	0
976	1	2	259	0	0
977	1	1	0	93	2009
978	1	1	236	89	2008
979	1	1	0	86	2008
980	2	2	249	0	1981
981	1	2	247	91	2009
982	2	1	268	0	2004
983	1	1	236	117	2006
984	1	2	0	93	2009
985	1	1	0	88	2009
986	1	2	0	86	2009
987	1	2	282	109	2006
988	1	1	241	92	2009
989	2	1	259	119	2005
990	1	2	243	0	2007
991	4	2	0	0	0
992	1	2	266	114	2006
993	1	2	269	111	2007
994	4	1	0	0	0
995	1	2	247	87	2007
996	1	2	247	0	2007
997	1	1	277	117	2007
998	1	2	0	0	0
999	1	1	249	89	2008
1000	1	2	265	115	2006
1001	1	2	268	0	2006
1002	1	1	248	86	2009
1003	2	1	261	0	2004
1004	1	2	277	0	2007
1005	1	2	277	0	2006
1006	1	1	259	87	2008
1007	2	2	245	0	2005
1008	2	2	274	111	2005
1009	1	1	249	97	2006
1010	1	1	241	0	2006
1011	1	2	249	111	2006
1012	2	2	252	91	2003
1013	1	1	0	86	2008
1014	1	1	0	94	2009
1015	2	1	265	0	2005
1016	2	0	251	0	2004
1017	1	0	277	118	2007
1018	1	2	247	86	2009
1019	1	2	242	90	2008
1020	2	1	236	0	2005
1021	1	2	277	0	0
1022	1	2	0	92	2008
1023	1	0	259	0	2007
1024	2	1	261	0	2004
1025	1	1	259	89	2008
1026	1	1	0	86	2009
1027	1	0	0	0	0
1028	1	2	247	115	2007
1029	1	2	276	111	2006
1030	1	2	277	113	0
1031	1	2	261	90	2008
1032	1	1	282	0	2006
1033	1	0	247	108	2007
1034	2	1	0	0	2005
1035	2	1	247	0	2004
1036	1	2	277	114	2007
1037	1	1	0	88	2009
1038	1	2	272	0	2006
1039	1	2	0	0	2009
1040	1	2	277	88	2009
1041	1	1	0	90	2008
1042	1	2	251	117	2008
1043	1	2	273	108	2006
1044	2	1	236	0	2004
1045	1	1	0	90	2008
1046	1	2	259	87	2008
1047	1	2	277	117	2006
1048	1	1	270	106	2008
1049	2	1	255	0	2005
1050	1	0	273	119	2006
1051	1	2	282	0	2007
1052	1	2	0	94	2009
1053	2	2	242	0	2005
1054	1	2	0	89	2008
1055	1	1	0	93	2009
1056	1	2	249	86	2009
1057	1	1	278	0	2006
1058	1	2	249	110	2006
1059	2	2	282	0	2005
1060	1	2	278	111	2006
1061	1	2	241	89	2008
1062	1	1	247	86	2009
1063	1	1	256	92	2009
1064	1	0	0	87	0
1065	2	1	241	120	2005
1066	1	2	247	88	2009
1067	2	1	254	105	2005
1068	1	1	261	90	2008
1069	1	1	249	0	2007
1070	1	1	247	0	2006
1071	1	1	0	90	2008
1072	1	1	282	120	2007
1073	1	1	249	106	2008
1074	1	1	278	91	2009
1075	1	1	249	115	0
1076	1	1	268	117	2007
1077	1	2	265	115	2007
1078	1	2	247	88	2007
1079	1	1	0	88	2009
1080	1	2	235	0	2007
1081	1	1	252	0	2006
1082	1	1	259	0	2005
1083	1	2	242	91	2009
1084	1	1	0	88	2009
1085	2	1	283	0	2005
1086	2	2	248	115	2004
1087	1	1	241	88	2009
1088	1	0	259	119	0
1089	2	2	236	98	2005
1090	1	1	277	92	2009
1091	2	1	236	0	2004
1092	2	2	276	0	2005
1093	2	2	247	0	2004
1094	2	1	282	119	2004
1095	1	1	247	88	2009
1096	1	2	267	0	2006
1097	1	2	0	87	2007
1098	1	1	267	119	2006
1099	1	1	236	0	2006
1100	1	0	0	88	2007
1101	2	1	261	0	2005
1102	1	1	0	89	2008
1103	2	2	273	97	2005
1104	1	2	0	88	2007
1105	1	1	266	86	2009
1106	1	2	247	93	2009
1107	2	1	245	0	2004
1108	1	0	259	87	2008
1109	1	2	0	114	2007
1110	1	1	242	90	2008
1111	1	2	282	89	2008
1112	1	1	236	120	2007
1113	1	1	241	91	2009
1114	1	0	247	0	2007
1115	1	0	266	116	2007
1116	2	1	277	117	2005
1117	1	1	254	89	2008
1118	1	2	282	86	0
1119	1	2	268	108	2006
1120	2	2	277	111	2004
1121	1	1	0	89	2008
1122	1	2	242	91	2009
1123	1	1	249	0	2006
1124	2	0	0	0	0
1125	1	1	0	88	2009
1126	2	1	236	0	2005
1127	2	1	278	0	2005
1128	1	2	249	110	2005
1129	2	1	261	122	2005
1130	1	0	0	0	0
1131	1	1	247	87	2008
1132	2	2	256	102	2004
1133	2	1	249	0	2005
1134	1	1	249	89	2008
1135	1	0	264	107	2006
1136	1	2	0	90	2008
1137	1	2	0	93	2008
1138	1	1	254	87	2008
1139	1	1	282	0	2006
1140	1	2	0	115	2007
1141	2	2	259	0	0
1142	1	1	0	93	2009
1143	1	2	0	86	2009
1144	1	1	277	87	2008
1145	1	1	0	0	2008
1146	1	2	0	0	2006
1147	1	2	247	116	2007
1148	1	1	271	119	2006
1149	2	2	241	117	2005
1150	1	2	242	115	2007
1151	1	2	261	116	0
1152	1	2	284	0	2004
1153	1	1	0	90	2008
1154	2	2	277	0	2005
1155	2	2	245	90	2003
1156	1	2	282	105	2006
1157	1	2	0	0	0
1158	1	2	259	0	2007
1159	1	1	278	0	0
1160	1	2	276	88	2009
1161	2	2	262	116	2005
1162	1	1	248	115	2005
1163	1	1	0	88	2009
1164	1	1	277	87	2008
1165	1	1	255	90	2007
1166	1	2	277	113	2007
1167	2	1	256	0	2005
1168	1	2	261	90	2008
1169	1	2	247	89	2007
1170	1	1	277	90	2008
1171	2	2	259	108	2004
1172	1	2	0	86	2008
1173	2	1	282	0	2005
1174	1	2	0	108	2006
1175	1	2	265	110	2007
1176	1	1	259	116	2007
1177	1	1	261	91	2009
1178	1	1	241	86	2009
1179	2	1	277	119	2005
1180	1	2	242	0	2006
1181	1	1	0	93	2009
1182	1	2	0	89	2008
1183	1	1	0	86	2009
1184	1	1	249	90	2008
1185	1	1	240	87	2008
1186	2	1	284	0	2005
1187	1	1	271	89	2008
1188	1	2	0	94	2009
1189	1	2	274	90	2007
1190	2	2	273	0	2005
1191	1	1	0	88	2009
1192	1	0	0	0	0
1193	1	2	247	93	2009
1194	1	1	236	87	2007
1195	1	1	261	90	2008
1196	1	1	282	86	2009
1197	2	2	271	116	2005
1198	1	1	271	93	2009
1199	2	2	273	0	2004
1200	1	1	256	89	2007
1201	1	1	267	88	2009
1202	2	1	0	0	0
1203	1	1	0	89	2008
1204	1	2	265	0	2007
1205	2	2	255	0	2005
1206	1	1	282	119	2007
1207	2	2	282	97	2005
1208	1	1	271	0	2007
1209	1	2	247	0	2009
1210	1	1	274	103	2007
1211	1	1	0	0	2007
1212	1	2	0	88	2008
1213	2	1	256	117	2005
1214	2	2	276	122	2004
1215	1	2	259	117	2007
1216	1	0	271	0	2007
1217	2	1	261	0	2004
1218	1	1	248	0	2006
1219	1	1	0	86	2009
1220	1	1	267	117	2007
1221	1	1	267	0	2007
1222	1	1	266	0	2007
1223	1	1	0	87	2008
1224	1	2	253	0	2006
1225	1	2	0	88	2009
1226	1	0	0	0	0
1227	1	2	247	117	2007
1228	1	0	0	0	0
1229	1	1	248	87	2008
1230	2	2	277	0	2004
1231	1	1	277	92	2006
1232	1	2	277	88	2009
1233	1	1	266	88	2007
1234	1	1	253	0	2007
1235	2	2	267	117	2005
1236	1	1	261	121	2006
1237	1	2	259	115	2006
1238	2	0	266	0	0
1239	3	0	260	0	0
1240	1	1	241	0	2006
1241	1	2	262	91	2005
1242	1	1	272	0	2006
1243	2	1	268	0	2005
1244	1	2	241	92	2009
1245	1	1	267	116	2006
1246	1	2	245	116	2006
1247	2	1	0	121	2003
1248	1	1	0	93	2008
1249	1	2	276	88	2007
1250	3	2	245	0	2007
1251	1	1	277	0	2007
1252	2	2	265	108	2005
1253	1	1	249	87	2008
1254	2	0	0	0	0
1255	1	1	267	90	2007
1256	1	2	0	88	2009
1257	1	0	259	117	2006
1258	1	1	277	116	2006
1259	1	2	261	111	2005
1260	1	1	0	88	2008
1261	1	2	0	86	2008
1262	1	2	249	114	2007
1263	2	1	0	121	2005
1264	1	1	278	0	2006
1265	1	0	0	0	0
1266	2	2	247	0	2005
1267	1	1	0	87	2007
1268	1	1	277	92	2009
1269	1	1	236	0	2006
1270	1	2	0	88	2009
1271	1	0	0	0	0
1272	1	1	261	120	2007
1273	1	2	261	91	2009
1274	1	2	276	116	2007
1275	1	1	261	88	2009
1276	3	0	242	87	2008
1277	1	1	259	121	2005
1278	2	2	277	0	2005
1279	1	2	242	92	2009
1280	2	1	240	0	2005
1281	2	0	265	93	2004
1282	1	1	267	0	2006
1283	1	1	0	0	2008
1284	2	1	267	0	2004
1285	1	2	277	117	2007
1286	1	1	261	0	2005
1287	1	2	247	89	0
1288	1	2	0	0	2008
1289	2	2	261	113	2005
1290	1	1	237	89	2008
1291	1	2	277	88	2009
1292	1	1	249	86	2009
1293	1	1	236	0	2006
1294	1	2	277	89	2008
1295	1	2	265	87	2007
1296	1	2	241	88	2009
1297	1	2	255	116	2006
1298	1	2	247	88	2008
1299	1	1	0	115	2008
1300	1	2	0	108	2007
1301	1	2	247	87	2008
1302	2	2	273	110	2005
1303	2	1	278	122	2005
1304	1	1	247	90	2008
1305	1	2	276	86	2009
1306	1	1	278	89	2008
1307	1	1	261	101	2008
1308	2	1	244	0	2005
1309	5	1	278	118	2004
1310	1	1	239	91	2009
1311	1	2	247	117	2006
1312	1	1	282	90	2007
1313	1	1	241	90	2008
1314	1	1	241	94	2008
1315	1	1	261	93	2009
1316	2	1	249	0	2004
1317	1	1	247	0	2006
1318	1	2	251	115	2006
1319	1	2	265	0	2005
1320	1	1	249	86	2009
1321	1	1	0	93	2009
1322	1	0	241	0	2006
1323	2	1	236	0	2004
1324	1	2	277	88	2007
1325	1	2	249	0	2006
1326	1	2	285	91	2008
1327	1	2	247	92	2009
1328	1	1	0	88	2008
1329	2	2	277	0	2005
1330	2	2	247	0	2005
1331	1	1	0	90	2007
1332	1	0	273	109	2006
1333	1	2	0	88	2008
1334	1	2	271	112	2007
1335	2	1	278	0	2005
1336	1	2	265	109	2006
1337	1	1	267	0	2006
1338	1	2	278	0	2006
1339	2	0	249	114	0
1340	1	1	277	91	2009
1341	2	1	271	0	2004
1342	1	2	266	87	2008
1343	2	1	274	119	2005
1344	1	1	244	110	2006
1345	1	1	272	89	2008
1346	1	2	247	114	2006
1347	1	0	0	87	2008
1348	1	1	240	115	2007
1349	1	2	257	108	2007
1350	1	1	261	93	2009
1351	1	2	249	0	2005
1352	1	1	0	87	2008
1353	1	1	236	116	2006
1354	2	2	247	0	2005
1355	2	0	274	118	2005
1356	2	1	249	0	2005
1357	1	2	266	90	2008
1358	1	1	272	92	2008
1359	1	0	261	0	2008
1360	1	2	276	89	2008
1361	1	2	0	89	2008
1362	2	2	277	108	2005
1363	1	1	252	0	2006
1364	1	1	266	0	2006
1365	1	1	278	115	2007
1366	1	1	0	89	2008
1367	1	0	0	0	0
1368	1	1	0	89	2008
1369	1	2	266	88	2007
1370	1	1	241	92	2009
1371	1	1	0	90	2008
1372	1	1	241	0	2006
1373	1	2	256	0	2005
1374	1	2	272	96	2006
1375	1	1	269	0	2006
1376	2	2	249	0	2004
1377	2	1	271	0	2005
1378	1	1	247	93	2009
1379	1	1	0	89	2008
1380	1	1	0	88	2009
1381	1	1	278	87	2008
1382	1	1	236	0	2006
1383	1	1	274	121	2006
1384	1	2	0	0	2009
1385	1	1	0	86	2009
1386	1	1	236	0	2006
1387	2	1	271	116	2005
1388	2	2	262	0	2002
1389	1	0	278	117	2007
1390	1	1	278	87	2008
1391	2	0	0	0	0
1392	1	2	241	93	2009
1393	1	1	278	94	2009
1394	1	1	247	101	2008
1395	2	2	235	0	0
1396	1	1	259	117	2006
1397	1	1	247	94	2009
1398	1	1	0	101	2008
1399	2	1	0	120	2002
1400	2	1	277	0	2005
1401	1	1	282	101	2008
1402	1	1	249	0	0
1403	1	2	249	111	2007
1404	2	1	238	0	2005
1405	2	0	257	0	2005
1406	1	2	0	93	2008
1407	1	2	266	88	2009
1408	1	2	277	116	2007
1409	1	1	271	117	2006
1410	2	1	261	0	2004
1411	1	2	251	109	2006
1412	1	2	272	87	2008
1413	2	2	247	122	2004
1414	1	2	249	115	2006
1415	2	1	278	117	2005
1416	2	2	0	0	2005
1417	1	2	0	94	2009
1418	1	2	249	116	0
1419	2	2	282	88	2003
1420	1	1	282	88	2007
1421	2	1	243	122	2005
1422	1	1	0	94	2009
1423	1	0	277	116	2007
1424	1	1	277	94	2009
1425	1	2	241	86	2009
1426	1	2	277	89	2007
1427	1	1	0	87	2008
1428	1	1	0	86	2009
1429	1	1	262	0	2008
1430	1	2	0	101	2008
1431	1	2	249	117	2006
1432	2	0	0	0	0
1433	1	1	278	87	2007
1434	1	1	282	101	2007
1435	1	1	249	120	2006
1436	1	0	236	106	2008
1437	1	0	249	0	2006
1438	2	1	278	0	2004
1439	1	1	244	116	2006
1440	2	2	276	0	2005
1441	1	1	0	89	2008
1442	1	2	247	98	2007
1443	2	1	241	0	2005
1444	2	1	247	0	2005
1445	1	2	267	114	2006
1446	1	1	257	90	2008
1447	1	2	242	88	2009
1448	1	2	267	117	2006
1449	1	2	236	117	2006
1450	1	0	0	0	0
1451	1	1	242	91	2009
1452	1	0	276	0	2007
1453	1	0	0	0	0
1454	1	2	277	117	2007
1455	1	2	236	97	2007
1456	2	2	245	0	2005
1457	1	1	250	0	2007
1458	1	1	277	92	2009
1459	1	2	241	117	2006
1460	1	2	249	94	2009
1461	1	2	0	89	2008
1462	1	1	249	87	2008
1463	1	2	267	115	2006
1464	1	1	264	88	2009
1465	1	1	249	106	2007
1466	2	1	249	0	2005
1467	1	2	0	88	2009
1468	1	0	256	0	2005
1469	1	1	249	90	2008
1470	1	1	0	88	2009
1471	1	2	0	87	2008
1472	1	1	282	0	2007
1473	1	2	249	90	2007
1474	2	2	259	110	2005
1475	1	2	259	113	2005
1476	1	2	0	0	2008
1477	1	2	276	87	2008
1478	2	1	274	121	2004
1479	2	0	267	0	0
1480	1	2	282	0	2007
1481	1	1	248	90	2007
1482	1	1	0	93	2009
1483	2	2	250	0	2005
1484	1	2	261	115	2008
1485	1	1	241	101	2009
1486	1	1	277	0	2006
1487	1	2	0	88	2009
1488	2	2	249	109	2005
1489	1	0	0	88	0
1490	1	2	241	87	2007
1491	1	2	278	115	2007
1492	1	1	257	93	2009
1493	1	2	261	94	2009
1494	1	2	0	86	2008
1495	1	2	265	93	2009
1496	1	1	278	104	2006
1497	1	1	278	94	2008
1498	2	1	244	118	2004
1499	1	2	261	94	2009
1500	1	2	0	87	2008
1501	2	1	259	0	2005
1502	1	1	0	93	0
1503	1	2	241	90	2008
1504	1	1	0	93	2009
1505	1	2	267	88	2009
1506	1	1	254	93	2009
1507	1	1	247	88	2007
1508	2	1	283	102	2005
1509	1	2	273	89	2008
1510	1	1	277	94	2009
1511	2	1	249	0	2005
1512	1	0	236	87	2007
1513	1	1	277	120	2006
1514	1	1	282	117	2007
1515	1	1	241	0	2006
1516	1	1	265	117	2006
1517	1	2	277	101	2005
1518	2	0	0	119	2004
1519	1	1	259	0	2007
1520	1	2	282	0	2008
1521	1	2	247	116	2006
1522	1	1	249	0	2005
1523	1	1	0	87	2008
1524	1	2	278	0	2007
1525	1	1	249	98	2007
1526	1	2	272	0	2006
1527	2	2	249	122	2004
1528	1	2	256	116	2006
1529	1	1	259	121	2007
1530	1	1	278	117	2007
1531	1	1	278	0	2005
1532	2	1	277	0	2005
1533	1	1	282	106	2008
1534	2	1	261	92	2003
1535	1	2	241	88	2009
1536	1	2	0	92	2009
1537	1	0	261	87	2007
1538	1	1	249	94	2009
1539	1	2	259	111	2006
1540	1	1	0	0	2006
1541	1	2	282	0	2006
1542	2	1	249	0	2004
1543	2	1	248	0	2005
1544	1	1	242	91	2009
1545	1	2	247	89	2008
1546	1	0	0	92	2009
1547	1	1	0	89	2008
1548	1	0	277	0	2006
1549	1	2	0	86	2009
1550	2	2	245	116	2005
1551	1	1	278	119	2006
1552	2	2	247	0	2005
1553	1	2	255	117	2007
1554	1	1	236	116	2006
1555	1	2	0	86	2009
1556	1	2	0	86	2008
1557	2	2	271	114	2005
1558	1	2	241	0	2006
1559	1	2	259	105	2006
1560	1	2	277	115	2007
1561	1	2	259	0	2007
1562	1	1	247	117	2007
1563	1	1	271	0	2005
1564	1	1	0	90	2008
1565	1	1	236	0	2006
1566	1	2	267	117	2006
1567	1	2	248	89	2006
1568	2	2	261	0	2005
1569	1	1	279	92	2008
1570	1	2	0	89	2008
1571	1	2	249	108	2005
1572	1	2	273	108	2006
1573	1	2	252	108	2007
1574	1	2	271	110	2005
1575	1	2	259	88	2009
1576	1	2	265	0	2006
1577	1	0	286	115	2007
1578	1	2	0	110	2006
1579	2	1	238	0	2004
1580	1	2	273	0	2006
1581	1	2	266	115	2007
1582	2	1	271	0	2005
1583	1	2	261	108	2006
1584	1	1	241	101	2009
1585	1	1	282	89	2008
1586	1	1	278	0	2006
1587	2	1	247	0	2004
1588	1	2	245	0	2006
1589	1	1	0	90	2008
1590	1	0	0	117	2007
1591	1	2	0	94	2009
1592	1	1	282	0	2005
1593	1	1	0	87	2008
1594	1	2	259	0	2006
1595	1	1	0	94	2008
1596	1	1	0	94	2009
1597	1	1	249	101	2007
1598	1	0	0	0	2006
1599	1	2	0	88	2009
1600	2	2	261	109	2003
1601	1	1	251	120	2007
1602	1	2	0	88	2008
1603	2	1	278	118	2004
1604	1	2	259	116	2006
1605	1	1	247	93	2009
1606	1	1	0	93	2008
1607	1	2	244	88	2007
1608	1	2	247	86	2009
1609	1	1	236	89	2007
1610	1	1	283	87	2008
1611	1	2	247	93	2009
1612	1	1	252	89	2008
1613	1	1	247	88	2008
1614	1	1	256	115	2006
1615	1	2	276	93	2009
1616	2	1	248	0	2004
1617	1	2	247	105	2005
1618	1	0	247	0	2007
1619	1	2	247	93	2009
1620	2	2	0	0	2004
1621	1	2	239	88	2008
1622	2	2	277	110	2004
1623	2	1	259	0	2004
1624	1	2	272	112	2007
1625	2	1	267	0	2004
1626	2	2	266	0	2004
1627	1	1	0	94	2009
1628	2	2	245	0	2005
1629	1	2	0	93	2009
1630	1	2	247	88	2007
1631	2	2	247	0	2005
1632	1	1	249	121	2006
1633	1	2	255	117	2007
1634	2	1	261	0	2004
1635	1	2	247	92	2009
1636	1	2	0	0	2008
1637	1	2	247	88	2009
1638	1	2	0	87	2007
1639	1	2	262	88	2009
1640	1	2	282	88	2007
1641	1	2	272	112	2007
1642	1	1	278	94	2009
1643	1	1	0	90	2008
1644	1	1	253	103	2006
1645	2	2	247	91	2004
1646	5	0	242	0	0
1647	1	1	261	87	2008
1648	1	2	0	90	2008
1649	1	2	249	99	2006
1650	1	2	267	0	2005
1651	1	2	0	108	2007
1652	1	2	247	117	2006
1653	1	2	0	86	2009
1654	1	2	247	88	2009
1655	1	1	278	0	2007
1656	1	2	247	110	0
1657	1	2	273	90	2008
1658	2	2	248	0	2004
1659	1	1	242	90	2007
1660	1	1	249	90	2008
1661	2	1	236	0	2004
1662	1	2	253	0	2007
1663	1	2	259	110	2007
1664	1	2	277	87	2008
1665	1	1	282	0	2005
1666	1	1	0	91	2008
1667	1	2	273	94	2008
1668	1	1	255	117	2007
1669	1	1	0	0	2009
1670	1	1	249	89	2008
1671	1	1	282	121	2006
1672	1	2	0	110	0
1673	1	2	247	113	2006
1674	2	2	239	0	2004
1675	1	1	0	0	2008
1676	1	1	261	93	2009
1677	1	1	0	89	2008
1678	2	1	247	119	2005
1679	1	2	0	115	2008
1680	1	2	0	86	2008
1681	1	2	271	99	0
1682	1	1	249	93	2009
1683	1	1	248	101	2008
1684	2	2	261	114	2005
1685	1	2	277	113	2007
1686	1	2	259	110	0
1687	2	2	245	0	2001
1688	1	2	277	0	0
1689	1	2	247	88	2008
1690	1	1	278	87	2008
1691	4	2	0	0	0
1692	1	2	247	0	2007
1693	1	1	247	98	2006
1694	1	1	271	97	2006
1695	1	1	277	117	2007
1696	1	1	0	91	2009
1697	1	1	0	92	2009
1698	1	1	0	87	2007
1699	1	1	0	88	2009
1700	2	2	0	0	2004
1701	1	1	249	89	2008
1702	1	2	249	0	2005
1703	1	1	249	0	2006
1704	1	0	241	88	2008
1705	1	0	0	0	0
1706	1	2	0	88	2008
1707	1	2	259	86	2009
1708	1	1	0	90	2008
1709	1	1	247	117	2007
1710	1	1	236	0	2006
1711	1	1	241	0	2007
1712	1	1	247	91	2009
1713	1	1	278	0	2007
1714	1	2	247	117	2006
1715	1	1	241	90	2007
1716	1	2	249	89	2007
1717	2	1	285	0	2007
1718	1	2	245	0	2006
1719	1	1	0	94	2008
1720	1	2	247	86	2008
1721	1	2	249	116	0
1722	1	2	0	92	2009
1723	1	2	277	109	2006
1724	1	1	0	86	2008
1725	1	1	0	89	2008
1726	1	2	277	88	2009
1727	1	1	0	92	2008
1728	2	0	241	0	2005
1729	2	1	282	117	2005
1730	1	1	282	87	2008
1731	1	1	241	89	2008
1732	2	2	277	0	2003
1733	2	1	277	0	2004
1734	1	0	0	0	0
1735	1	1	278	87	2007
1736	1	0	0	116	2007
1737	1	1	277	0	2005
1738	1	1	277	87	2008
1739	1	1	0	115	2008
1740	2	0	283	0	2005
1741	1	1	286	0	2007
1742	1	2	277	114	2005
1743	2	2	265	0	2005
1744	1	1	282	122	2005
1745	1	2	277	108	2007
1746	2	2	282	0	2004
1747	1	1	249	115	2006
1748	1	2	268	90	2008
1749	1	2	0	86	2009
1750	2	2	240	0	2004
1751	2	1	261	0	2005
1752	1	2	259	86	2009
1753	3	2	264	0	0
1754	1	1	271	115	2006
1755	1	1	278	0	2006
1756	1	1	282	0	2007
1757	1	1	241	86	2009
1758	2	1	271	119	2005
1759	1	1	249	0	2007
1760	1	1	241	0	2005
1761	1	2	278	92	2009
1762	1	1	0	0	2006
1763	2	2	250	0	2003
1764	1	0	277	89	2006
1765	2	1	274	0	2004
1766	1	2	259	102	2007
1767	1	2	277	115	2008
1768	1	2	247	93	2009
1769	1	1	274	88	2007
1770	1	1	0	88	2009
1771	1	0	0	0	0
1772	2	1	247	0	2004
1773	1	1	277	0	0
1774	1	1	241	115	2006
1775	1	1	247	88	2009
1776	2	1	265	0	2005
1777	2	1	0	0	0
1778	1	1	278	119	2006
1779	2	1	247	120	2002
1780	2	1	278	0	2005
1781	2	1	238	98	2004
1782	1	2	0	88	2009
1783	2	2	276	0	2005
1784	1	1	247	115	2008
1785	1	2	260	88	2009
1786	1	2	286	106	2008
1787	1	2	0	88	2009
1788	1	2	241	87	2008
1789	1	1	247	106	2008
1790	1	1	0	88	2009
1791	1	2	240	115	2005
1792	1	2	241	114	2007
1793	2	2	282	0	2004
1794	1	2	278	115	2008
1795	1	2	241	88	2009
1796	1	2	278	0	2006
1797	1	1	267	87	2008
1798	2	1	282	0	2004
1799	1	1	271	117	2006
1800	2	1	0	0	2002
1801	1	2	247	86	2009
1802	1	2	0	94	2008
1803	1	0	273	0	2006
1804	1	2	0	88	2009
1805	1	2	259	86	2009
1806	1	2	0	94	2008
1807	2	2	257	89	2005
1808	1	2	267	0	2006
1809	2	1	271	0	2005
1810	1	0	0	0	0
1811	2	2	249	0	2003
1812	1	1	247	121	2007
1813	1	1	279	117	2006
1814	1	2	247	113	2006
1815	1	1	0	88	2009
1816	1	0	259	0	2007
1817	1	1	278	0	2005
1818	1	2	247	115	2008
1819	1	0	247	115	2007
1820	1	1	254	0	2008
1821	1	1	278	98	2006
1822	1	1	0	0	0
1823	1	1	259	110	2006
1824	1	2	261	86	2009
1825	2	2	249	111	2004
1826	1	2	0	109	2007
1827	1	1	241	91	2009
1828	2	2	277	108	2004
1829	2	1	282	0	2004
1830	2	1	249	0	2005
1831	1	1	265	90	2008
1832	1	1	236	115	2008
1833	1	1	278	0	2008
1834	1	1	240	115	2007
1835	1	1	241	121	2007
1836	2	1	261	0	2005
1837	1	2	276	88	2009
1838	1	0	278	110	2006
1839	1	0	282	89	2007
1840	1	1	274	119	2006
1841	1	1	267	94	2009
1842	2	1	265	0	2004
1843	1	2	247	87	2008
1844	1	2	0	88	2008
1845	2	1	274	0	2003
1846	1	2	267	111	2006
1847	2	1	236	0	2003
1848	1	1	259	90	2007
1849	1	0	249	116	2006
1850	1	1	259	0	2009
1851	1	2	277	108	2005
1852	1	2	277	112	2006
1853	1	1	0	94	2009
1854	1	1	285	107	2005
1855	1	1	239	98	2006
1856	1	1	241	0	2006
1857	1	1	277	115	2007
1858	1	1	0	93	2009
1859	2	1	241	98	2005
1860	1	2	249	112	2006
1861	2	2	273	0	2004
1862	1	2	0	92	2009
1863	1	1	249	0	2006
1864	1	2	277	90	2008
1865	1	1	249	0	2007
1866	1	1	278	0	2007
1867	1	1	0	90	2008
1868	1	2	0	93	2008
1869	1	2	0	94	2009
1870	2	1	248	0	2005
1871	1	1	279	0	2006
1872	1	2	241	88	2009
1873	1	1	248	121	2007
1874	1	1	277	86	2009
1875	2	1	236	0	2004
1876	1	2	0	88	2009
1877	1	1	277	90	2008
1878	1	1	0	117	2007
1879	1	2	253	108	2005
1880	1	2	0	90	2008
1881	1	1	249	94	2008
1882	1	2	277	98	2007
1883	1	1	265	122	2006
1884	1	2	245	115	2007
1885	2	2	247	0	2005
1886	1	1	259	89	2008
1887	1	2	0	90	2008
1888	2	1	279	0	2005
1889	1	2	0	93	2008
1890	1	2	267	89	0
1891	1	1	268	86	2009
1892	5	0	0	0	0
1893	1	1	241	90	2008
1894	2	1	0	0	0
1895	1	2	235	88	2008
1896	1	1	247	91	2009
1897	1	2	265	109	2006
1898	1	1	242	94	2008
1899	1	2	0	0	2005
1900	2	1	0	119	2005
1901	1	2	241	88	2008
1902	1	1	249	121	2005
1903	2	2	278	0	2005
1904	1	2	277	95	2006
1905	2	1	267	0	2005
1906	1	1	259	116	2006
1907	1	0	0	87	2008
1908	1	1	241	0	0
1909	1	2	261	88	2009
1910	1	2	247	110	2006
1911	1	2	247	0	2006
1912	1	1	236	121	2007
1913	1	1	282	116	2006
1914	1	1	0	93	2009
1915	1	2	247	91	2009
1916	1	1	277	90	2008
1917	1	1	0	0	2007
1918	1	2	247	92	2009
1919	1	1	0	87	2008
1920	1	1	282	115	2008
1921	1	2	241	108	2007
1922	1	1	278	0	2006
1923	2	2	0	0	0
1924	1	1	0	86	2009
1925	1	2	0	90	2008
1926	1	1	0	91	2009
1927	1	1	249	89	2008
1928	2	0	0	0	0
1929	1	1	261	117	2006
1930	1	2	0	93	2009
1931	2	1	259	0	2005
1932	2	2	266	116	2004
1933	1	0	261	0	0
1934	1	1	278	117	2007
1935	1	2	277	0	0
1936	1	2	277	88	2009
1937	1	2	245	0	2009
1938	1	1	0	90	2008
1939	1	1	0	87	2008
1940	2	1	277	0	2005
1941	1	1	0	0	0
1942	1	2	236	116	2006
1943	1	1	0	93	2009
1944	1	2	0	101	2008
1945	2	1	278	0	2005
1946	1	1	276	88	2009
1947	1	1	241	0	2006
1948	1	1	0	90	2008
1949	1	2	274	0	0
1950	1	1	261	90	2008
1951	1	1	266	91	2009
1952	1	2	266	88	2009
1953	1	1	271	0	2006
1954	1	1	249	0	2006
1955	1	2	277	0	2005
1956	1	2	267	0	2007
1957	2	1	278	0	2004
1958	1	2	267	117	2006
1959	1	1	241	119	2006
1960	1	2	241	92	2009
1961	2	1	278	0	2005
1962	2	1	257	0	2004
1963	1	0	0	0	0
1964	1	1	0	90	2008
1965	1	1	0	0	2009
1966	1	2	265	93	2009
1967	1	1	237	90	2008
1968	1	2	241	0	2007
1969	2	2	266	110	2005
1970	1	1	250	92	2009
1971	1	1	241	90	2008
1972	1	2	261	88	2007
1973	1	2	236	92	2009
1974	1	1	240	91	2008
1975	1	1	267	117	2007
1976	1	1	277	0	2007
1977	1	2	249	108	2006
1978	1	1	259	93	2009
1979	1	1	241	0	2007
1980	1	1	249	90	2008
1981	1	2	271	117	2007
1982	1	2	277	90	2007
1983	1	2	277	89	2007
1984	1	2	276	93	2009
1985	1	2	263	91	2008
1986	1	1	278	86	2009
1987	1	2	285	87	2008
1988	1	1	236	117	0
1989	1	1	0	89	2007
1990	2	0	0	0	2004
1991	1	2	241	92	2009
1992	1	2	259	115	2008
1993	2	0	236	86	2005
1994	1	2	245	117	2005
1995	1	2	277	111	2006
1996	1	2	241	89	2008
1997	1	2	0	86	2009
1998	1	1	278	0	2006
1999	1	2	278	89	2008
2000	1	1	236	94	2009
2001	2	1	266	116	2005
2002	1	2	261	117	2006
2003	1	2	261	110	2005
2004	2	0	0	109	2004
2005	1	2	277	0	2007
2006	1	2	0	93	2009
2007	2	2	265	109	2005
2008	2	1	247	116	2005
2009	1	2	0	87	2008
2010	2	1	259	0	2005
2011	1	2	0	92	2009
2012	1	2	273	0	2006
2013	1	2	0	92	2009
2014	1	1	277	98	2006
2015	2	2	277	109	2005
2016	1	2	0	0	0
2017	1	2	241	87	2008
2018	1	0	277	113	0
2019	1	2	0	86	2009
2020	1	2	266	87	2007
2021	1	1	0	91	2009
2022	2	1	267	0	2004
2023	1	1	0	93	2009
2024	1	1	260	89	2007
2025	1	1	0	92	2009
2026	1	1	0	0	2009
2027	1	1	0	0	2008
2028	1	1	277	0	2006
2029	1	2	247	114	2005
2030	1	1	241	116	2005
2031	3	0	286	0	0
2032	1	1	236	119	2006
2033	1	1	249	90	2008
2034	1	1	0	90	2007
2035	1	1	271	102	2008
2036	1	2	252	89	2007
2037	1	1	278	89	2008
2038	1	2	0	88	2009
2039	1	2	277	0	2007
2040	2	1	283	96	2004
2041	1	2	273	95	2006
2042	2	2	277	117	2005
2043	1	2	0	0	2009
2044	1	2	259	117	2007
2045	1	1	278	87	2008
2046	1	2	266	96	2006
2047	1	1	259	89	2007
2048	1	2	276	89	2008
2049	1	1	271	89	2007
2050	1	1	0	89	2007
2051	1	2	273	0	2007
2052	1	2	252	0	2007
2053	1	1	274	0	2006
2054	1	2	266	90	2008
2055	1	2	241	97	2008
2056	1	2	0	93	2008
2057	5	1	273	0	2003
2058	1	2	247	88	2007
2059	1	2	0	86	2008
2060	1	2	249	111	2007
2061	1	1	0	88	2009
2062	2	2	247	122	2005
2063	1	2	247	93	2008
2064	1	2	279	111	0
2065	1	1	277	87	2007
2066	1	1	272	86	2009
2067	1	1	0	93	2009
2068	1	2	278	90	2008
2069	1	1	268	92	2009
2070	2	2	249	0	2005
2071	1	2	261	0	2005
2072	2	2	256	0	2005
2073	2	1	256	117	2005
2074	2	2	249	0	2003
2075	1	2	249	92	2008
2076	1	2	0	88	2009
2077	2	2	259	0	2003
2078	1	1	241	0	2006
2079	1	1	246	0	2007
2080	2	1	247	116	2005
2081	1	2	256	115	2007
2082	1	1	0	94	2009
2083	1	1	278	93	2009
2084	1	2	0	0	0
2085	1	2	0	88	2009
2086	1	2	251	0	2007
2087	1	0	277	113	2005
2088	1	2	265	116	2006
2089	1	1	0	88	2009
2090	1	2	277	110	2006
2091	1	1	277	118	2006
2092	1	2	266	116	2005
2093	1	0	273	0	0
2094	1	1	277	121	2005
2095	1	1	0	88	0
2096	1	1	0	93	2009
2097	1	1	241	88	2009
2098	1	1	240	92	2009
2099	2	1	276	0	2002
2100	2	1	261	0	2005
2101	1	2	259	94	2009
2102	1	2	277	116	2007
2103	2	1	283	0	0
2104	1	1	247	89	2008
2105	1	1	277	90	2008
2106	1	2	241	91	2009
2107	1	1	249	92	2009
2108	1	1	249	88	2009
2109	1	1	0	91	2009
2110	1	2	261	89	2008
2111	1	2	0	88	2009
2112	1	1	267	0	2006
2113	1	1	262	0	2006
2114	2	1	273	0	2005
2115	1	1	249	86	2009
2116	1	1	0	94	2009
2117	1	1	0	93	2009
2118	1	1	249	87	2008
2119	1	2	247	90	2007
2120	1	1	249	116	2006
2121	1	2	267	0	2007
2122	1	2	261	113	2006
2123	1	1	271	0	2006
2124	1	1	249	116	2006
2125	1	2	249	0	2007
2126	1	0	259	0	2005
2127	1	1	277	119	2007
2128	2	1	274	0	2005
2129	2	2	259	0	2005
2130	1	1	252	0	2007
2131	1	1	249	92	2008
2132	1	1	278	90	2008
2133	1	1	247	116	2006
2134	2	1	0	0	2005
2135	1	1	0	87	2008
2136	1	2	259	112	2006
2137	1	2	249	115	2007
2138	1	1	276	117	2006
2139	1	2	256	117	2006
2140	1	1	249	117	2006
2141	2	2	0	0	2004
2142	1	2	240	89	2008
2143	1	2	241	89	2008
2144	1	0	0	88	2009
2145	1	1	271	119	2006
2146	1	1	0	90	2008
2147	1	1	0	89	2008
2148	1	1	241	91	2009
2149	1	2	0	88	2009
2150	1	1	261	93	2009
2151	1	1	259	90	2008
2152	1	2	0	93	2009
2153	2	2	247	0	2005
2154	1	2	247	87	2008
2155	1	1	261	119	2007
2156	1	2	237	87	2008
2157	2	1	236	120	2004
2158	1	1	278	103	2007
2159	1	2	262	88	2007
2160	1	1	241	89	2008
2161	2	1	274	0	2005
2162	1	0	0	86	2008
2163	1	2	273	0	2006
2164	1	2	0	113	2006
2165	1	0	277	0	2006
2166	1	0	277	0	2007
2167	1	1	241	88	2009
2168	5	1	0	0	2005
2169	1	2	249	98	2007
2170	1	2	249	93	2009
2171	1	2	0	88	0
2172	1	1	265	0	2007
2173	1	1	261	0	2007
2174	1	1	261	90	2007
2175	1	1	282	90	2007
2176	1	1	242	116	2005
2177	1	1	0	87	2008
2178	1	2	256	117	2007
2179	4	1	0	0	0
2180	1	0	0	0	0
2181	1	1	254	115	2006
2182	1	1	252	0	2006
2183	1	1	247	93	2009
2184	2	2	249	0	2005
2185	1	2	0	113	2007
2186	2	0	0	0	2005
2187	1	1	247	89	2008
2188	2	2	256	0	2005
2189	1	1	259	117	2007
2190	1	2	249	111	2007
2191	2	1	259	0	2005
2192	1	2	0	87	2008
2193	2	2	241	116	2005
2194	2	0	261	0	2005
2195	1	1	256	115	2006
2196	1	2	0	88	2009
2197	1	1	0	93	2008
2198	2	2	284	108	2005
2199	1	2	254	89	2008
2200	1	2	271	93	2009
2201	1	1	277	0	2006
2202	1	2	0	93	2009
2203	1	2	240	0	2007
2204	1	2	277	115	2008
2205	1	2	240	111	2006
2206	2	0	254	0	2004
2207	1	2	242	86	2009
2208	1	1	282	93	2009
2209	1	0	247	121	2007
2210	1	2	256	89	2008
2211	1	2	0	90	2008
2212	1	1	259	93	2009
2213	1	1	282	93	2008
2214	2	1	0	0	2004
2215	1	1	266	0	2006
2216	1	1	261	117	2006
2217	2	2	277	109	2005
2218	1	1	0	90	2008
2219	1	2	265	109	2005
2220	1	0	256	117	2006
2221	2	1	282	87	2005
2222	1	2	266	117	2006
2223	1	2	0	86	2008
2224	1	1	271	0	2006
2225	2	1	248	0	2000
2226	1	2	0	115	2007
2227	2	1	282	0	2005
2228	1	2	273	0	2005
2229	2	1	249	0	2005
2230	1	1	278	87	2008
2231	1	0	0	88	2009
2232	1	2	0	87	2008
2233	1	2	249	88	2009
2234	2	1	278	0	2005
2235	2	2	274	107	2003
2236	1	1	247	93	2009
2237	1	0	249	0	0
2238	1	1	0	87	2008
2239	1	1	261	0	2006
2240	1	0	0	0	0
2241	1	1	0	94	2009
2242	4	2	277	94	2005
2243	1	1	0	93	2009
2244	1	1	244	110	2006
2245	1	0	0	90	2007
2246	1	2	247	88	2009
2247	2	2	268	0	2005
2248	1	2	0	86	2009
2249	1	0	0	0	0
2250	1	1	282	104	2007
2251	1	1	236	0	2006
2252	2	1	249	0	2005
2253	1	2	246	86	2008
2254	1	1	0	86	2008
2255	1	2	259	108	2007
2256	1	1	282	116	2007
2257	1	1	282	90	2007
2258	1	1	0	92	2009
2259	1	2	0	114	2006
2260	1	2	261	0	2007
2261	1	2	282	0	2006
2262	1	0	265	117	0
2263	1	2	241	91	2009
2264	1	1	259	87	2008
2265	1	1	268	0	2008
2266	1	2	251	111	2007
2267	1	1	0	89	2008
2268	2	2	276	0	2003
2269	1	2	247	90	2008
2270	2	0	277	0	2005
2271	1	2	0	0	0
2272	2	0	267	0	2005
2273	1	1	252	103	2006
2274	1	2	268	94	2009
2275	1	2	0	88	2009
2276	1	1	0	94	2009
2277	1	0	277	0	2005
2278	1	2	0	88	2009
2279	1	2	0	94	2009
2280	1	1	249	102	2006
2281	1	2	259	88	2009
2282	1	1	236	116	2006
2283	1	1	0	89	2008
2284	1	1	258	0	2007
2285	1	2	0	90	2008
2286	1	2	259	117	2007
2287	1	2	236	0	2008
2288	2	1	282	0	2004
2289	2	1	0	0	0
2290	1	1	236	115	2006
2291	1	2	278	117	2006
2292	1	1	0	87	2008
2293	1	1	249	0	2007
2294	1	2	241	88	2009
2295	2	0	0	0	0
2296	1	2	277	0	2005
2297	1	2	0	93	0
2298	1	2	0	87	2008
2299	1	1	241	94	2008
2300	1	1	278	117	2007
2301	1	0	278	0	2006
2302	1	2	277	92	2009
2303	1	2	0	88	2009
2304	1	1	261	88	2008
2305	1	2	276	90	2007
2306	2	1	241	118	2004
2307	2	1	247	121	2004
2308	1	2	247	89	2008
2309	1	2	277	108	2007
2310	1	2	249	91	2009
2311	1	1	271	0	2006
2312	1	2	282	86	2009
2313	1	1	0	91	0
2314	1	2	265	109	2006
2315	2	1	259	0	2004
2316	1	2	0	0	2006
2317	1	1	248	87	2007
2318	1	1	0	0	2008
2319	1	1	271	94	2009
2320	1	1	262	87	2008
2321	1	1	277	88	2009
2322	1	1	0	101	2008
2323	1	1	249	0	2007
2324	1	2	247	87	2008
2325	2	2	247	117	2005
2326	2	1	241	115	2005
2327	2	2	252	0	2005
2328	2	1	242	0	2004
2329	1	1	277	116	2007
2330	1	1	249	94	2009
2331	1	1	241	90	2008
2332	1	2	0	0	2008
2333	1	2	0	94	2009
2334	1	2	0	87	2008
2335	1	1	277	119	2007
2336	1	1	282	0	2006
2337	1	2	0	93	2008
2338	1	1	248	90	2007
2339	1	2	241	92	2008
2340	2	1	247	0	2005
2341	1	0	277	0	0
2342	1	1	277	119	2007
2343	1	1	0	89	2008
2344	1	1	282	121	2006
2345	1	1	249	88	2009
2346	1	1	0	91	2008
2347	2	1	282	120	2004
2348	1	1	282	0	2008
2349	1	2	273	117	2007
2350	2	1	254	0	2005
2351	2	1	251	0	2005
2352	1	2	277	113	2006
2353	1	1	282	0	2006
2354	1	1	247	106	2008
2355	1	1	266	120	2006
2356	2	1	242	0	2005
2357	1	1	0	91	2009
2358	1	0	259	90	2008
2359	1	2	282	88	2006
2360	2	1	255	0	2005
2361	2	2	247	0	2004
2362	1	1	0	87	2008
2363	1	1	241	121	2007
2364	1	1	241	90	2008
2365	1	1	249	0	2007
2366	1	1	0	86	2009
2367	1	2	247	86	2009
2368	2	1	274	0	2005
2369	1	1	278	88	2006
2370	2	1	283	0	2005
2371	1	2	0	0	0
2372	1	1	283	90	2008
2373	2	1	249	0	2004
2374	1	2	277	88	2008
2375	2	1	249	0	2005
2376	1	2	0	0	0
2377	1	2	273	0	2006
2378	1	2	247	86	2009
2379	1	1	0	88	2004
2380	1	1	249	89	2008
2381	2	2	277	96	2005
2382	1	1	0	94	2009
2383	1	1	0	89	2008
2384	1	1	0	90	2007
2385	1	2	261	109	2006
2386	1	2	0	90	2008
2387	1	0	0	0	0
2388	1	2	247	109	2006
2389	2	1	282	0	2004
2390	1	1	264	118	2007
2391	1	2	247	86	2009
2392	1	1	263	116	2006
2393	1	1	277	92	2009
2394	1	1	0	94	2009
2395	1	0	0	0	0
2396	1	1	236	117	2007
2397	1	1	271	93	2009
2398	1	1	241	90	2008
2399	1	1	255	96	2006
2400	1	2	0	88	2008
2401	1	1	267	90	2007
2402	1	2	267	0	2007
2403	1	0	241	0	2006
2404	2	2	247	114	2004
2405	1	1	259	86	2008
2406	1	1	279	0	2006
2407	1	2	0	88	2007
2408	1	2	256	114	2006
2409	2	1	236	118	2004
2410	1	2	245	89	2008
2411	1	2	271	87	2008
2412	1	1	0	93	2009
2413	1	2	259	113	2005
2414	2	2	259	0	2004
2415	1	1	273	120	2007
2416	1	1	278	89	2007
2417	1	1	281	90	2008
2418	1	1	262	91	2009
2419	1	1	239	89	2007
2420	1	1	282	117	2007
2421	1	1	277	94	2008
2422	2	0	0	0	0
2423	1	2	250	0	0
2424	1	2	0	88	2009
2425	1	1	249	0	2007
2426	1	1	0	106	2008
2427	1	0	273	0	2007
2428	1	2	249	90	2006
2429	2	1	266	0	2005
2430	2	2	267	0	2005
2431	1	1	0	88	2007
2432	1	1	236	117	2007
2433	1	2	241	94	2009
2434	1	2	243	0	2008
2435	1	2	277	92	2008
2436	2	2	277	114	2005
2437	1	1	0	94	2009
2438	2	2	267	0	2003
2439	2	0	273	0	2005
2440	1	1	250	117	2007
2441	1	0	259	0	2006
2442	1	1	0	90	2008
2443	1	2	266	90	2007
2444	1	2	259	116	2005
2445	1	1	0	88	2009
2446	2	1	255	0	2005
2447	2	0	254	115	2005
2448	1	1	247	90	2008
2449	1	2	249	113	2005
2450	1	1	278	98	2006
2451	1	1	241	87	2008
2452	1	2	247	90	2008
2453	1	2	0	86	2009
2454	1	1	248	0	2006
2455	2	2	0	0	2004
2456	1	1	236	88	2009
2457	1	2	259	117	2007
2458	1	1	244	115	2006
2459	1	0	0	90	2008
2460	1	2	247	93	2009
2461	1	2	252	98	2007
2462	1	1	286	0	0
2463	1	1	278	91	2009
2464	2	2	0	113	2005
2465	1	2	282	117	2006
2466	1	1	271	90	2008
2467	1	2	261	90	2008
2468	2	1	278	0	2004
2469	1	1	277	0	2007
2470	1	1	0	94	2009
2471	2	1	273	0	2004
2472	1	2	277	113	2007
2473	1	2	277	117	2007
2474	1	2	0	93	2009
2475	1	1	278	119	2006
2476	2	1	277	0	2004
2477	1	1	278	0	2006
2478	1	1	259	94	2009
2479	5	2	247	116	2005
2480	1	2	0	0	2007
2481	1	2	277	114	2007
2482	1	1	266	0	2007
2483	1	1	0	89	2008
2484	1	1	272	92	2009
2485	1	2	247	91	2009
2486	1	2	236	117	2007
2487	1	1	283	94	2009
2488	1	2	0	108	2006
2489	1	1	278	88	2009
2490	2	1	247	117	2005
2491	1	2	273	0	2005
2492	1	2	277	115	2005
2493	1	2	267	115	2008
2494	1	0	263	108	0
2495	1	1	0	87	2008
2496	1	1	266	94	2009
2497	2	0	0	0	0
2498	1	1	262	101	2008
2499	2	1	241	0	2004
2500	2	1	236	0	2005
2501	2	1	261	0	2005
2502	1	2	0	93	2009
2503	1	1	0	0	2007
2504	1	1	271	105	2006
2505	1	1	0	86	2009
2506	1	2	247	94	2009
2507	2	1	244	120	2005
2508	2	1	271	0	2003
2509	1	2	271	108	2006
2510	1	1	236	0	2009
2511	1	1	0	0	2007
2512	4	2	0	0	0
2513	2	1	273	0	2004
2514	1	2	272	90	2007
2515	1	1	0	89	2008
2516	1	1	278	88	2007
2517	1	2	247	108	2007
2518	1	2	282	86	2008
2519	1	1	0	94	2009
2520	1	1	256	105	2006
2521	1	1	0	91	2009
2522	1	2	273	90	2007
2523	1	2	235	0	0
2524	2	2	277	0	0
2525	1	2	259	113	2006
2526	2	1	248	0	2005
2527	2	2	249	0	2005
2528	2	1	255	0	2005
2529	1	0	0	0	0
2530	2	2	245	109	2005
2531	1	2	0	88	2009
2532	1	1	236	115	2007
2533	1	2	0	113	2007
2534	1	0	259	0	2005
2535	1	2	259	0	2005
2536	1	1	0	89	2008
2537	1	2	277	0	2006
2538	1	0	0	0	0
2539	2	1	259	116	2005
2540	2	1	277	0	2005
2541	1	2	255	114	2006
2542	1	1	282	91	2009
2543	2	1	261	116	2005
2544	1	0	0	0	0
2545	1	2	277	87	2007
2546	1	2	0	94	2008
2547	1	2	267	0	2007
2548	1	2	256	117	0
2549	1	2	277	90	2008
2550	1	1	259	0	2007
2551	2	2	266	116	2005
2552	1	2	0	86	2009
2553	2	1	249	0	2005
2554	1	0	256	0	2007
2555	1	1	249	90	2008
2556	2	1	277	118	2004
2557	2	2	268	111	2005
2558	1	2	247	115	2006
2559	1	0	0	121	2007
2560	2	2	282	117	2005
2561	2	2	277	0	2005
2562	1	0	236	0	0
2563	1	2	0	0	2008
2564	1	2	0	92	2009
2565	1	1	0	88	2009
2566	2	1	268	0	2005
2567	1	1	277	92	2009
2568	1	2	259	116	2006
2569	1	2	277	108	2007
2570	1	2	247	88	2008
2571	1	1	236	0	2006
2572	1	2	241	114	2006
2573	1	2	0	88	2009
2574	1	1	249	101	2009
2575	2	2	247	0	2005
2576	1	2	249	0	2006
2577	1	1	271	121	2006
2578	1	1	236	0	2006
2579	1	2	0	90	2008
2580	2	0	273	109	2004
2581	1	1	249	0	2006
2582	1	1	249	117	2007
2583	1	1	261	86	2009
2584	1	1	238	98	2006
2585	1	2	247	94	2005
2586	1	2	0	93	2009
2587	1	1	241	90	2008
2588	1	2	247	0	2009
2589	1	2	0	91	2009
2590	1	2	276	91	2009
2591	2	2	236	0	2005
2592	1	0	0	0	0
2593	1	1	278	106	2008
2594	1	1	261	93	2009
2595	1	1	241	87	2008
2596	1	1	267	89	2007
2597	1	1	266	88	2009
2598	1	1	248	86	2009
2599	1	2	247	0	2009
2600	1	2	276	88	2009
2601	1	1	0	88	2009
2602	1	2	0	87	2008
2603	1	1	279	115	2007
2604	2	1	249	0	2005
2605	1	1	0	0	2005
2606	1	2	247	94	2009
2607	1	2	248	116	2006
2608	1	2	255	87	2008
2609	1	0	259	0	2006
2610	1	2	248	99	2007
2611	1	1	0	0	0
2612	1	2	255	0	2006
2613	1	1	0	93	2009
2614	1	1	0	86	2009
2615	1	1	0	89	2008
2616	1	2	276	113	2006
2617	1	2	277	0	2007
2618	2	1	241	0	2003
2619	1	1	255	89	2007
2620	1	2	266	89	2008
2621	1	1	271	87	2007
2622	1	1	255	120	2006
2623	1	1	274	90	2007
2624	1	1	277	0	2006
2625	1	1	261	94	2009
2626	1	2	259	113	2007
2627	1	1	270	0	2006
2628	1	1	259	120	2006
2629	1	1	249	0	2006
2630	1	1	236	91	2009
2631	2	1	249	0	2005
2632	1	1	239	0	2009
2633	1	1	277	90	2007
2634	2	2	247	117	2005
2635	1	2	259	94	2008
2636	1	1	0	94	2009
2637	1	2	277	113	2010
2638	1	1	0	89	2008
2639	1	2	247	0	0
2640	1	2	255	110	2006
2641	1	2	267	109	2007
2642	1	1	282	116	2006
2643	1	0	0	0	2009
2644	1	1	0	94	2008
2645	2	2	247	0	2005
2646	1	1	273	121	2006
2647	2	2	247	0	2005
2648	1	1	0	0	2007
2649	1	1	0	92	2008
2650	1	1	282	0	2005
2651	1	2	0	88	2009
2652	1	2	240	91	2008
2653	1	2	282	89	2007
2654	1	1	277	0	2006
2655	1	2	241	91	2008
2656	1	1	241	86	2009
2657	1	2	241	115	2008
2658	1	1	282	87	2008
2659	2	2	236	0	2004
2660	1	1	0	89	2008
2661	2	2	259	0	2005
2662	1	2	241	98	2006
2663	1	2	249	103	2005
2664	1	1	0	88	2009
2665	1	1	241	88	2009
2666	1	0	0	0	2007
2667	1	2	266	87	2008
2668	1	1	241	120	2007
2669	1	2	0	106	2008
2670	1	2	282	87	2008
2671	1	2	282	117	2007
2672	2	1	277	0	2005
2673	1	2	0	88	2009
2674	4	0	0	0	0
2675	3	0	0	0	0
2676	1	0	0	0	0
2677	3	2	261	0	2005
2678	1	1	261	0	2007
2679	1	2	277	108	2007
2680	1	2	247	101	2008
2681	2	2	0	0	0
2682	1	0	241	90	2008
2683	1	2	0	88	2009
2684	1	1	238	104	2007
2685	1	2	259	111	2006
2686	1	2	271	0	2007
2687	1	2	249	88	2009
2688	4	2	0	0	1998
2689	1	2	236	0	2007
2690	1	2	259	0	0
2691	1	2	235	0	2008
2692	1	0	259	115	2007
2693	1	1	236	119	2006
2694	1	1	0	0	2008
2695	1	1	247	121	2007
2696	1	2	0	108	2007
2697	1	2	285	122	2006
2698	1	1	0	94	2009
2699	1	1	249	116	2006
2700	1	2	0	0	2007
2701	2	2	247	122	2005
2702	2	1	277	0	2005
2703	1	1	0	0	2007
2704	1	2	241	92	2009
2705	1	2	277	94	2009
2706	2	1	0	0	2004
2707	2	1	282	0	2005
2708	1	1	241	89	2008
2709	1	1	278	115	2007
2710	1	1	261	116	2006
2711	1	2	265	115	2006
2712	1	2	272	0	2009
2713	1	1	0	89	2008
2714	1	2	245	122	2006
2715	1	2	259	116	2006
2716	1	0	0	0	0
2717	2	2	251	108	2005
2718	1	1	261	93	2008
2719	1	2	282	108	2006
2720	1	2	247	93	2009
2721	1	2	248	115	2007
2722	1	1	0	86	2009
2723	1	1	278	117	2006
2724	1	2	255	114	2006
2725	1	2	259	122	2005
2726	1	1	247	0	2006
2727	1	2	267	94	2009
2728	1	0	0	0	2007
2729	1	1	247	117	2007
2730	1	1	0	89	2008
2731	1	2	242	92	2009
2732	1	1	0	94	2009
2733	2	1	277	119	2005
2734	1	1	236	88	2009
2735	1	2	283	117	2007
2736	1	1	278	96	2007
2737	1	2	270	0	2005
2738	2	1	278	0	2005
2739	1	2	277	0	0
2740	2	2	267	0	2005
2741	1	2	265	109	0
2742	1	2	0	88	2009
2743	2	1	261	120	2005
2744	1	2	273	87	2007
2745	1	1	0	88	2008
2746	1	0	0	0	2007
2747	2	0	0	0	0
2748	2	0	0	0	2004
2749	1	1	241	94	2009
2750	1	1	245	116	2006
2751	1	1	277	0	2006
2752	1	0	247	87	2007
2753	2	0	0	0	0
2754	1	2	247	89	2007
2755	1	1	0	94	2009
2756	1	2	0	92	2008
2757	1	2	0	90	2007
2758	1	2	261	111	2006
2759	1	1	267	0	2005
2760	2	2	0	0	2004
2761	2	2	249	0	2005
2762	1	2	247	86	2009
2763	1	2	247	88	2009
2764	2	2	277	0	2005
2765	1	1	271	121	2006
2766	1	1	0	91	2009
2767	2	0	277	0	2005
2768	4	2	0	0	0
2769	2	1	271	0	2004
2770	2	1	0	0	2004
2771	1	2	0	89	2008
2772	1	2	259	117	2007
2773	2	1	277	0	2004
2774	2	1	279	119	2004
2775	1	0	247	104	2006
2776	1	1	249	0	2006
2777	1	1	255	88	2007
2778	3	2	276	102	2004
2779	1	2	0	116	2006
2780	1	1	237	121	2007
2781	1	1	0	94	2009
2782	2	1	277	0	2005
2783	1	1	241	88	2009
2784	1	1	0	89	2008
2785	1	2	245	0	2007
2786	1	2	0	88	2008
2787	1	2	277	115	0
2788	1	1	236	86	2009
2789	1	0	0	0	0
2790	2	2	0	0	2004
2791	2	1	247	0	2004
2792	1	1	278	115	2006
2793	1	2	239	116	2006
2794	2	2	277	0	2005
2795	2	2	0	110	2005
2796	1	2	241	117	2007
2797	1	2	247	105	2006
2798	1	0	254	87	0
2799	2	1	278	0	2005
2800	1	0	277	109	2007
2801	1	2	247	108	2006
2802	1	2	271	113	2007
2803	1	0	0	0	0
2804	1	1	261	0	2009
2805	2	2	285	0	0
2806	1	2	256	117	2006
2807	1	1	286	98	2007
2808	1	1	247	89	2008
2809	1	2	255	89	2007
2810	2	2	273	0	2005
2811	1	2	244	116	2005
2812	1	1	0	94	2009
2813	1	2	241	0	2006
2814	1	2	0	87	0
2815	2	2	249	0	2003
2816	2	2	261	0	2005
2817	1	1	0	94	2009
2818	1	1	241	88	2009
2819	1	2	0	88	2009
2820	1	2	259	91	2009
2821	1	1	0	89	0
2822	1	1	251	119	2007
2823	1	2	0	90	2008
2824	1	2	247	112	2007
2825	1	1	261	0	2006
2826	1	2	247	90	2008
2827	1	1	272	116	2006
2828	1	1	272	92	2009
2829	1	1	277	101	2009
2830	2	1	247	0	2005
2831	1	1	268	120	2007
2832	1	1	236	90	2007
2833	1	0	0	0	0
2834	1	2	239	101	2007
2835	1	2	0	90	2008
2836	1	2	0	101	2008
2837	1	1	0	89	2008
2838	1	2	249	88	2007
2839	1	2	247	116	2006
2840	1	2	0	88	2009
2841	1	1	278	87	2007
2842	1	0	0	0	0
2843	1	2	247	88	2009
2844	1	1	271	87	2007
2845	2	2	277	0	2004
2846	2	1	282	117	2001
2847	1	2	0	92	2008
2848	1	2	277	109	2006
2849	1	2	277	111	2007
2850	1	2	247	114	2007
2851	2	2	283	0	2002
2852	1	2	0	87	2007
2853	1	1	255	88	2007
2854	1	1	277	0	2006
2855	2	1	282	0	2004
2856	2	1	277	0	2004
2857	1	1	277	93	2005
2858	1	1	282	0	2006
2859	1	2	0	88	2009
2860	1	1	256	89	2008
2861	1	1	261	88	2008
2862	1	1	283	119	2007
2863	1	2	0	88	2009
2864	1	2	278	0	2004
2865	1	2	249	117	2006
2866	1	2	241	91	2009
2867	1	2	245	104	2006
2868	2	2	242	0	2001
2869	1	1	0	94	2009
2870	1	1	249	119	2006
2871	2	2	273	110	2005
2872	1	1	272	93	2009
2873	2	1	277	0	2004
2874	1	0	261	0	2007
2875	1	2	255	88	2007
2876	1	1	0	94	2009
2877	2	2	282	0	2004
2878	1	1	0	87	2008
2879	3	2	279	0	0
2880	1	2	0	86	2008
2881	1	2	0	0	0
2882	2	1	277	0	2004
2883	2	2	277	0	2004
2884	1	1	241	86	2009
2885	1	1	0	89	2008
2886	1	1	267	101	2009
2887	1	0	0	0	2007
2888	1	1	0	93	2008
2889	1	0	0	105	0
2890	1	2	0	89	2008
2891	1	1	236	92	2009
2892	1	1	282	115	2006
2893	1	2	249	117	2006
2894	1	2	0	117	2007
2895	2	1	267	0	2004
2896	1	2	276	87	2007
2897	2	1	0	0	2003
2898	1	2	282	101	2007
2899	1	1	271	0	2006
2900	1	1	247	90	2008
2901	1	2	0	88	2009
2902	2	2	277	0	2002
2903	1	1	243	0	2007
2904	1	1	0	88	2009
2905	2	2	257	0	2004
2906	1	2	277	0	2006
2907	1	1	0	86	2009
2908	1	1	0	0	2008
2909	2	1	285	0	2005
2910	2	2	259	0	2003
2911	1	1	261	0	2007
2912	1	0	0	0	0
2913	3	2	0	0	0
2914	1	2	249	0	2005
2915	1	1	282	93	2004
2916	2	2	259	122	2004
2917	1	0	246	115	2005
2918	2	1	261	0	2003
2919	1	2	0	0	2005
2920	2	2	277	0	2005
2921	1	1	278	118	2007
2922	1	2	241	0	2007
2923	1	2	247	0	2008
2924	1	0	0	92	2008
2925	1	0	249	0	2006
2926	1	2	0	86	2009
2927	2	1	273	0	2004
2928	1	2	277	109	2006
2929	1	1	236	0	2006
2930	1	1	278	92	2009
2931	1	1	0	0	2008
2932	1	1	0	91	2009
2933	1	2	0	94	2009
2934	1	2	238	108	2006
2935	2	1	267	0	2005
2936	1	1	249	90	2008
2937	2	2	258	0	2004
2938	2	1	0	0	2002
2939	1	1	265	116	2006
2940	1	0	0	109	0
2941	1	1	272	116	2006
2942	1	2	282	0	2008
2943	1	1	271	93	2009
2944	1	1	236	121	0
2945	1	1	0	87	2008
2946	1	1	273	117	2006
2947	1	2	0	88	2009
2948	2	1	277	118	2005
2949	1	1	266	87	2008
2950	1	2	247	93	2009
2951	2	2	277	0	0
2952	1	1	247	92	2009
2953	1	1	278	117	2006
2954	1	2	0	88	2009
2955	1	1	278	90	2007
2956	1	1	0	86	2009
2957	1	1	278	93	2009
2958	1	1	0	86	2009
2959	1	2	249	0	2005
2960	1	2	0	89	2007
2961	4	1	0	0	0
2962	1	1	249	0	2006
2963	1	2	249	115	2005
2964	1	1	261	91	2008
2965	1	2	262	95	2006
2966	1	0	0	0	0
2967	1	2	247	117	2007
2968	1	2	241	88	2009
2969	2	1	250	0	2005
2970	1	1	0	90	2008
2971	1	2	259	110	2006
2972	1	1	283	92	2006
2973	1	2	273	108	2006
2974	1	2	277	110	2007
2975	1	1	236	90	2007
2976	1	1	0	93	2009
2977	1	1	0	90	0
2978	1	0	278	120	2006
2979	1	2	277	98	2007
2980	1	1	277	91	2009
2981	1	1	0	94	2008
2982	1	1	271	0	2007
2983	2	0	277	0	2005
2984	1	1	282	87	2007
2985	1	2	282	0	2006
2986	2	1	261	0	2004
2987	1	2	243	88	2009
2988	1	1	273	117	2007
2989	1	2	274	0	2006
2990	1	2	0	88	2008
2991	1	1	241	0	2009
2992	1	2	276	0	2006
2993	1	0	255	119	2005
2994	1	2	249	108	2006
2995	2	2	259	0	2004
2996	1	2	245	117	2006
2997	1	0	261	108	2007
2998	1	2	247	92	2009
2999	1	2	247	114	2006
3000	2	1	249	0	2004
3001	1	2	0	88	2008
3002	1	2	259	88	2007
3003	2	1	277	0	2005
3004	2	1	249	0	2005
3005	1	2	0	87	2008
3006	1	2	277	109	2007
3007	1	1	242	0	2006
3008	1	2	282	110	2006
3009	1	2	247	114	2007
3010	1	2	247	90	2007
3011	1	2	274	89	2007
3012	1	1	0	88	2008
3013	1	0	0	0	0
3014	1	2	256	88	2008
3015	1	2	277	101	0
3016	1	1	261	87	2007
3017	1	1	247	0	2007
3018	1	2	0	93	2009
3019	1	1	0	86	2009
3020	1	1	0	94	2009
3021	1	0	0	0	0
3022	1	1	0	93	2009
3023	1	1	279	0	2006
3024	1	1	283	94	2009
3025	1	1	241	89	2008
3026	2	1	285	117	0
3027	1	0	0	0	0
3028	1	1	240	90	2008
3029	1	2	241	117	2007
3030	1	1	271	0	2007
3031	2	0	0	0	0
3032	2	0	273	0	2005
3033	1	2	241	101	2009
3034	1	2	261	92	2009
3035	1	2	285	86	2008
3036	1	1	0	90	2008
3037	1	1	249	0	2006
3038	1	2	252	117	2007
3039	1	2	0	93	2009
3040	1	2	0	0	2009
3041	2	1	279	96	2005
3042	1	1	261	0	2006
3043	1	2	0	88	2008
3044	1	2	249	88	2007
3045	1	1	267	106	2007
3046	1	1	247	119	2007
3047	1	1	282	0	2006
3048	2	1	247	0	2003
3049	1	1	241	86	2009
3050	2	1	278	0	2004
3051	1	1	265	0	2006
3052	2	2	247	117	2005
3053	1	2	247	98	2007
3054	1	1	241	88	2009
3055	1	0	249	0	2008
3056	1	2	282	110	2006
3057	1	1	247	89	2008
3058	1	1	269	0	2006
3059	1	1	278	87	2008
3060	1	2	247	93	2009
3061	1	1	0	88	2009
3062	1	1	0	90	2007
3063	2	2	278	0	2003
3064	1	2	0	86	2009
3065	1	2	260	0	2005
3066	2	2	266	111	2005
3067	1	1	0	86	2009
3068	1	1	267	105	2006
3069	1	2	0	86	2009
3070	1	1	268	98	2007
3071	2	0	252	0	2005
3072	1	2	0	0	2006
3073	2	1	256	0	2005
3074	1	2	0	91	2008
3075	1	1	256	0	2006
3076	1	2	276	115	2008
3077	1	2	0	0	2009
3078	1	2	277	0	2006
3079	2	1	244	0	2005
3080	1	0	0	0	0
3081	1	2	247	105	2006
3082	1	0	0	88	2009
3083	1	2	248	110	2006
3084	1	0	0	0	0
3085	1	0	0	0	2008
3086	1	1	0	89	2008
3087	1	1	278	90	2008
3088	1	2	261	90	2008
3089	1	1	236	93	2009
3090	1	2	259	117	2007
3091	1	1	267	0	2006
3092	3	1	279	0	0
3093	1	2	277	112	2007
3094	1	2	248	117	2006
3095	1	0	282	115	2006
3096	1	1	249	0	2006
3097	1	2	276	93	2009
3098	2	1	277	0	2005
3099	1	1	0	94	2009
3100	1	1	279	0	2005
3101	1	2	247	89	2007
3102	2	1	277	116	2005
3103	1	0	285	0	0
3104	1	1	247	89	2008
3105	1	2	247	0	2009
3106	1	2	246	86	2009
3107	1	2	276	89	2008
3108	1	2	0	88	2009
3109	1	1	277	0	2006
3110	1	1	236	121	2007
3111	1	1	277	93	2009
3112	1	1	241	0	2006
3113	1	1	236	87	2008
3114	1	1	0	88	2009
3115	1	2	0	87	2008
3116	1	2	256	99	2005
3117	2	0	0	0	0
3118	2	2	247	116	2005
3119	1	2	247	86	2009
3120	1	1	0	87	0
3121	1	1	259	0	2006
3122	1	2	261	108	2006
3123	2	2	277	109	2004
3124	2	1	249	121	2005
3125	1	2	243	87	2007
3126	1	2	0	86	2008
3127	2	1	283	0	2005
3128	1	2	0	86	2008
3129	1	1	0	86	2009
3130	1	2	0	88	2009
3131	1	2	277	98	2010
3132	1	1	0	87	2008
3133	1	2	0	93	2008
3134	1	2	269	102	2005
3135	1	1	273	90	2007
3136	2	2	274	0	2004
3137	1	2	0	86	2009
3138	2	2	271	122	2005
3139	1	0	0	0	0
3140	1	1	261	0	2009
3141	1	0	277	0	2005
3142	1	2	273	89	2007
3143	1	1	277	99	2007
3144	1	1	258	92	2008
3145	2	1	255	0	2004
3146	1	2	241	94	2009
3147	1	1	273	0	2006
3148	1	1	0	86	2009
3149	1	1	247	87	2008
3150	2	2	250	114	2005
3151	1	1	244	0	2007
3152	1	1	256	0	2006
3153	1	2	266	102	2006
3154	1	2	241	0	2006
3155	2	2	271	0	2004
3156	1	2	259	88	2009
3157	1	1	0	90	2008
3158	1	1	261	91	2009
3159	2	0	0	0	2005
3160	1	1	0	90	2008
3161	1	2	247	95	2006
3162	2	0	247	0	2005
3163	1	2	242	0	2007
3164	1	1	0	86	2009
3165	1	1	0	94	2009
3166	2	2	277	0	2004
3167	1	2	0	93	2009
3168	2	0	0	0	0
3169	1	2	261	86	2009
3170	1	1	249	121	0
3171	1	1	236	0	2006
3172	2	1	271	0	2005
3173	2	1	236	0	2005
3174	1	2	0	113	0
3175	1	2	249	0	2007
3176	1	1	236	0	2007
3177	1	1	259	93	2009
3178	1	2	278	94	2009
3179	1	2	283	106	2008
3180	1	2	0	94	2009
3181	1	2	284	92	2007
3182	1	1	274	0	2005
3183	1	1	278	117	2006
3184	1	1	0	89	2008
3185	2	1	252	0	2004
3186	1	0	247	0	2006
3187	2	0	0	0	0
3188	1	1	259	0	2008
3189	1	2	247	94	2009
3190	1	1	241	90	2008
3191	1	1	236	117	2006
3192	1	2	0	0	2007
3193	1	1	247	117	2006
3194	1	1	0	88	2009
3195	4	0	0	0	0
3196	2	2	254	110	2004
3197	1	1	273	0	2006
3198	1	2	247	89	2007
3199	4	0	0	0	0
3200	1	1	0	93	2009
3201	2	2	259	0	2005
3202	2	1	283	117	2005
3203	1	1	239	0	2007
3204	1	1	277	116	2007
3205	1	2	259	0	2006
3206	1	2	0	115	2008
3207	1	2	259	0	2007
3208	1	1	271	0	2007
3209	2	2	261	0	2005
3210	1	2	0	0	2006
3211	1	2	247	89	2008
3212	2	0	247	0	2005
3213	1	2	267	0	0
3214	2	2	245	0	2005
3215	1	2	259	122	2006
3216	1	1	0	90	2008
3217	1	2	0	86	2009
3218	1	2	0	86	2009
3219	1	1	240	90	2008
3220	5	2	237	0	2004
3221	1	2	259	92	2009
3222	1	1	259	0	2005
3223	1	2	278	117	2007
3224	1	2	267	86	2009
3225	1	1	0	89	2008
3226	2	2	0	0	2004
3227	2	2	277	0	2005
3228	5	2	249	0	2005
3229	1	2	0	0	0
3230	1	1	259	91	2009
3231	1	1	249	115	2008
3232	2	1	252	0	2005
3233	1	1	282	120	2007
3234	1	2	0	93	2009
3235	2	2	259	117	2004
3236	1	1	236	0	2006
3237	2	2	271	0	2005
3238	1	1	282	0	2006
3239	1	1	249	119	2006
3240	1	1	259	119	2007
3241	1	1	249	89	2007
3242	1	2	247	0	2005
3243	1	2	277	94	2009
3244	1	2	0	92	2009
3245	1	0	259	116	2006
3246	2	2	249	0	2005
3247	1	1	271	86	2008
3248	2	1	278	0	2005
3249	1	2	259	89	2007
3250	1	1	0	86	2009
3251	2	0	249	0	2005
3252	1	2	273	89	2008
3253	1	1	249	0	2006
3254	1	0	259	0	0
3255	1	2	273	114	2006
3256	2	2	277	0	2004
3257	1	1	282	115	2006
3258	1	2	0	91	2009
3259	1	2	278	113	0
3260	1	2	276	89	2008
3261	2	2	236	108	2005
3262	1	0	0	0	0
3263	1	2	276	116	2007
3264	1	2	0	0	2008
3265	2	1	0	0	0
3266	2	2	247	91	2005
3267	2	0	247	0	2005
3268	1	1	247	95	2006
3269	2	2	0	0	2004
3270	1	1	249	106	2007
3271	5	1	282	0	2004
3272	1	1	249	94	2009
3273	1	2	0	93	2008
3274	1	2	0	94	2009
3275	1	1	276	102	2006
3276	1	1	0	0	2007
3277	2	2	265	0	2003
3278	2	1	283	0	2005
3279	1	0	241	87	2008
3280	1	2	266	0	2006
3281	1	1	249	0	2006
3282	1	2	278	0	2007
3283	2	1	0	0	2004
3284	1	0	249	0	2006
3285	2	1	279	0	2005
3286	2	2	284	0	2005
3287	1	1	241	115	2008
3288	1	1	0	86	2009
3289	2	2	249	0	2004
3290	2	1	249	0	2004
3291	1	1	267	116	2007
3292	1	1	267	0	2006
3293	1	1	253	115	2006
3294	2	2	273	122	2004
3295	1	1	261	88	2006
3296	1	1	236	0	2006
3297	2	2	277	0	2005
3298	2	1	249	0	2005
3299	2	1	282	91	2004
3300	1	0	0	94	2008
3301	1	1	271	89	2008
3302	1	1	0	93	2009
3303	2	1	249	0	2005
3304	1	1	241	89	2007
3305	2	1	247	0	2005
3306	1	0	241	0	2007
3307	1	1	236	117	2007
3308	1	1	279	96	2007
3309	1	2	247	92	2008
3310	1	1	261	116	2006
3311	1	2	283	0	2007
3312	2	2	256	0	2003
3313	1	2	242	117	2007
3314	1	1	261	88	2009
3315	1	2	247	116	2007
3316	1	2	0	0	2008
3317	1	2	247	114	2007
3318	2	0	282	119	2005
3319	1	2	261	0	0
3320	1	1	261	91	2008
3321	1	2	240	101	2008
3322	1	1	241	116	2006
3323	2	1	273	0	2004
3324	1	0	0	0	0
3325	1	2	267	92	2008
3326	1	1	0	86	2009
3327	1	2	276	88	2009
3328	2	1	247	0	2005
3329	1	1	259	116	2006
3330	1	2	0	93	2009
3331	1	0	277	115	2006
3332	2	1	277	0	2005
3333	1	0	0	0	0
3334	1	1	271	89	2007
3335	1	1	249	92	2006
3336	2	1	278	0	2005
3337	1	1	0	86	2009
3338	1	2	247	106	2008
3339	1	2	276	88	2007
3340	1	2	259	0	2006
3341	1	2	273	0	2005
3342	2	1	273	0	2002
3343	5	2	256	95	2009
3344	1	1	0	87	2008
3345	1	2	247	92	2008
3346	3	2	247	111	2005
3347	1	1	259	115	2008
3348	2	1	259	0	2005
3349	1	2	249	114	2006
3350	1	0	0	0	0
3351	1	1	277	89	2007
3352	1	1	0	90	0
3353	1	1	249	0	2006
3354	1	2	0	88	2009
3355	1	1	249	119	2006
3356	1	1	0	89	2007
3357	1	1	236	92	2009
3358	1	1	0	90	2007
3359	2	1	278	0	2005
3360	2	1	253	118	2004
3361	1	2	0	88	2009
3362	2	1	282	118	2004
3363	4	2	277	0	2005
3364	1	2	247	94	2009
3365	1	1	249	89	2007
3366	1	1	236	115	2005
3367	1	1	278	94	2009
3368	1	0	0	0	0
3369	2	1	255	0	2005
3370	2	1	278	0	2005
3371	1	2	0	88	2008
3372	2	1	245	116	2005
3373	1	1	0	0	2008
3374	1	1	236	106	2008
3375	2	1	249	0	2004
3376	2	1	0	0	2005
3377	1	2	266	87	2007
3378	1	2	241	102	2007
3379	2	2	249	116	2005
3380	2	2	241	122	2004
3381	2	2	265	90	2003
3382	2	1	259	0	2003
3383	1	2	285	109	2006
3384	1	1	0	91	2009
3385	1	1	249	0	2007
3386	1	1	241	0	2008
3387	1	2	259	87	2007
3388	2	0	247	0	2005
3389	1	1	261	91	2009
3390	1	1	0	93	2009
3391	2	1	238	0	2003
3392	1	2	247	90	2008
3393	1	2	0	89	2008
3394	2	0	255	0	2005
3395	1	1	249	90	2008
3396	1	1	272	0	2007
3397	1	1	236	94	2009
3398	1	2	249	0	2007
3399	1	1	249	91	2008
3400	1	2	0	93	2009
3401	1	2	277	0	2005
3402	1	1	259	0	2006
3403	1	0	0	87	0
3404	4	2	249	0	0
3405	1	1	282	116	2006
3406	2	2	277	114	2005
3407	1	1	0	0	2008
3408	1	1	256	0	2007
3409	1	1	0	88	2009
3410	1	1	249	0	2006
3411	2	1	249	0	2004
3412	2	2	277	113	2005
3413	1	2	0	86	2009
3414	1	2	249	0	2005
3415	1	1	0	88	2009
3416	1	0	0	0	0
3417	1	2	0	89	2008
3418	2	2	277	99	2004
3419	1	1	265	90	2008
3420	1	2	259	87	2008
3421	1	2	247	115	2007
3422	1	2	0	110	2006
3423	1	2	0	86	2009
3424	1	2	0	93	2008
3425	2	1	274	0	2005
3426	1	1	249	115	2008
3427	1	2	255	117	2007
3428	1	1	277	0	2005
3429	2	2	273	116	2005
3430	1	2	247	106	2008
3431	1	1	0	94	2009
3432	1	1	276	120	2007
3433	1	0	0	0	2008
3434	3	0	0	0	0
3435	1	1	249	0	2006
3436	2	1	249	0	2005
3437	1	1	249	89	2004
3438	1	2	247	89	2008
3439	1	2	253	89	2007
3440	2	2	247	0	2005
3441	1	1	266	0	2006
3442	1	1	242	90	2008
3443	1	2	0	88	2008
3444	1	1	249	89	2008
3445	1	2	256	88	2008
3446	1	1	245	0	2007
3447	1	2	235	102	2007
3448	1	2	277	86	2009
3449	1	2	236	97	2006
3450	2	0	0	0	0
3451	2	1	249	0	2005
3452	1	1	0	0	2008
3453	1	2	0	94	2009
3454	1	2	0	90	2008
3455	1	1	241	90	2008
3456	1	1	0	92	2009
3457	1	1	277	86	2009
3458	1	2	261	96	2005
3459	5	1	249	100	2004
3460	2	2	282	0	2002
3461	2	2	272	121	0
3462	1	1	265	117	2007
3463	2	1	282	121	2005
3464	2	2	249	0	2004
3465	1	1	0	93	2009
3466	1	2	261	89	2007
3467	1	2	0	0	2009
3468	1	2	276	88	2009
3469	1	1	0	92	2008
3470	1	1	247	94	2009
3471	1	2	247	94	2009
3472	2	1	248	0	2005
3473	1	1	0	92	2009
3474	1	2	248	117	2006
3475	1	2	0	86	2009
3476	1	2	259	113	2006
3477	1	2	278	93	2009
3478	2	0	259	0	2004
3479	1	2	277	92	2009
3480	1	0	0	86	2008
3481	1	1	241	86	2009
3482	1	2	0	93	2009
