id	status	gender	major	dorm	year
1	1	2	0	332	2009
2	1	2	129	335	2007
3	1	1	129	347	2006
4	1	1	135	333	2007
5	2	2	118	0	2005
6	2	2	122	0	2005
7	1	1	117	341	2009
8	1	1	122	345	2006
9	1	0	138	0	2007
10	1	1	0	340	2008
11	1	2	0	335	2008
12	1	1	0	333	2008
13	1	2	118	337	2006
14	2	2	129	0	2005
15	1	1	0	0	2006
16	2	1	117	337	2005
17	1	2	99	346	2008
18	1	2	108	341	2009
19	1	2	122	341	2007
20	1	1	122	339	2008
21	1	2	115	332	2007
22	1	1	122	333	2007
23	1	0	0	0	0
24	5	2	0	0	0
25	2	2	118	349	2005
26	1	1	125	339	2008
27	2	1	0	0	0
28	1	0	118	336	2006
29	1	2	0	341	2008
30	1	1	129	338	2009
31	1	1	97	0	2009
32	1	1	95	328	2008
33	1	2	108	0	2007
34	1	1	108	0	2007
35	2	0	129	0	2005
36	1	2	128	338	2009
37	1	1	122	343	2006
38	1	2	0	334	2008
39	1	2	95	338	2009
40	2	1	137	0	2005
41	1	2	117	339	2007
42	1	1	0	341	2008
43	1	2	0	338	2009
44	1	2	108	0	2007
45	1	1	105	345	2006
46	1	1	0	332	2009
47	1	2	108	334	2007
48	1	0	135	333	2007
49	1	1	125	0	2007
50	1	1	97	334	2007
51	1	1	122	337	2007
52	1	2	97	337	2006
53	1	1	0	0	2009
54	1	2	0	0	0
55	1	2	97	341	2009
56	1	1	106	335	2008
57	1	2	117	0	2006
58	1	2	108	328	2009
59	1	2	130	345	2007
60	1	2	130	0	0
61	1	2	117	348	2007
62	1	1	0	335	2008
63	2	0	117	0	2005
64	1	1	125	337	2006
65	1	1	125	339	2007
66	1	1	97	341	2007
67	1	1	0	335	2008
68	1	1	0	0	2009
69	1	1	125	333	2006
70	1	1	102	341	2009
71	1	2	110	333	2007
72	1	1	97	0	2007
73	2	1	101	348	2004
74	1	2	108	0	2007
75	1	2	110	335	2007
76	1	1	115	336	2009
77	1	1	96	341	2006
78	1	1	103	334	2004
79	1	1	0	340	2007
80	1	2	108	343	2006
81	1	1	129	341	2008
82	1	1	0	351	2009
83	2	1	138	345	2005
84	2	2	117	332	1969
85	1	1	122	343	2006
86	1	1	108	345	2007
87	1	1	117	0	2007
88	1	2	119	352	2006
89	1	2	0	335	2008
90	1	2	117	333	2005
91	1	0	93	0	2005
92	1	1	119	347	2006
93	2	1	122	0	2004
94	2	0	129	0	0
95	1	2	130	335	2007
96	1	2	127	0	2006
97	1	1	0	341	2009
98	5	2	0	0	0
99	1	1	0	351	2009
100	1	0	0	0	0
101	1	1	127	0	2006
102	1	1	117	335	2008
103	1	2	117	336	2008
104	1	1	97	334	2007
105	2	1	94	0	0
106	1	0	0	346	2008
107	1	1	138	0	2006
108	1	2	0	341	2009
109	2	1	129	0	2004
110	1	2	0	335	2008
111	1	2	99	351	2008
112	1	2	118	0	2006
113	1	2	117	333	2008
114	1	0	0	0	0
115	1	2	127	344	2009
116	5	2	90	341	2008
117	1	1	110	334	2008
118	1	1	0	0	2009
119	1	1	110	333	2008
120	1	2	102	339	2007
121	1	2	122	341	2009
122	1	1	115	340	2006
123	1	1	0	348	2009
124	1	2	133	349	2006
125	1	2	128	344	2008
126	1	0	108	346	0
127	1	1	90	0	2007
128	1	1	0	348	2009
129	1	2	97	336	0
130	2	1	110	345	2005
131	1	1	129	0	2006
132	2	1	110	0	2002
133	2	1	134	0	2005
134	2	1	117	0	2004
135	1	1	133	335	2006
136	1	2	108	348	2006
137	1	1	97	347	2006
138	1	1	0	330	2008
139	2	1	133	0	2005
140	2	1	108	349	2005
141	1	1	97	341	2008
142	1	1	133	342	2007
143	1	1	108	341	2006
144	1	1	118	330	2009
145	1	2	99	338	2009
146	1	1	110	341	2008
147	2	1	97	349	2005
148	1	1	125	348	2006
149	2	1	103	0	2005
150	1	2	0	341	2009
151	1	2	97	332	2009
152	2	1	129	347	2004
153	1	2	0	336	2009
154	2	1	105	0	2005
155	1	2	0	334	2006
156	2	2	108	0	2005
157	1	2	129	337	2006
158	1	2	0	344	2009
159	5	1	130	345	2007
160	2	2	108	337	2005
161	1	1	97	333	2007
162	1	2	115	352	2006
163	2	1	117	0	2005
164	1	2	128	0	2009
165	4	2	112	0	0
166	1	1	97	335	2008
167	1	1	0	344	2009
168	1	2	118	330	2009
169	2	1	117	0	2004
170	1	0	0	0	0
171	1	1	0	338	2009
172	1	1	119	0	2007
173	1	2	129	0	2007
174	6	2	117	331	2005
175	1	2	96	331	2008
176	1	1	0	341	2007
177	1	0	0	0	2008
178	1	2	127	344	2009
179	1	1	110	344	2009
180	1	0	92	333	2007
181	1	0	0	0	0
182	1	2	0	341	2009
183	1	1	91	343	2006
184	2	1	0	0	2004
185	1	1	127	341	2009
186	3	2	118	0	0
187	2	1	122	0	2005
188	1	2	117	343	2007
189	1	1	0	333	2008
190	2	2	110	0	2005
191	1	1	97	344	2008
192	1	1	125	351	2007
193	1	1	93	348	2007
194	2	0	131	0	2004
195	1	2	0	341	2009
196	1	1	134	340	2006
197	2	1	103	0	2005
198	1	1	0	338	2009
199	4	0	0	0	0
200	1	1	104	344	2008
201	1	2	113	339	2008
202	1	1	0	341	2008
203	2	1	134	0	2003
204	1	2	0	331	2008
205	1	1	100	338	2009
206	2	1	108	0	2003
207	2	0	0	0	0
208	2	2	0	0	2004
209	2	1	117	0	2005
210	1	1	129	333	2007
211	2	2	130	347	2005
212	1	1	105	343	2007
213	1	1	0	0	2008
214	1	2	117	348	2008
215	1	1	0	0	2006
216	1	1	124	347	2006
217	2	1	129	0	2005
218	1	2	93	332	2009
219	1	1	108	348	2009
220	2	2	108	352	2005
221	1	2	122	334	2006
222	1	2	128	341	2009
223	1	2	108	340	2006
224	1	1	102	0	2005
225	1	0	0	0	0
226	1	2	102	0	2005
227	1	1	129	337	2006
228	1	2	108	347	2008
229	1	1	0	351	2009
230	1	2	0	0	0
231	1	1	0	328	2009
232	2	2	130	337	2005
233	1	1	117	328	2008
234	1	1	137	330	2006
235	1	2	138	341	2008
236	1	2	97	347	2006
237	2	2	104	0	2003
238	1	1	138	0	2006
239	1	1	0	340	2008
240	1	1	125	335	2005
241	1	1	92	334	2008
242	1	2	0	336	2008
243	1	1	0	336	2009
244	1	2	117	335	2007
245	1	2	107	348	2007
246	1	2	108	348	2007
247	1	2	0	335	2008
248	1	0	138	0	0
249	2	1	122	0	2003
250	1	2	127	342	2006
251	1	1	134	341	2006
252	1	1	90	328	2006
253	1	2	135	0	0
254	1	1	118	335	2007
255	1	1	0	350	2008
256	1	1	93	346	2005
257	2	2	127	0	2004
258	1	2	110	332	2008
259	1	1	122	347	2006
260	1	2	138	0	2006
261	2	0	0	0	0
262	1	1	96	338	2009
263	2	2	130	0	2005
264	1	2	138	349	2006
265	1	2	108	339	2007
266	1	1	0	341	2008
267	1	1	0	341	2009
268	1	1	125	334	2006
269	2	1	137	0	2005
270	1	1	92	334	2006
271	1	1	108	337	2005
272	1	2	129	341	2009
273	1	2	0	339	2008
274	1	2	0	335	2008
275	1	1	117	0	2007
276	2	0	0	0	0
277	1	2	108	350	2006
278	1	2	0	341	2009
279	1	2	104	333	2006
280	2	1	117	0	2005
281	1	1	92	333	2006
282	1	1	109	335	2007
283	1	2	117	0	2007
284	1	2	108	343	2005
285	1	1	114	332	2006
286	1	0	0	0	0
287	1	2	0	348	2008
288	2	1	0	0	2000
289	1	2	117	0	2007
290	1	2	122	344	2006
291	2	2	99	0	2004
292	1	0	0	0	0
293	1	2	112	0	2009
294	2	1	106	0	2004
295	2	2	0	0	2004
296	1	0	0	0	0
297	2	1	0	0	2004
298	1	2	0	341	2009
299	2	1	129	0	2005
300	1	1	97	0	2006
301	1	1	97	333	2007
302	1	2	117	0	2007
303	1	2	108	330	2009
304	1	1	138	352	2008
305	1	2	0	0	2007
306	2	2	108	0	2005
307	1	2	0	341	2008
308	1	1	112	338	2009
309	2	2	128	0	2005
310	1	1	0	336	2009
311	2	1	127	0	2005
312	1	2	0	0	2008
313	1	0	105	341	2008
314	1	1	0	348	2007
315	2	2	117	0	2005
316	1	1	131	337	2006
317	1	1	118	334	2007
318	1	1	129	0	2007
319	1	1	97	333	2007
320	2	1	0	0	2005
321	1	0	110	0	2007
322	2	1	115	0	2005
323	1	1	118	340	2006
324	1	1	110	0	2006
325	1	1	138	341	0
326	1	1	129	331	2008
327	1	2	122	351	2008
328	1	2	0	341	2008
329	1	1	92	338	2009
330	1	2	96	343	2008
331	1	0	110	0	2006
332	1	1	122	351	2008
333	1	1	108	337	2007
334	1	1	99	328	2009
335	1	2	110	333	2006
336	2	2	117	340	2005
337	1	1	0	351	2009
338	1	1	0	351	2009
339	1	2	132	0	2007
340	1	2	99	336	2009
341	1	2	0	341	2009
342	2	1	122	347	2005
343	1	1	108	344	2007
344	1	1	0	332	2008
345	1	2	134	335	2007
346	2	1	110	0	2005
347	1	2	110	337	2006
348	1	1	125	337	2008
349	1	1	130	341	2007
350	1	1	0	341	2009
351	1	1	108	0	2007
352	1	2	0	341	2008
353	1	2	110	0	0
354	1	2	138	335	2008
355	1	1	92	334	2007
356	1	2	105	334	2005
357	1	2	136	335	2008
358	1	1	117	328	2009
359	2	1	129	0	2005
360	1	1	92	333	2008
361	2	1	0	0	2005
362	1	1	128	0	2006
363	1	2	117	335	2008
364	2	1	117	333	2005
365	1	2	0	344	2008
366	1	2	0	341	2007
367	1	2	108	333	2007
368	1	2	104	328	2009
369	1	0	0	0	0
370	1	1	92	334	2008
371	1	1	94	335	2008
372	1	1	102	348	2009
373	1	2	115	338	2008
374	2	1	94	0	2005
375	1	2	138	0	2006
376	1	1	133	350	2008
377	1	1	127	336	2007
378	1	1	117	341	2009
379	1	1	0	0	2009
380	1	1	122	348	2007
381	1	1	92	333	2006
382	1	2	118	0	2008
383	1	2	119	335	2007
384	1	1	129	334	2007
385	1	1	118	341	2009
386	1	1	92	341	2006
387	1	1	0	0	2007
388	1	2	0	334	2008
389	2	2	110	0	2005
390	1	1	118	0	2007
391	1	0	0	337	2006
392	2	2	117	0	2004
393	1	1	137	333	2007
394	1	1	125	341	2009
395	1	2	129	330	2009
396	1	2	122	341	2006
397	2	2	128	333	2005
398	1	1	94	335	2007
399	1	1	108	341	2009
400	1	1	0	341	2007
401	1	2	128	351	2009
402	1	0	93	333	2008
403	1	2	108	328	2009
404	1	1	92	333	2007
405	1	1	108	335	2008
406	1	2	128	334	2006
407	1	2	122	338	2006
408	1	2	117	334	2008
409	1	1	0	333	2008
410	1	2	108	334	2006
411	2	2	129	337	2005
412	1	1	95	333	0
413	2	2	122	0	2004
414	1	0	127	0	2006
415	1	0	133	328	2006
416	1	1	0	334	2008
417	1	2	117	337	2006
418	1	1	108	337	2006
419	1	2	129	341	2007
420	1	1	127	335	2008
421	1	2	108	328	2009
422	1	1	127	0	2006
423	1	2	99	343	2005
424	1	2	127	333	2007
425	1	1	0	348	2009
426	1	2	108	342	2006
427	2	1	110	0	2005
428	2	1	101	0	2004
429	1	1	110	336	2009
430	1	2	124	0	2007
431	1	2	0	334	2008
432	2	1	95	340	2005
433	1	1	105	333	2005
434	1	2	97	330	2008
435	1	2	108	340	2008
436	1	2	118	0	2007
437	1	1	102	341	2009
438	1	2	135	0	2007
439	1	1	0	334	2007
440	1	2	125	341	2007
441	1	2	0	0	0
442	1	1	129	335	2008
443	1	2	127	341	2006
444	1	2	0	340	0
445	1	1	108	335	2007
446	1	2	117	340	2007
447	1	2	108	334	2008
448	1	2	108	343	2005
449	1	1	0	328	2009
450	1	2	127	0	2007
451	1	1	0	340	2008
452	1	1	99	348	2009
453	1	1	130	333	2008
454	2	2	104	0	2005
455	2	2	99	0	2005
456	1	2	130	341	2008
457	2	1	117	0	2004
458	1	1	0	348	2009
459	1	2	117	340	2008
460	1	2	108	348	2006
461	1	2	99	340	2008
462	2	2	93	0	2005
463	1	1	110	347	2005
464	1	2	118	334	2006
465	1	0	0	0	0
466	1	1	0	335	2008
467	2	2	108	0	2004
468	1	0	110	0	2006
469	1	2	108	351	2007
470	2	2	128	0	2004
471	1	0	0	333	2007
472	1	0	0	0	0
473	1	2	138	334	2008
474	1	1	117	337	2006
475	1	1	0	341	2009
476	2	1	0	0	2004
477	1	1	0	0	2007
478	1	0	0	0	0
479	1	2	92	0	2008
480	1	1	110	334	2007
481	1	2	117	337	2007
482	1	1	110	341	2008
483	1	2	108	0	2006
484	1	2	117	341	2009
485	1	2	117	0	2008
486	1	1	0	330	2009
487	1	2	134	344	2009
488	1	0	122	0	2006
489	1	2	0	344	2009
490	1	2	102	341	2009
491	2	0	0	0	0
492	1	2	108	338	2008
493	1	2	0	333	2008
494	1	1	93	0	0
495	1	0	138	0	2007
496	1	2	100	341	2009
497	1	1	128	0	2007
498	1	1	0	0	2006
499	1	1	0	340	2008
500	1	2	122	340	2006
501	1	1	129	0	2006
502	1	2	99	0	2006
503	1	2	97	336	2008
504	2	1	108	0	2004
505	1	2	122	338	2007
506	1	2	122	341	2008
507	1	2	118	335	2008
508	1	2	131	338	2009
509	1	2	133	338	2009
510	1	2	108	335	2008
511	1	1	99	348	2008
512	1	1	105	341	2008
513	1	2	122	345	2006
514	1	1	122	333	2006
515	1	1	94	336	2006
516	2	1	102	0	2005
517	1	1	118	0	2008
518	2	2	108	337	2005
519	1	0	110	0	2007
520	1	1	110	347	2006
521	1	2	0	0	2008
522	1	1	129	0	2006
523	2	1	124	0	2005
524	1	1	0	341	2008
525	2	2	104	0	2004
526	1	2	122	334	2006
527	1	2	0	334	0
528	2	2	129	0	2004
529	1	2	119	0	2006
530	2	1	0	0	0
531	1	0	110	0	2006
532	1	2	127	0	2006
533	1	1	0	339	2008
534	1	1	117	0	2005
535	2	1	0	0	2005
536	1	2	125	341	2008
537	1	0	0	0	0
538	3	2	106	0	0
539	1	2	102	335	2008
540	2	2	122	329	2004
541	1	2	0	0	2006
542	1	1	117	348	0
543	1	0	119	0	0
544	2	1	129	0	2004
545	1	2	97	344	2006
546	1	2	129	0	0
547	1	1	95	330	2008
548	1	2	99	339	2007
549	1	1	108	341	2007
550	1	1	122	341	2006
551	1	2	108	343	2006
552	2	2	134	0	2005
553	1	1	97	348	2009
554	1	1	102	348	2007
555	1	0	105	335	2008
556	1	1	0	335	2008
557	2	1	92	0	2004
558	1	2	110	0	2006
559	1	2	108	0	2006
560	1	2	117	335	2008
561	1	1	0	341	2009
562	1	1	117	328	2009
563	1	1	0	347	2008
564	2	1	110	0	2004
565	1	2	98	344	2008
566	1	2	0	334	2008
567	2	1	92	0	2003
568	1	2	133	349	2006
569	2	1	103	0	2004
570	1	2	122	336	2008
571	1	2	138	0	2007
572	2	2	117	0	2005
573	2	1	133	0	2004
574	1	1	0	328	2009
575	1	1	110	341	2009
576	1	2	100	327	2006
577	1	1	133	336	2007
578	1	2	108	334	2006
579	1	1	96	328	2008
580	1	1	93	333	2006
581	2	2	0	0	2005
582	1	2	135	351	2006
583	1	1	97	328	2009
584	1	1	0	332	2009
585	1	2	117	334	2006
586	1	2	127	332	2008
587	1	2	127	333	2006
588	1	2	93	342	2006
589	1	2	0	330	2007
590	1	2	117	0	2007
591	1	1	97	347	2006
592	1	1	127	0	2006
593	1	1	108	335	2008
594	2	2	117	337	2005
595	2	2	0	0	2004
596	1	1	117	348	2009
597	1	1	0	335	2008
598	2	1	129	341	2003
599	1	1	106	341	2009
600	1	2	108	0	2007
601	1	1	118	341	2009
602	2	1	108	0	2004
603	1	1	108	334	2006
604	1	2	122	334	2005
605	1	1	0	332	2008
606	1	0	110	0	0
607	1	2	108	334	2008
608	2	0	131	0	2005
609	4	1	0	0	0
610	2	2	118	0	2004
611	1	1	129	348	2006
612	1	1	127	347	2006
613	1	2	97	341	2009
614	1	2	122	333	2006
615	1	0	0	0	0
616	1	1	127	0	0
617	1	2	117	335	2008
618	2	2	105	0	2004
619	1	2	97	341	2009
620	2	2	108	334	2005
621	1	2	115	331	2008
622	1	2	111	332	2009
623	1	2	108	338	2009
624	1	2	117	334	2006
625	1	0	127	341	2008
626	1	2	0	348	2009
627	1	2	108	336	2009
628	1	1	111	351	2009
629	1	1	0	0	2009
630	1	2	127	333	2007
631	1	1	129	340	2008
632	1	2	134	328	2007
633	1	2	122	331	2007
634	1	1	117	349	2007
635	1	2	106	341	2009
636	2	2	117	343	2004
637	2	2	129	0	2005
638	1	1	92	334	2007
639	2	2	92	0	0
640	1	1	122	340	2006
641	2	2	117	349	2005
642	2	2	130	0	2005
643	1	1	0	328	2007
644	1	2	99	334	2008
645	2	1	110	333	2005
646	2	2	117	0	2005
647	1	1	111	351	2009
648	1	1	129	333	2007
649	1	1	122	334	2008
650	1	2	0	341	2008
651	1	2	128	344	2009
652	2	0	117	0	2004
653	1	1	127	0	2006
654	1	2	99	0	2009
655	1	2	118	334	2007
656	1	1	110	0	2007
657	1	1	118	327	2006
658	1	1	129	328	2009
659	1	1	0	344	2008
660	2	1	131	0	2005
661	1	2	128	341	2007
662	1	1	129	0	2008
663	2	1	130	0	2005
664	1	2	108	333	2006
665	1	1	97	341	2009
666	1	2	108	343	2006
667	2	1	133	341	2004
668	1	2	0	0	2008
669	2	2	91	0	2005
670	2	2	0	0	2004
671	2	1	97	347	2005
672	1	2	0	332	2009
673	2	1	103	0	2005
674	1	2	108	334	2006
675	1	1	133	348	2007
676	1	1	92	327	2005
677	2	1	108	0	2005
678	1	2	108	343	2007
679	1	1	113	338	2009
680	1	1	0	335	2008
681	1	1	117	338	2009
682	1	2	117	0	2006
683	2	2	108	336	2005
684	1	2	96	333	2008
685	2	1	97	345	2005
686	2	2	130	334	2005
687	1	2	0	335	2008
688	1	1	96	328	2007
689	1	1	0	335	2008
690	1	1	0	347	2008
691	1	1	129	334	2008
692	1	1	108	333	2008
693	1	1	101	344	2008
694	1	2	137	338	2008
695	1	2	129	333	2007
696	1	2	108	0	2006
697	1	1	105	348	2009
698	1	2	125	341	2009
699	1	1	108	0	2008
700	1	1	0	0	0
701	1	2	0	338	2009
702	2	2	105	0	2005
703	2	1	130	0	2005
704	1	1	99	335	2008
705	1	1	129	348	2008
706	1	1	133	347	2006
707	1	2	130	0	0
708	1	1	0	0	0
709	1	2	130	349	2006
710	1	1	133	341	2007
711	3	2	111	0	2006
712	2	1	133	337	2005
713	1	1	119	337	2006
714	1	1	0	351	2009
715	1	2	102	345	2007
716	1	2	96	348	2006
717	2	2	104	0	2003
718	1	1	0	330	2009
719	1	2	108	335	2008
720	2	1	134	0	2004
721	2	2	129	0	2001
722	1	2	122	336	2006
723	1	1	108	335	2008
724	2	0	105	0	2005
725	1	2	117	0	2006
726	1	1	110	334	2008
727	1	2	108	0	2007
728	1	0	97	344	0
729	1	2	108	341	2008
730	1	2	108	0	2006
731	1	1	129	335	2007
732	2	1	127	0	2003
733	1	1	125	337	2006
734	2	2	104	0	2005
735	2	2	104	0	2005
736	1	2	119	333	2006
737	1	1	125	335	2008
738	2	2	0	0	2005
739	1	1	100	348	2006
740	1	2	122	0	0
741	1	2	108	336	2009
742	1	2	131	333	2007
743	1	2	108	344	0
744	1	1	118	0	2006
745	1	2	108	347	2006
746	1	2	111	341	2009
747	1	1	105	333	2006
748	1	2	0	0	2007
749	1	2	131	341	2006
750	1	1	103	344	2009
751	2	1	100	347	2005
752	1	1	125	348	2006
753	1	1	117	335	2008
754	2	2	125	0	2005
755	1	1	117	337	2006
756	1	2	108	343	2007
757	1	1	93	0	2006
758	1	1	99	348	2009
759	1	2	117	334	2008
760	1	2	121	330	2006
761	1	2	127	337	2006
762	1	2	138	345	0
763	1	1	97	334	2007
764	1	1	97	333	2007
765	1	1	129	0	2007
766	1	1	115	0	2006
767	1	0	0	0	0
768	1	2	133	340	2006
769	2	2	108	334	2005
770	2	1	0	0	1998
771	1	0	108	341	0
772	1	1	138	344	2009
773	1	2	122	335	2007
774	1	2	106	0	2005
775	5	1	0	0	2004
776	1	2	0	340	2008
777	1	2	128	338	2006
778	1	1	0	335	2008
779	1	0	128	343	2007
780	1	1	0	0	0
781	1	0	0	0	0
782	1	2	93	335	2008
783	1	2	130	334	2006
784	1	1	97	332	2009
785	2	1	134	0	2004
786	1	1	108	337	2006
787	1	1	94	339	2008
788	1	2	108	335	2008
789	1	1	130	335	2008
790	1	1	92	338	0
791	1	1	111	348	2009
792	1	2	138	0	2007
793	1	2	97	0	2007
794	2	1	133	0	2005
795	1	2	115	335	2008
796	1	1	132	341	2009
797	1	0	0	0	0
798	1	0	0	334	2008
799	1	1	0	348	2008
800	1	1	118	341	2009
801	1	1	108	0	2006
802	2	2	122	333	2005
803	1	1	0	339	2008
804	1	2	118	333	2008
805	1	2	122	338	2006
806	2	1	110	0	2005
807	1	1	92	338	2009
808	1	1	0	335	2008
809	1	2	138	348	2007
810	2	0	129	0	2004
811	1	2	115	0	2006
812	1	2	102	0	2007
813	1	1	110	333	2006
814	1	1	130	347	2006
815	1	1	127	334	2006
816	2	1	134	0	2005
817	1	2	127	332	2007
818	1	1	0	341	2009
819	1	2	0	341	2007
820	2	2	96	0	2005
821	4	1	119	345	2010
822	1	2	99	352	2007
823	1	1	0	0	2005
824	2	1	106	0	2005
825	1	1	110	344	2008
826	5	0	127	349	0
827	2	1	111	0	2005
828	1	1	92	0	2006
829	1	2	108	341	2009
830	1	2	118	335	2008
831	1	1	0	335	2008
832	1	2	108	337	2006
833	1	2	94	333	2007
834	1	1	0	0	2008
835	1	2	97	341	2009
836	2	1	124	0	2005
837	1	2	108	335	2007
838	1	1	117	0	2007
839	1	2	0	341	2009
840	1	2	0	349	2006
841	2	2	102	340	2005
842	1	2	117	334	2007
843	1	2	108	341	2009
844	1	2	129	330	2007
845	1	2	0	330	2009
846	2	1	115	0	2004
847	2	0	117	0	2005
848	2	2	125	0	2001
849	1	1	117	0	2006
850	2	1	117	333	2005
851	1	1	129	0	2007
852	1	2	122	335	2008
853	1	1	97	0	2007
854	2	2	110	0	2005
855	1	2	112	336	2009
856	1	1	133	337	2007
857	1	1	0	338	2009
858	1	2	108	341	2009
859	2	2	102	0	2005
860	1	1	125	328	2009
861	1	2	108	341	2008
862	1	2	0	336	2006
863	1	1	0	0	2008
864	1	1	0	328	2008
865	1	2	117	333	2006
866	1	1	135	0	2006
867	2	0	133	0	0
868	1	1	117	348	2009
869	1	2	124	333	2006
870	1	2	117	0	2006
871	1	1	105	328	2009
872	1	1	110	335	2007
873	1	2	104	346	2006
874	1	2	134	337	2006
875	1	1	122	346	2006
876	1	1	105	343	2006
877	1	2	129	343	2007
878	1	1	0	334	2008
879	1	2	127	334	2006
880	1	1	124	333	2006
881	2	1	110	0	2005
882	1	1	97	343	2007
883	1	2	108	348	2009
884	1	2	130	0	2008
885	1	1	117	0	2007
886	1	1	97	0	0
887	1	1	110	344	2007
888	1	0	0	0	0
889	1	1	117	334	2006
890	1	1	138	0	2009
891	1	1	115	341	2008
892	1	2	93	341	2009
893	1	0	0	350	2006
894	1	1	122	333	2007
895	1	2	108	341	2007
896	1	1	105	338	2009
897	1	1	0	341	2005
898	2	0	0	0	0
899	1	1	93	337	2007
900	1	2	122	341	2009
901	1	0	94	335	2008
902	1	1	0	334	2008
903	2	1	101	0	2005
904	1	0	130	337	2005
905	1	1	0	0	2008
906	1	2	0	351	2009
907	1	1	129	335	2007
908	1	2	130	350	2007
909	2	1	106	347	2005
910	1	2	108	335	2008
911	2	2	135	0	2005
912	1	1	0	341	2009
913	2	2	113	0	2003
914	2	1	97	0	2005
915	1	1	108	0	2009
916	2	1	125	0	2005
917	2	2	118	0	2005
918	1	2	127	348	2005
919	1	1	138	343	2006
920	1	1	105	0	2006
921	1	2	0	334	2007
922	1	1	129	341	2009
923	1	1	115	333	2007
924	1	1	130	335	2008
925	1	1	118	335	2008
926	1	1	0	338	2009
927	2	1	97	0	2005
928	2	1	129	0	2004
929	1	2	125	335	2008
930	1	2	0	338	2009
931	2	2	129	332	2005
932	1	1	108	0	2007
933	1	1	92	0	2006
934	1	1	138	336	2009
935	2	2	108	337	2005
936	1	1	110	345	2005
937	5	2	96	347	2005
938	1	1	0	333	2008
939	1	1	0	350	0
940	1	0	108	334	2006
941	1	1	125	332	2009
942	1	1	122	341	0
943	1	2	99	344	2007
944	1	1	0	0	0
945	1	1	117	342	2006
946	2	1	117	0	2005
947	1	2	97	351	2009
948	1	2	138	335	2007
949	1	2	115	0	2007
950	1	1	137	345	2007
951	1	1	0	0	2007
952	1	1	0	335	2008
953	1	1	110	0	2006
954	1	1	108	352	2007
955	1	2	117	340	2006
956	1	0	0	0	0
957	1	2	100	0	2006
958	1	2	0	348	2009
959	1	2	110	349	2007
960	1	2	99	333	2008
961	1	1	0	340	2008
962	2	2	117	339	2004
963	1	2	117	341	2009
964	1	1	138	333	2006
965	1	2	104	344	2009
966	1	2	117	0	2007
967	4	0	0	0	0
968	1	1	0	332	2009
969	2	1	129	0	2005
970	2	2	105	0	2005
971	1	2	119	0	2007
972	1	2	96	0	0
973	1	1	129	333	2006
974	1	2	117	338	2009
975	1	2	104	0	2009
976	1	2	138	0	2006
977	1	0	0	342	2005
978	1	2	97	347	2006
979	1	2	101	348	2008
980	1	1	0	328	2009
981	1	2	133	334	2007
982	1	2	117	337	2007
983	2	1	133	0	2005
984	1	0	0	335	2008
985	1	1	105	333	2006
986	2	2	97	0	2003
987	2	1	110	0	2005
988	1	2	125	0	2009
989	2	1	110	0	2005
990	1	1	97	332	2009
991	2	2	95	0	2004
992	1	2	108	334	2008
993	1	1	118	335	2006
994	1	1	0	335	2008
995	2	0	0	0	0
996	1	1	0	341	2009
997	1	1	102	0	2007
998	1	2	0	0	2007
999	1	1	133	343	2006
1000	1	2	92	336	2009
1001	2	0	0	0	0
1002	1	2	110	334	2008
1003	1	0	0	0	0
1004	2	0	115	0	2005
1005	2	1	130	0	2005
1006	1	2	118	349	2007
1007	1	2	0	328	2007
1008	1	0	0	0	0
1009	1	2	108	335	2008
1010	1	1	92	334	2008
1011	1	2	117	344	2008
1012	2	1	122	0	2005
1013	2	0	0	0	0
1014	1	2	118	348	2008
1015	1	0	0	0	0
1016	1	2	0	334	2008
1017	1	2	110	341	2007
1018	2	2	108	348	1996
1019	1	2	0	338	2009
1020	1	1	97	337	2007
1021	1	2	117	341	2007
1022	2	1	117	0	2005
1023	1	2	0	339	2008
1024	1	0	138	348	2007
1025	1	1	114	333	2007
1026	1	1	0	328	2009
1027	1	1	115	330	2009
1028	1	1	0	333	2008
1029	1	2	105	330	2009
1030	1	2	108	334	2007
1031	1	2	95	332	2008
1032	1	2	108	348	2006
1033	1	2	0	0	0
1034	1	2	117	336	2009
1035	1	2	137	332	2009
1036	1	2	108	0	2007
1037	1	2	100	343	2006
1038	2	1	127	0	2005
1039	1	1	127	352	2006
1040	2	2	117	0	2005
1041	2	2	0	0	2004
1042	2	2	118	0	2002
1043	1	2	0	348	2008
1044	1	2	128	0	2006
1045	1	2	0	0	2006
1046	1	1	127	351	2008
1047	1	1	97	334	2008
1048	1	2	130	351	2009
1049	2	1	117	0	2004
1050	2	1	133	0	2005
1051	1	0	130	348	2006
1052	1	1	110	333	2006
1053	1	1	100	338	2009
1054	1	2	0	341	2008
1055	1	2	104	351	2007
1056	1	0	0	343	2006
1057	1	1	0	334	2008
1058	1	2	99	334	2006
1059	1	2	117	0	2006
1060	1	1	105	336	2008
1061	2	2	134	338	1999
1062	2	0	0	0	0
1063	1	2	118	330	2006
1064	1	1	97	351	2006
1065	1	1	129	347	2006
1066	1	2	129	341	2007
1067	1	1	108	336	2009
1068	1	2	108	337	2007
1069	1	2	0	0	2008
1070	1	1	105	335	2007
1071	1	1	138	0	2006
1072	1	0	138	0	2006
1073	1	1	129	334	2008
1074	2	1	135	336	2005
1075	2	1	129	0	2005
1076	1	2	0	335	2008
1077	1	1	108	347	2007
1078	1	2	0	341	2009
1079	2	1	108	0	2005
1080	1	2	117	0	2006
1081	1	1	134	332	2008
1082	1	1	0	344	2009
1083	1	1	0	332	2009
1084	1	1	122	0	2007
1085	1	1	110	344	2009
1086	1	1	94	335	2007
1087	1	1	128	334	2008
1088	1	1	130	349	2006
1089	2	2	115	336	2002
1090	1	2	0	341	2009
1091	5	1	113	0	0
1092	1	1	118	332	2008
1093	1	1	99	0	2007
1094	1	1	108	335	2008
1095	1	2	110	345	2006
1096	1	2	92	332	2008
1097	1	2	130	341	2006
1098	1	1	138	332	2007
1099	2	1	117	0	2004
1100	1	2	129	0	2006
1101	1	2	0	348	2009
1102	1	1	99	341	2009
1103	1	1	94	335	2008
1104	1	1	135	0	2007
1105	1	2	100	332	2008
1106	1	2	108	345	2006
1107	2	1	103	0	2005
1108	2	0	0	0	2004
1109	1	1	110	341	2009
1110	1	1	125	0	2008
1111	1	2	0	341	2009
1112	1	1	0	335	2008
1113	1	1	105	0	2006
1114	1	1	129	342	2005
1115	2	1	112	0	2005
1116	1	2	117	336	2009
1117	5	1	90	0	2010
1118	1	2	118	333	2007
1119	1	2	133	340	2006
1120	1	1	128	334	2006
1121	1	1	124	349	2010
1122	2	2	117	0	2005
1123	2	2	104	0	2005
1124	1	1	133	336	2007
1125	1	2	0	338	2009
1126	1	2	108	341	2006
1127	2	1	110	0	2005
1128	1	1	0	348	2009
1129	1	0	108	0	2006
1130	2	1	103	0	2005
1131	1	2	130	350	2008
1132	1	1	99	335	2008
1133	1	2	0	341	2009
1134	1	1	99	0	2006
1135	1	1	102	335	2008
1136	1	2	133	328	2009
1137	2	1	93	0	0
1138	1	2	117	348	2006
1139	1	0	0	0	0
1140	1	1	110	341	0
1141	1	1	97	335	2008
1142	1	2	108	0	2008
1143	1	1	108	341	2009
1144	1	1	129	0	2007
1145	1	2	0	330	2007
1146	1	0	138	341	2007
1147	1	1	0	335	0
1148	1	1	0	341	2009
1149	1	1	108	0	2006
1150	2	1	102	0	2004
1151	1	2	93	344	2007
1152	1	1	108	348	2007
1153	1	2	115	340	2007
1154	1	2	108	341	2006
1155	2	1	133	0	2004
1156	1	2	0	348	2009
1157	1	2	122	0	2006
1158	2	2	118	0	2005
1159	1	2	124	336	2009
1160	2	2	108	343	2005
1161	1	2	99	0	2007
1162	1	0	117	341	2008
1163	1	2	0	348	2006
1164	2	1	118	327	2004
1165	1	1	129	328	2006
1166	1	1	92	333	2006
1167	2	2	128	0	2004
1168	1	1	134	0	2006
1169	1	1	129	333	2006
1170	1	1	129	348	2006
1171	1	2	104	346	2008
1172	1	0	94	0	2006
1173	1	1	129	0	2006
1174	1	0	118	0	2007
1175	1	0	0	0	0
1176	1	1	105	334	2008
1177	2	2	129	343	2005
1178	2	1	129	337	2005
1179	1	0	125	334	2008
1180	1	2	0	0	2009
1181	1	2	127	338	2009
1182	1	1	129	344	2008
1183	1	2	112	341	2007
1184	1	2	122	341	2009
1185	1	2	0	341	2009
1186	1	1	94	0	2006
1187	1	2	108	337	2008
1188	1	1	108	333	2006
1189	1	2	108	328	2009
1190	2	2	118	0	2005
1191	2	0	118	0	2005
1192	1	1	0	328	2009
1193	1	2	124	332	2006
1194	1	2	0	328	2009
1195	2	1	118	0	2005
1196	1	1	0	351	2008
1197	1	1	0	341	2009
1198	1	1	108	349	2007
1199	1	1	108	348	2009
1200	1	0	108	338	2008
1201	1	2	104	330	2009
1202	1	2	118	335	2008
1203	2	1	108	0	2005
1204	1	1	0	351	2009
1205	1	2	97	343	2007
1206	1	1	117	0	2006
1207	1	2	127	348	2008
1208	1	0	108	0	0
1209	1	2	118	330	2009
1210	1	1	133	340	2006
1211	1	1	108	341	2009
1212	1	1	117	330	2008
1213	1	2	92	330	2007
1214	1	2	138	341	2008
1215	1	2	107	341	2009
1216	1	2	94	334	2007
1217	1	2	117	334	2006
1218	1	1	129	0	2008
1219	1	0	0	0	0
1220	1	1	129	349	2006
1221	2	2	99	347	2005
1222	5	2	0	0	2005
1223	2	1	117	337	2005
1224	1	2	108	335	2008
1225	1	0	124	0	2010
1226	1	1	105	347	2006
1227	1	1	110	349	2006
1228	1	2	0	341	2009
1229	1	2	0	338	2009
1230	1	1	117	341	2007
1231	2	1	129	0	2002
1232	1	1	117	338	2009
1233	1	1	110	341	2009
1234	2	1	125	0	2005
1235	1	1	125	337	2006
1236	1	1	129	349	2006
1237	1	1	0	348	2009
1238	1	1	110	0	2005
1239	1	1	0	341	2009
1240	1	0	108	352	2006
1241	1	1	0	341	2009
1242	1	1	112	338	2009
1243	1	2	108	335	2008
1244	1	1	125	333	2007
1245	1	1	102	348	2009
1246	1	0	105	334	2006
1247	2	1	118	0	2005
1248	1	1	105	332	2008
1249	1	2	118	333	2007
1250	1	1	96	336	2009
1251	1	1	108	337	2006
1252	1	2	97	342	2007
1253	1	1	0	351	2008
1254	1	1	133	333	2008
1255	1	1	0	335	2008
1256	1	1	0	333	2008
1257	1	1	117	348	2009
1258	2	2	130	335	2005
1259	1	1	0	351	2009
1260	1	1	117	0	2005
1261	1	1	130	348	2008
1262	2	2	118	0	2005
1263	2	0	0	0	0
1264	1	2	122	340	2008
1265	1	2	0	330	2009
1266	2	2	0	0	2003
1267	1	2	117	0	2006
1268	1	1	0	332	2009
1269	1	2	117	334	2005
1270	2	2	102	0	2005
1271	1	2	0	340	2008
1272	1	1	0	335	2007
1273	1	1	0	335	2008
1274	1	1	133	328	2009
1275	1	2	108	341	2006
1276	1	2	0	341	2007
1277	1	1	129	331	2008
1278	1	2	108	0	2006
1279	2	2	127	332	2004
1280	1	2	127	0	2009
1281	2	2	110	0	2005
1282	2	1	130	0	2005
1283	1	2	138	344	2008
1284	1	1	99	334	2007
1285	1	2	122	0	2006
1286	1	2	0	338	2009
1287	1	1	93	344	2007
1288	1	1	133	341	2009
1289	1	1	112	332	2009
1290	2	2	0	0	2005
1291	1	1	99	341	2007
1292	1	2	97	336	2009
1293	1	1	0	330	0
1294	1	1	90	0	2007
1295	1	1	129	348	2009
1296	1	0	0	0	0
1297	1	1	0	341	2009
1298	1	2	105	328	2007
1299	1	1	117	341	2007
1300	1	1	112	344	2008
1301	1	2	119	343	2006
1302	2	1	133	0	2005
1303	1	1	117	348	2007
1304	2	2	104	0	0
1305	1	2	110	348	2007
1306	1	1	125	333	2007
1307	1	2	130	0	2006
1308	1	1	91	348	2009
1309	1	1	110	344	2009
1310	1	2	108	343	2006
1311	1	1	0	338	2008
1312	1	1	129	342	2007
1313	1	1	125	336	2006
1314	1	2	108	340	2008
1315	1	1	0	338	2009
1316	1	1	97	344	2009
1317	1	2	100	333	2006
1318	1	1	130	332	2009
1319	1	2	108	0	0
1320	2	1	122	0	2005
1321	1	1	0	351	2009
1322	1	2	102	332	2009
1323	1	1	103	0	2007
1324	2	2	95	0	2004
1325	1	2	97	334	2008
1326	2	1	99	0	2005
1327	1	1	99	0	2007
1328	2	1	135	333	2005
1329	2	2	93	352	2005
1330	1	2	108	0	2005
1331	1	1	103	0	2006
1332	1	1	110	344	2008
1333	1	2	117	335	2008
1334	1	1	0	339	2008
1335	1	1	0	341	2008
1336	2	0	118	0	2005
1337	1	1	108	0	2007
1338	1	1	117	0	2007
1339	1	1	108	349	2006
1340	1	2	0	351	2009
1341	2	1	115	352	2005
1342	1	2	118	349	2006
1343	1	1	99	336	2008
1344	1	1	97	330	2009
1345	1	1	94	334	2006
1346	2	1	92	0	2005
1347	1	2	117	348	2007
1348	1	2	0	344	2009
1349	1	1	0	348	2008
1350	1	2	117	335	2008
1351	1	1	133	341	2009
1352	1	2	129	338	2009
1353	1	1	0	336	2009
1354	1	1	129	337	2007
1355	2	2	124	0	2004
1356	2	1	93	334	2005
1357	1	1	99	341	2007
1358	1	2	108	352	2008
1359	1	2	0	341	2008
1360	2	1	102	330	2005
1361	1	1	138	335	2008
1362	2	1	125	0	2003
1363	1	1	133	335	2007
1364	1	1	122	345	2008
1365	1	2	129	346	0
1366	1	0	125	0	2007
1367	1	2	95	330	2009
1368	1	2	96	335	2007
1369	2	2	97	0	2002
1370	1	2	130	347	2006
1371	1	1	99	328	2005
1372	1	1	125	332	2009
1373	1	1	112	333	2008
1374	1	1	131	347	2006
1375	1	2	137	333	2008
1376	1	2	117	328	2009
1377	1	2	0	337	2007
1378	1	2	105	348	2009
1379	1	1	133	330	2006
1380	1	2	125	343	2007
1381	1	1	0	341	2009
1382	1	1	101	349	2007
1383	1	2	117	341	2009
1384	1	2	0	341	2009
1385	1	2	108	333	2006
1386	1	1	135	333	2006
1387	1	1	101	335	2008
1388	1	1	110	332	2009
1389	2	1	133	333	2005
1390	1	2	97	0	2008
1391	2	1	102	0	2002
1392	2	2	108	334	2005
1393	1	2	124	338	2009
1394	1	1	117	335	2008
1395	1	2	138	335	2007
1396	1	1	135	333	2006
1397	1	1	0	338	2009
1398	1	2	97	335	2008
1399	1	2	110	340	2006
1400	1	1	0	348	2008
1401	1	1	129	343	2007
1402	2	2	134	0	2005
1403	2	1	117	0	2005
1404	1	2	97	341	2009
1405	1	2	118	0	2007
1406	1	2	96	348	2007
1407	1	2	133	341	2008
1408	1	1	128	341	2007
1409	1	1	0	0	0
1410	1	1	110	351	2009
1411	2	1	122	347	2005
1412	1	2	117	337	2008
1413	2	2	124	330	0
1414	1	1	97	338	2009
1415	2	2	102	337	2005
1416	1	2	108	332	2009
1417	2	1	133	347	2005
1418	2	1	138	0	2005
1419	1	2	0	344	2009
1420	1	2	0	350	2006
1421	3	0	0	0	0
1422	1	2	117	335	2008
1423	1	0	0	0	0
1424	2	2	92	0	2000
1425	1	1	95	0	2006
1426	1	2	118	333	2008
1427	1	1	110	334	2006
1428	2	0	0	0	0
1429	1	2	0	332	2008
1430	1	2	108	350	2006
1431	1	2	0	335	2008
1432	1	1	93	333	2007
1433	1	2	124	341	2009
1434	1	1	117	333	2007
1435	1	2	118	335	2007
1436	1	1	0	341	2008
1437	1	1	97	345	2007
1438	1	2	0	338	2009
1439	1	0	102	335	2008
1440	2	2	118	0	2005
1441	1	1	113	338	2006
1442	1	1	0	335	2007
1443	1	1	0	336	2009
1444	2	2	108	0	2005
1445	1	1	122	332	2008
1446	2	1	117	0	2005
1447	1	2	0	344	2009
1448	1	2	97	0	2006
1449	1	1	130	335	2008
1450	1	2	0	341	2007
1451	1	2	108	344	2008
1452	1	2	108	349	2007
1453	2	1	0	0	2005
1454	1	2	0	341	2009
1455	1	2	0	332	2009
1456	1	0	0	0	0
1457	1	1	0	339	0
1458	1	0	0	0	0
1459	1	1	117	335	2008
1460	1	1	129	0	2007
1461	1	1	103	0	2006
1462	1	2	110	0	2007
1463	1	1	97	328	2009
1464	2	1	118	0	2004
1465	1	2	119	350	0
1466	2	1	108	0	2005
1467	2	1	110	333	2004
1468	1	0	0	335	2008
1469	1	1	97	333	2007
1470	1	1	0	341	2009
1471	1	1	133	336	2008
1472	1	1	0	334	2008
1473	1	1	114	342	2006
1474	1	2	96	344	2009
1475	1	1	101	333	0
1476	1	2	127	330	2006
1477	1	0	131	348	2007
1478	1	2	111	338	2009
1479	1	1	0	328	2009
1480	2	2	0	0	2003
1481	5	1	0	0	2006
1482	1	2	108	0	2008
1483	2	2	0	0	0
1484	2	2	130	0	2005
1485	1	2	0	348	2008
1486	1	1	0	330	2005
1487	1	1	137	332	2006
1488	1	2	108	332	2009
1489	1	1	125	339	2008
1490	1	2	97	343	2007
1491	1	1	108	335	2008
1492	1	2	110	337	2006
1493	1	1	124	333	2007
1494	1	1	0	0	2008
1495	1	2	133	340	2007
1496	1	0	0	0	0
1497	2	1	117	0	2005
1498	2	1	105	0	2005
1499	1	2	123	0	2006
1500	1	2	111	332	2009
1501	1	1	129	341	2007
1502	2	1	130	0	2005
1503	2	2	108	0	2005
1504	1	2	138	0	2006
1505	2	2	122	0	2005
1506	1	2	108	335	0
1507	1	0	94	0	2006
1508	1	2	96	336	2009
1509	1	2	129	351	2009
1510	1	2	108	348	2007
1511	1	1	118	336	2009
1512	2	2	101	0	2004
1513	1	1	97	333	0
1514	2	2	104	0	2005
1515	1	1	0	334	2008
1516	1	1	133	328	2007
1517	2	1	108	0	2005
1518	1	0	0	0	0
1519	1	1	138	0	2006
1520	1	0	0	0	0
1521	1	0	99	0	0
1522	2	1	92	0	2005
1523	1	2	122	336	2007
1524	1	2	97	328	2009
1525	1	1	129	0	2006
1526	1	2	122	0	2010
1527	1	1	0	341	2009
1528	2	0	0	0	0
1529	1	2	99	0	2009
1530	1	2	108	349	2006
1531	2	2	115	0	2003
1532	2	1	97	0	2005
1533	1	1	107	333	2007
1534	1	1	0	341	2009
1535	1	1	105	348	2006
1536	1	2	117	341	2009
1537	2	1	118	347	2005
1538	1	2	0	336	2009
1539	2	1	115	0	2005
1540	1	1	127	338	2007
1541	2	2	122	343	2005
1542	2	0	108	0	2005
1543	2	2	117	350	2005
1544	1	1	110	0	2008
1545	1	1	0	341	2009
1546	1	1	129	0	2007
1547	1	2	118	0	2007
1548	1	2	128	0	2006
1549	1	1	97	341	2007
1550	1	2	0	0	2008
1551	2	2	108	0	2004
1552	1	1	0	333	2008
1553	1	1	110	351	2009
1554	1	1	99	330	2009
1555	1	1	110	338	2009
1556	2	2	135	0	2005
1557	1	1	105	341	2009
1558	2	2	134	0	2004
1559	1	1	129	328	2006
1560	1	1	133	347	2006
1561	1	1	0	335	2008
1562	1	1	94	336	2007
1563	1	1	117	335	2007
1564	1	1	115	340	2005
1565	1	1	118	335	2008
1566	1	1	129	337	2006
1567	1	2	0	344	2008
1568	1	1	129	339	2008
1569	1	2	0	341	2007
1570	2	1	94	0	2005
1571	1	2	0	338	0
1572	1	1	0	334	2008
1573	1	2	0	339	2007
1574	1	2	127	333	2007
1575	1	2	129	334	2006
1576	1	2	97	344	2009
1577	1	2	118	0	2006
1578	1	1	0	335	2008
1579	2	1	135	0	2004
1580	2	1	94	0	2005
1581	1	2	108	341	2008
1582	1	2	115	334	2008
1583	1	1	110	347	2006
1584	1	1	92	341	2009
1585	1	2	127	0	2006
1586	1	1	122	336	2006
1587	1	2	108	341	2009
1588	1	1	108	333	2007
1589	1	2	117	351	2005
1590	1	2	117	334	2008
1591	1	2	0	338	2009
1592	1	1	108	337	2006
1593	1	2	0	336	2009
1594	1	2	117	348	2009
1595	1	2	138	341	2009
1596	1	1	0	343	2008
1597	1	1	125	333	2006
1598	1	1	117	341	2009
1599	1	1	99	328	2009
1600	1	1	129	334	2007
1601	1	2	125	341	2008
1602	1	1	133	333	2007
1603	2	1	94	0	2004
1604	1	1	121	348	2009
1605	1	1	0	335	2008
1606	1	1	105	341	2009
1607	1	1	0	340	0
1608	1	2	127	334	2008
1609	3	2	0	0	2006
1610	1	2	117	328	2009
1611	2	2	108	0	2004
1612	1	2	0	341	2009
1613	2	2	128	0	2005
1614	1	1	110	333	2008
1615	1	2	108	344	2009
1616	1	1	0	0	2008
1617	1	1	129	341	2008
1618	1	2	138	328	2009
1619	1	1	125	330	2009
1620	1	2	0	348	2008
1621	1	2	122	341	2006
1622	1	1	133	336	2006
1623	1	1	106	334	2007
1624	1	2	127	330	2009
1625	1	1	115	333	2008
1626	1	1	0	0	2005
1627	1	2	134	332	2006
1628	2	1	124	345	2005
1629	2	0	0	0	0
1630	1	2	104	334	2007
1631	2	1	125	0	2004
1632	2	1	122	0	2005
1633	1	0	0	0	0
1634	1	2	92	333	2005
1635	1	1	122	350	2007
1636	2	1	110	350	2005
1637	1	1	0	349	2007
1638	1	2	0	336	2009
1639	1	1	99	334	2006
1640	1	1	110	339	2008
1641	1	2	110	347	2006
1642	1	2	95	0	2007
1643	1	1	99	0	0
1644	1	2	104	351	2007
1645	2	1	130	0	2004
1646	2	1	117	0	2003
1647	1	2	0	347	2008
1648	1	1	97	334	2008
1649	1	1	97	336	2009
1650	1	2	130	341	2007
1651	1	2	104	0	2006
1652	1	1	0	343	2007
1653	1	2	92	341	2009
1654	1	1	118	344	2009
1655	1	2	127	341	2007
1656	2	1	117	0	2002
1657	1	2	0	338	2008
1658	1	1	0	344	2009
1659	1	0	0	0	0
1660	2	1	133	333	2005
1661	1	1	103	333	2007
1662	2	1	129	0	0
1663	1	1	108	332	2009
1664	1	1	99	328	2009
1665	1	1	138	327	2006
1666	1	1	109	341	2007
1667	1	1	0	348	2009
1668	1	1	0	341	2009
1669	1	1	129	337	2006
1670	2	2	127	334	2004
1671	1	1	97	0	2006
1672	1	2	0	0	2008
1673	1	1	110	337	2006
1674	1	0	110	334	2008
1675	1	2	0	0	0
1676	1	1	130	335	2008
1677	1	1	132	343	2006
1678	1	2	122	341	2007
1679	2	2	108	337	2005
1680	1	2	118	330	2009
1681	1	2	122	335	2008
1682	1	0	0	336	0
1683	1	1	94	0	2006
1684	1	1	110	332	2009
1685	1	1	108	336	0
1686	1	2	108	335	2008
1687	1	1	0	348	2008
1688	1	1	0	332	2009
1689	2	2	104	0	2004
1690	2	1	114	0	2004
1691	1	1	138	328	2006
1692	1	1	97	335	2008
1693	1	1	108	344	2009
1694	1	0	0	0	0
1695	1	1	128	333	2008
1696	1	1	92	328	2009
1697	1	1	97	341	2009
1698	1	1	102	338	2009
1699	1	1	102	0	2007
1700	2	0	0	0	2002
1701	1	2	117	333	2008
1702	1	1	117	333	2007
1703	2	2	0	0	2005
1704	1	1	108	335	2008
1705	2	1	133	0	2005
1706	1	1	122	343	2006
1707	1	1	0	351	2009
1708	1	1	125	329	2006
1709	2	2	0	0	2004
1710	1	1	129	0	2006
1711	1	1	0	348	2008
1712	1	1	109	330	2009
1713	1	1	102	336	2009
1714	1	2	0	341	2009
1715	1	1	92	333	0
1716	1	2	0	348	2009
1717	1	1	122	343	2006
1718	1	1	131	334	2008
1719	1	1	133	347	2006
1720	1	1	103	333	2007
1721	1	1	0	344	2008
1722	1	1	0	348	2009
1723	1	1	0	348	2009
1724	1	1	108	344	2009
1725	1	2	117	0	2006
1726	2	1	129	0	2005
1727	1	2	109	0	2009
1728	1	2	117	346	2006
1729	1	1	102	335	2007
1730	1	1	110	334	2006
1731	1	2	0	348	2009
1732	1	2	108	347	2005
1733	1	1	97	341	2009
1734	1	1	110	334	2007
1735	1	1	110	330	2009
1736	1	2	117	337	2007
1737	1	2	0	335	2008
1738	1	2	138	341	2009
1739	1	1	94	341	2006
1740	1	1	92	333	2006
1741	1	2	128	338	2009
1742	2	1	133	0	2004
1743	1	1	0	0	0
1744	2	1	93	0	2005
1745	1	1	97	0	2007
1746	1	2	117	334	2007
1747	1	1	92	343	2006
1748	1	1	127	347	2006
1749	1	2	117	341	2009
1750	2	1	138	0	2004
1751	1	0	0	0	0
1752	2	1	108	0	2004
1753	2	2	122	0	2005
1754	1	1	110	347	2006
1755	1	2	95	0	2006
1756	1	2	108	351	2008
1757	1	1	122	348	2007
1758	1	2	108	336	2009
1759	1	1	96	338	2009
1760	1	1	97	336	2009
1761	1	1	93	341	2009
1762	1	2	135	336	2007
1763	1	2	108	349	2005
1764	1	0	0	0	0
1765	1	2	0	335	2008
1766	3	1	0	0	0
1767	1	1	138	0	2006
1768	2	2	97	0	2002
1769	1	1	125	341	2007
1770	1	2	0	335	2008
1771	1	1	125	0	2008
1772	2	1	130	0	0
1773	1	2	117	341	2007
1774	2	1	103	0	2005
1775	1	2	0	338	2009
1776	2	1	110	347	2005
1777	2	2	124	0	2004
1778	1	2	93	347	2006
1779	1	1	115	333	2005
1780	1	1	127	333	2008
1781	1	2	108	339	2007
1782	1	1	134	335	2008
1783	1	2	105	333	2008
1784	1	1	0	337	2007
1785	1	1	110	340	2006
1786	1	1	129	0	2005
1787	1	2	118	340	2006
1788	1	1	108	335	2007
1789	2	2	97	0	2005
1790	2	1	129	0	2004
1791	2	2	130	337	2005
1792	1	1	129	337	2007
1793	1	1	117	328	2009
1794	1	2	127	342	2006
1795	1	1	0	341	2007
1796	1	2	0	330	2009
1797	1	1	135	334	2007
1798	1	1	130	348	2007
1799	1	1	0	344	2009
1800	1	2	108	333	2006
1801	2	2	122	0	2005
1802	1	2	91	0	2009
1803	1	2	117	0	2009
1804	1	1	0	348	2008
1805	1	1	102	0	0
1806	1	1	0	335	2008
1807	1	2	118	337	2007
1808	1	1	99	333	2007
1809	1	2	108	334	2007
1810	1	0	118	0	0
1811	2	1	103	0	2005
1812	1	0	113	0	2007
1813	1	0	0	0	0
1814	1	2	117	335	2008
1815	1	2	108	337	2007
1816	1	2	108	334	2006
1817	2	1	108	345	0
1818	1	2	130	338	2009
1819	1	1	113	0	2008
1820	1	2	122	337	2007
1821	1	1	0	351	2009
1822	1	2	0	332	2009
1823	4	1	103	0	2005
1824	1	2	108	335	2008
1825	1	2	132	333	2007
1826	1	0	0	333	2008
1827	1	2	130	349	2006
1828	1	2	110	344	2009
1829	2	2	104	342	2004
1830	1	2	138	0	2008
1831	1	2	130	334	2007
1832	1	2	0	338	2009
1833	2	1	130	345	2004
1834	1	2	117	338	2009
1835	1	1	111	348	2008
1836	1	2	127	348	2008
1837	1	2	108	343	2006
1838	1	1	129	0	2006
1839	2	1	108	341	2003
1840	1	2	108	341	2009
1841	1	1	90	0	2006
1842	1	2	0	335	2008
1843	1	2	0	333	2008
1844	1	2	108	333	2006
1845	1	2	122	333	2006
1846	1	2	118	0	2006
1847	1	1	134	335	2008
1848	1	2	0	328	2009
1849	1	1	101	328	2009
1850	1	1	117	337	2007
1851	1	1	133	334	2006
1852	1	1	129	335	2008
1853	2	1	129	0	2005
1854	1	2	117	335	2008
1855	1	2	129	349	2006
1856	2	1	129	0	2005
1857	1	1	0	330	2009
1858	2	2	0	0	2002
1859	1	2	138	0	2006
1860	1	2	122	341	2007
1861	1	0	133	337	2006
1862	1	1	95	347	2006
1863	1	1	0	341	2009
1864	1	1	0	351	2009
1865	1	2	0	341	2008
1866	1	1	93	328	2006
1867	1	2	0	348	2009
1868	1	2	108	333	2006
1869	1	0	122	0	0
1870	1	2	0	341	2008
1871	1	1	0	348	2008
1872	1	1	138	352	2006
1873	2	0	0	0	0
1874	2	2	129	0	2005
1875	1	2	122	346	2007
1876	1	2	117	335	2007
1877	1	2	0	338	2009
1878	2	0	102	0	2004
1879	1	0	0	0	0
1880	2	2	117	0	2005
1881	1	2	117	0	2006
1882	1	2	108	339	2007
1883	2	2	117	0	2004
1884	1	0	127	349	2006
1885	1	1	0	335	2008
1886	1	0	0	0	0
1887	2	1	110	0	2004
1888	1	1	125	334	2008
1889	3	1	0	0	0
1890	1	1	110	0	2006
1891	1	2	108	348	2009
1892	1	2	101	344	2008
1893	2	2	129	337	2005
1894	1	1	93	328	2009
1895	1	1	0	0	0
1896	1	1	138	333	2007
1897	1	2	110	0	2007
1898	1	1	99	348	2008
1899	1	1	125	341	0
1900	1	1	0	338	2009
1901	1	2	108	339	2007
1902	1	1	97	333	2008
1903	1	1	129	345	2006
1904	1	1	129	351	2009
1905	2	2	130	0	2005
1906	2	1	94	0	2005
1907	1	2	0	338	2009
1908	1	2	108	334	2008
1909	1	0	0	335	2008
1910	1	1	101	334	2006
1911	2	2	117	347	2005
1912	1	2	0	341	2008
1913	2	1	101	347	2005
1914	1	2	127	334	2008
1915	1	1	108	0	2007
1916	1	1	0	330	2009
1917	1	1	125	341	2008
1918	1	0	94	348	2006
1919	1	2	94	0	2006
1920	1	2	137	335	2008
1921	1	1	108	350	2008
1922	1	1	138	335	2008
1923	1	1	110	343	2006
1924	1	2	0	351	2008
1925	1	0	0	0	0
1926	1	0	0	335	0
1927	2	2	108	0	2004
1928	2	1	117	0	2005
1929	1	1	97	346	2006
1930	1	2	115	333	2006
1931	4	1	0	0	0
1932	1	1	125	0	2009
1933	2	2	0	0	2005
1934	1	2	108	332	2008
1935	1	2	125	336	2009
1936	1	2	117	338	2009
1937	1	2	117	349	0
1938	2	2	108	349	2005
1939	1	1	0	332	2009
1940	1	1	135	0	2009
1941	1	2	137	335	2007
1942	1	1	138	0	2006
1943	2	1	0	0	0
1944	1	0	0	0	0
1945	1	2	97	336	2009
1946	2	2	108	350	2005
1947	1	2	108	348	0
1948	2	1	129	347	2005
1949	1	1	0	341	2009
1950	1	2	122	338	2007
1951	1	1	0	335	2008
1952	1	1	102	334	2007
1953	1	1	115	333	2006
1954	1	2	0	336	2009
1955	1	2	117	0	2007
1956	1	2	108	337	2007
1957	3	0	0	0	0
1958	1	1	0	333	2008
1959	1	1	129	0	2006
1960	1	1	131	333	2007
1961	1	1	102	351	2008
1962	2	0	0	0	0
1963	1	2	117	334	2006
1964	1	1	99	347	2006
1965	1	1	129	350	2008
1966	1	1	130	333	2007
1967	1	2	108	0	2006
1968	1	2	0	344	2008
1969	1	2	115	342	2006
1970	2	1	103	0	2004
1971	1	1	117	0	2007
1972	1	1	0	351	2009
1973	1	1	97	341	2007
1974	1	1	118	0	2009
1975	1	0	0	0	0
1976	1	0	0	333	2007
1977	1	1	133	335	2008
1978	2	1	110	0	0
1979	1	1	99	0	2008
1980	1	2	100	348	2009
1981	1	0	0	341	2007
1982	1	2	0	334	2008
1983	1	2	0	341	2009
1984	5	1	0	335	0
1985	2	2	96	0	2005
1986	2	1	102	0	2005
1987	1	1	135	330	2009
1988	1	1	97	333	2006
1989	1	1	0	337	2007
1990	1	1	94	333	2008
1991	1	1	130	335	0
1992	2	1	110	0	2004
1993	1	2	0	341	2006
1994	2	1	94	0	2005
1995	1	2	117	0	2008
1996	1	2	119	330	2006
1997	1	2	134	0	2007
1998	2	2	117	0	0
1999	4	0	0	0	0
2000	1	2	108	348	2008
2001	1	1	111	333	2008
2002	2	2	132	0	0
2003	1	1	96	341	2009
2004	1	1	0	0	2009
2005	1	1	110	334	2008
2006	1	1	105	336	2009
2007	1	2	0	344	2008
2008	1	1	0	351	2009
2009	2	1	108	0	2005
2010	1	2	117	0	2006
2011	1	1	0	328	2009
2012	2	0	0	0	0
2013	1	2	105	348	2009
2014	2	1	138	0	2005
2015	1	2	0	341	2008
2016	1	1	106	343	2005
2017	2	1	125	0	2004
2018	1	1	135	336	2006
2019	2	1	135	0	2003
2020	1	2	130	338	2009
2021	1	1	0	335	2008
2022	1	2	0	328	2009
2023	1	1	0	335	2008
2024	1	0	0	348	0
2025	1	2	117	0	2006
2026	1	2	0	335	2008
2027	2	2	125	0	2005
2028	1	2	0	348	2009
2029	2	1	90	0	2005
2030	1	1	118	344	2009
2031	1	2	0	335	2008
2032	1	1	0	348	2008
2033	2	2	127	0	2005
2034	2	2	108	0	2003
2035	2	2	127	0	2004
2036	1	1	133	339	2008
2037	1	2	118	334	2007
2038	1	1	129	0	0
2039	1	1	108	335	2007
2040	1	1	108	341	0
2041	2	0	128	333	0
2042	1	1	90	0	2007
2043	1	2	0	351	2009
2044	2	2	102	0	2004
2045	1	2	90	341	2006
2046	1	2	117	341	2009
2047	1	1	108	335	2008
2048	1	1	0	0	2006
2049	2	0	0	0	2004
2050	2	1	97	0	2005
2051	1	1	122	347	2006
2052	4	0	0	0	0
2053	1	1	0	333	2008
2054	1	1	110	348	2009
2055	1	1	0	338	2009
2056	2	2	0	0	2003
2057	1	1	110	334	2007
2058	1	2	117	341	2007
2059	2	1	101	0	2004
2060	1	1	118	340	2008
2061	1	2	100	335	2008
2062	1	1	0	341	2008
2063	1	1	0	330	2009
2064	1	1	0	335	2008
2065	1	1	138	335	2006
2066	1	2	130	341	2009
2067	1	2	108	328	2008
2068	1	0	0	341	0
2069	2	1	135	0	2005
2070	1	2	117	0	0
2071	1	2	118	334	2007
2072	1	1	118	335	2007
2073	1	2	108	333	2006
2074	1	1	0	335	0
2075	1	1	110	341	2008
2076	1	2	0	335	2008
2077	1	2	110	0	2008
2078	1	1	94	335	2007
2079	1	2	117	332	2009
2080	1	1	0	333	2008
2081	1	2	117	333	2007
2082	1	2	97	344	2009
2083	2	1	115	0	2005
2084	1	2	118	343	2008
2085	1	1	97	344	2007
2086	1	0	113	343	2006
2087	1	0	0	0	0
2088	1	0	0	0	0
2089	2	1	99	334	2005
2090	1	1	131	343	2006
2091	1	2	108	334	2006
2092	1	2	0	0	0
2093	1	2	0	332	2009
2094	2	2	104	0	2003
2095	1	2	118	341	2008
2096	2	2	93	0	2005
2097	2	1	108	0	2002
2098	1	0	122	338	2007
2099	1	1	94	341	2006
2100	2	2	93	333	2004
2101	1	2	0	351	2009
2102	1	1	129	334	2006
2103	1	1	94	0	2007
2104	1	2	118	0	2009
2105	1	1	118	0	2006
2106	1	1	0	335	2008
2107	1	1	110	333	2006
2108	2	1	93	344	2005
2109	1	1	97	341	2009
2110	1	1	97	341	2007
2111	2	2	108	343	2004
2112	1	2	0	0	0
2113	1	1	97	333	2007
2114	1	0	0	0	0
2115	1	2	117	0	2006
2116	1	1	125	348	2009
2117	1	1	99	345	2007
2118	1	2	0	334	2008
2119	1	2	122	337	2006
2120	1	1	103	333	2006
2121	1	2	0	341	2009
2122	1	2	108	339	2007
2123	2	0	99	0	0
2124	1	1	116	333	2006
2125	1	1	0	341	2008
2126	1	1	97	327	2006
2127	1	2	108	334	2006
2128	1	2	0	348	2006
2129	2	2	91	0	2004
2130	1	1	0	335	2007
2131	1	2	138	345	2006
2132	1	1	125	333	2007
2133	2	1	113	0	2001
2134	1	2	101	333	2008
2135	1	2	122	334	2006
2136	1	0	0	0	0
2137	2	2	99	0	2004
2138	1	2	111	351	2008
2139	1	2	117	341	2009
2140	2	1	134	0	2005
2141	2	2	122	0	2005
2142	1	1	130	348	2008
2143	1	0	0	0	0
2144	1	1	118	341	2009
2145	1	2	98	343	2008
2146	1	1	129	339	2008
2147	1	1	103	0	2007
2148	5	2	106	0	0
2149	1	2	102	340	2008
2150	2	2	108	0	0
2151	1	2	0	337	2007
2152	1	1	138	0	2004
2153	1	2	108	345	2006
2154	1	1	0	348	2009
2155	1	1	129	348	2009
2156	1	2	104	334	2007
2157	1	1	97	0	2009
2158	1	1	130	343	2007
2159	2	1	129	0	2004
2160	1	2	0	335	2008
2161	1	2	102	333	2005
2162	1	1	129	341	2006
2163	2	1	91	0	0
2164	1	1	94	341	2006
2165	1	1	0	0	0
2166	1	1	117	352	2008
2167	1	1	110	338	2009
2168	1	1	138	334	2007
2169	1	2	117	347	2006
2170	1	2	94	335	2007
2171	1	0	0	0	0
2172	2	2	117	0	2004
2173	1	2	108	337	0
2174	2	2	93	0	2005
2175	1	2	0	344	2009
2176	1	2	124	0	2006
2177	1	2	115	340	2007
2178	1	2	108	0	2006
2179	1	2	93	343	2006
2180	1	1	97	328	2009
2181	1	2	97	350	2004
2182	2	1	97	333	2004
2183	1	0	0	0	0
2184	2	2	122	0	2005
2185	2	2	95	0	2005
2186	1	2	100	345	2006
2187	1	2	0	349	2006
2188	1	2	113	343	2006
2189	1	2	0	332	2008
2190	1	2	0	341	2009
2191	2	1	113	0	2004
2192	2	2	97	333	2005
2193	1	2	108	334	2008
2194	1	1	118	351	2008
2195	1	1	138	0	2006
2196	1	0	0	0	0
2197	1	1	99	335	2008
2198	1	1	125	344	2007
2199	1	2	127	334	2007
2200	1	2	128	328	2008
2201	1	2	108	328	2009
2202	1	1	115	332	2007
2203	2	1	105	0	2004
2204	1	0	0	335	0
2205	2	1	129	349	2005
2206	1	2	118	334	2007
2207	1	0	0	0	0
2208	1	2	108	334	2006
2209	1	1	0	341	0
2210	1	1	117	327	2007
2211	1	2	122	344	2008
2212	1	2	122	339	2008
2213	2	1	134	0	0
2214	2	2	95	0	2005
2215	1	1	99	334	2007
2216	1	1	0	335	2008
2217	1	1	117	0	2005
2218	1	0	0	0	0
2219	1	1	129	348	2009
2220	1	2	122	0	2009
2221	1	1	127	0	2004
2222	1	1	129	347	2007
2223	1	2	128	347	2006
2224	2	2	0	0	2004
2225	1	2	0	348	2006
2226	3	0	0	0	0
2227	1	2	127	341	2007
2228	2	0	0	0	0
2229	1	2	117	337	2007
2230	1	2	0	341	2008
2231	2	2	112	0	2005
2232	1	2	0	341	2009
2233	1	2	103	333	2007
2234	2	2	138	0	2005
2235	1	1	130	331	2008
2236	1	0	0	0	2007
2237	2	1	122	337	2005
2238	2	1	117	334	2005
2239	1	1	132	334	2006
2240	4	0	0	0	0
2241	1	1	129	338	2009
2242	1	1	117	0	2006
2243	1	2	0	348	2008
2244	1	2	117	0	2006
2245	1	2	0	341	2009
2246	1	2	108	337	2008
2247	1	1	103	343	2006
2248	1	2	138	344	2008
2249	1	2	117	337	2007
2250	1	2	131	0	2007
2251	1	2	99	334	2006
2252	2	0	0	0	0
2253	1	2	104	333	2008
2254	1	1	93	336	2008
2255	1	1	102	344	2009
2256	1	1	94	341	2006
2257	1	2	131	0	2006
2258	1	1	138	348	2009
2259	5	1	93	0	2004
2260	1	1	110	0	2006
2261	1	2	0	0	2007
2262	1	2	103	0	2006
2263	1	1	108	343	2006
2264	2	2	117	0	2004
2265	1	2	0	335	2007
2266	1	1	110	0	2006
2267	1	1	94	337	2007
2268	2	0	91	0	2004
2269	2	1	93	0	2004
2270	1	2	122	341	2007
2271	1	0	0	0	0
2272	2	1	137	0	2004
2273	2	1	134	333	2005
2274	1	1	0	335	2008
2275	1	1	129	340	2008
2276	1	1	130	341	2006
2277	1	2	117	333	2008
2278	2	0	93	0	2005
2279	2	2	108	348	2005
2280	1	2	0	348	2009
2281	2	2	108	0	2005
2282	1	1	0	337	2006
2283	1	1	125	0	2006
2284	3	0	0	0	0
2285	1	2	97	341	2009
2286	1	1	127	336	2008
2287	1	2	127	334	2007
2288	2	2	93	0	0
2289	1	1	0	348	2009
2290	2	1	129	0	2004
2291	1	1	129	334	2004
2292	2	1	134	0	2003
2293	1	2	92	328	2009
2294	2	1	99	0	2005
2295	1	2	123	332	2009
2296	1	2	108	341	2009
2297	1	0	0	334	2008
2298	1	2	0	335	2008
2299	1	2	99	341	2009
2300	1	0	122	0	2006
2301	2	2	108	0	2004
2302	2	2	0	0	0
2303	1	2	95	329	2006
2304	1	1	0	348	2009
2305	1	2	138	0	2007
2306	1	2	110	340	2007
2307	1	2	122	0	2008
2308	1	1	105	348	2008
2309	1	1	122	334	2007
2310	1	1	108	343	2006
2311	1	1	110	351	2008
2312	1	2	0	334	2008
2313	1	2	0	334	2007
2314	1	2	0	0	2008
