id	status	gender	major	dorm	year
1	1	2	275	86	2008
2	1	0	0	0	0
3	2	2	249	94	2005
4	2	2	238	0	2004
5	2	0	271	0	2005
6	1	1	0	97	2008
7	1	2	274	86	2008
8	1	2	237	93	2009
9	1	1	273	0	2007
10	2	1	237	112	2005
11	1	2	266	97	2007
12	1	2	281	0	2006
13	5	1	296	98	2008
14	2	2	274	0	2004
15	1	1	298	0	2006
16	1	1	247	91	2009
17	1	1	268	0	2008
18	1	1	250	94	2006
19	1	1	283	0	2008
20	1	1	283	97	2008
21	1	2	243	95	2009
22	1	1	250	98	2006
23	1	1	248	92	2009
24	1	1	263	90	2009
25	1	1	245	99	2007
26	1	0	0	0	0
27	1	1	237	92	2009
28	1	2	286	97	2008
29	1	2	288	98	2007
30	1	1	254	94	2007
31	1	0	0	0	0
32	1	1	299	94	2006
33	1	2	237	93	2009
34	1	1	250	0	2007
35	2	1	237	0	2004
36	1	1	296	91	2009
37	1	2	252	86	2008
38	1	1	283	0	2005
39	1	2	249	94	2006
40	1	1	0	90	2008
41	1	1	298	0	2007
42	1	1	250	94	2007
43	1	1	271	89	2008
44	1	2	275	94	2007
45	1	1	283	94	2006
46	1	1	267	98	2006
47	5	1	0	0	2007
48	5	1	296	0	2007
49	1	2	247	96	2008
50	1	1	245	94	2006
51	1	2	292	97	2008
52	1	1	250	95	2008
53	1	1	261	0	2006
54	1	1	290	0	2007
55	5	2	296	0	2006
56	1	2	268	0	2008
57	1	1	276	113	2007
58	1	1	245	97	2007
59	1	1	249	98	2007
60	1	1	261	94	2007
61	5	1	0	98	2008
62	1	0	0	0	0
63	1	2	285	0	2006
64	1	0	0	0	0
65	2	1	286	107	2005
66	2	1	272	94	2005
67	1	1	283	0	2006
68	1	1	248	92	2009
69	1	1	237	0	2006
70	1	1	0	98	0
71	2	2	249	0	2005
72	1	1	283	92	2009
73	1	2	237	97	2008
74	1	2	250	96	2007
75	1	1	239	92	2008
76	1	1	249	92	2008
77	1	2	0	0	0
78	1	1	271	102	2006
79	1	2	0	86	2008
80	1	1	283	97	2008
81	1	1	297	97	2008
82	1	1	249	91	2009
83	1	1	252	96	2006
84	1	1	276	98	2006
85	1	1	298	98	2006
86	1	1	0	0	2006
87	1	2	277	94	2007
88	1	2	248	96	2008
89	1	1	297	87	2009
90	1	1	248	94	2007
91	1	2	254	94	2007
92	5	1	296	0	2007
93	2	2	298	0	2005
94	1	1	250	0	2007
95	1	1	266	94	0
96	1	1	237	0	2006
97	1	1	0	98	2008
98	1	1	280	92	2009
99	1	2	274	0	2006
100	1	0	246	0	2007
101	1	2	250	0	2007
102	1	1	249	94	2007
103	1	1	277	0	2007
104	5	2	297	98	2009
105	1	1	245	0	2007
106	1	2	250	0	2008
107	1	1	237	95	2007
108	1	1	237	0	2006
109	2	2	278	0	2005
110	1	1	247	92	2008
111	1	2	249	97	2008
112	1	2	272	86	2009
113	1	1	284	97	2008
114	1	1	298	0	2007
115	1	1	272	94	2006
116	1	1	248	102	2006
117	1	2	237	98	2007
118	1	2	275	96	2008
119	1	1	249	0	2005
120	1	1	250	92	2007
121	2	1	259	107	2004
122	1	1	298	92	2009
123	1	2	249	97	2008
124	1	1	250	0	2006
125	1	1	283	98	2007
126	1	1	268	97	2008
127	1	2	280	86	2008
128	1	1	299	94	2006
129	1	2	250	0	2005
130	2	2	278	0	2005
131	1	1	288	92	2008
132	1	1	297	89	2009
133	1	2	272	93	2009
134	2	0	0	0	0
135	2	1	296	91	2004
136	1	1	237	96	2007
137	1	1	245	0	2008
138	1	2	293	97	2009
139	1	1	294	0	2007
140	1	1	249	94	2006
141	2	1	237	0	2005
142	1	0	0	0	0
143	2	2	236	0	2004
144	1	1	243	94	2007
145	1	1	299	94	2006
146	1	1	237	90	2008
147	1	2	250	0	2006
148	1	1	238	92	2009
149	1	1	268	92	2008
150	5	2	297	98	2009
151	1	1	237	92	2008
152	1	2	249	0	2009
153	1	1	291	0	2006
154	1	2	255	0	0
155	1	2	244	0	0
156	1	1	250	94	2007
157	1	2	289	0	0
158	1	1	291	92	2008
159	2	2	247	94	2004
160	1	1	250	0	2006
161	1	2	250	0	2007
162	1	1	248	0	2006
163	1	1	237	95	2008
164	2	1	261	0	2005
165	1	1	290	0	2007
166	1	2	285	94	2006
167	1	2	237	94	2006
168	1	1	297	96	2008
169	1	1	250	94	2007
170	2	1	0	0	2004
171	1	1	248	0	2006
172	1	0	271	0	2006
173	1	1	277	96	2007
174	1	1	296	0	2006
175	1	1	0	102	2006
176	1	2	0	109	2007
177	1	1	299	97	2008
178	1	2	288	94	2008
179	1	1	285	0	2005
180	1	1	238	92	2009
181	2	1	288	98	2005
182	1	1	277	0	2006
183	1	1	0	97	2006
184	1	2	272	86	2009
185	1	1	275	0	0
186	1	2	272	0	2006
187	1	2	246	95	2008
188	1	1	252	91	2008
189	1	1	247	88	2009
190	1	1	0	92	2008
191	1	1	243	0	2006
192	1	2	260	94	2006
193	1	2	278	97	2005
194	1	1	243	94	2007
195	2	1	0	98	2004
196	1	2	283	0	2006
197	2	1	0	0	2003
198	1	1	277	92	2009
199	1	1	237	94	2006
200	1	2	246	95	0
201	2	1	245	102	2005
202	1	2	292	98	0
203	1	1	275	0	2007
204	1	1	268	95	2008
205	2	1	274	94	2004
206	1	0	0	0	0
207	1	1	261	112	2005
208	1	2	237	94	2006
209	1	1	0	0	0
210	1	1	271	98	2007
211	1	2	297	86	2009
212	1	2	238	95	2009
213	1	2	237	0	2006
214	1	2	250	0	2007
215	4	0	0	0	0
216	1	2	283	86	2009
217	1	2	267	97	2007
218	1	2	249	86	2009
219	2	1	0	107	2004
220	1	1	250	92	2009
221	1	2	297	0	2004
222	2	1	250	0	2005
223	1	0	0	0	0
224	1	1	249	89	2009
225	1	1	0	96	2008
226	1	1	245	0	2007
227	1	1	275	97	2008
228	2	2	296	0	2005
229	1	2	237	93	2009
230	2	0	0	0	0
231	1	1	247	0	2006
232	1	1	270	92	2008
233	1	1	249	97	2008
234	2	2	276	0	2005
235	1	1	245	0	2008
236	1	1	285	0	2006
237	1	2	275	97	2008
238	2	1	0	107	2004
239	1	1	276	97	2008
240	1	2	274	93	2008
241	1	1	270	95	2008
242	1	1	274	92	2009
243	1	1	291	87	2009
244	2	1	271	98	2005
245	1	1	238	94	2007
246	1	2	247	0	2006
247	1	1	0	96	2008
248	1	1	250	92	2008
249	1	1	237	94	2007
250	2	1	275	0	2005
251	1	1	275	94	2006
252	1	1	238	94	2007
253	1	1	238	91	2009
254	1	2	275	97	2008
255	1	2	263	0	2007
256	2	1	256	0	2005
257	1	1	272	90	2009
258	1	2	254	94	2007
259	1	1	277	97	2007
260	5	2	297	0	0
261	1	2	247	0	2006
262	1	1	250	94	0
263	1	0	0	0	0
264	1	1	283	87	2009
265	1	1	268	0	0
266	1	1	274	0	2007
267	2	1	0	0	2005
268	2	2	261	112	2005
269	1	1	248	0	2007
270	1	0	0	0	0
271	1	2	280	86	2008
272	1	2	278	94	2006
273	1	2	243	86	2009
274	1	1	261	0	2006
275	1	1	277	96	2008
276	1	2	275	94	2006
277	1	1	250	88	2009
278	1	1	243	96	2008
279	1	1	296	0	2006
280	2	2	249	105	0
281	4	1	0	0	2007
282	1	1	250	95	2008
283	1	1	261	0	2007
284	1	1	247	0	2008
285	1	1	268	0	2006
286	1	1	0	94	2006
287	1	1	0	97	2005
288	1	2	274	0	2006
289	1	1	283	97	2007
290	1	1	299	102	2006
291	1	1	283	0	0
292	1	2	278	0	2007
293	1	2	277	0	2008
294	1	1	275	92	2008
295	1	1	274	97	0
296	1	1	275	0	2008
297	1	1	290	97	2009
298	1	1	291	0	2008
299	1	1	237	0	2007
300	1	1	253	94	2007
301	1	1	250	0	2005
302	1	2	276	96	2007
303	1	1	250	97	2007
304	1	0	0	0	0
305	1	1	250	0	2006
306	1	1	280	0	2006
307	1	2	284	86	2009
308	1	1	0	0	0
309	1	1	271	91	2009
310	1	0	0	0	0
311	1	1	236	97	2008
312	1	1	275	94	2006
313	1	2	280	0	2006
314	1	1	0	94	2006
315	1	1	277	89	2009
316	1	2	237	98	2007
317	2	1	291	0	2005
318	5	2	0	0	2006
319	1	2	237	96	2008
320	1	1	296	97	2008
321	1	1	290	94	2007
322	1	2	275	0	2006
323	1	2	297	0	2006
324	1	1	297	92	2009
325	1	1	271	0	2008
326	1	2	0	97	2008
327	1	2	297	97	2008
328	1	2	247	0	2006
329	1	1	247	0	2006
330	2	1	272	0	2005
331	1	1	275	89	2009
332	1	1	298	91	2008
333	1	2	267	94	2007
334	1	1	272	97	2008
335	1	1	298	94	2007
336	1	1	237	98	2006
337	1	1	297	92	2007
338	1	2	275	0	2008
339	5	2	0	106	0
340	1	2	281	98	0
341	1	1	281	114	2007
342	2	1	237	0	2004
343	1	2	242	0	2006
344	1	2	268	94	2007
345	1	1	252	97	2007
346	1	1	0	0	2007
347	1	2	0	97	2008
348	1	0	249	100	2006
349	1	1	277	95	2007
350	1	2	267	106	2006
351	2	2	280	98	2004
352	1	2	288	0	2007
353	1	2	246	97	2008
354	1	1	291	97	2008
355	5	1	261	98	2008
356	1	1	0	0	2008
357	1	2	0	95	2008
358	1	1	272	0	2006
359	1	2	283	97	2008
360	1	1	285	0	2006
361	1	1	297	97	0
362	2	1	270	94	2005
363	1	2	237	0	2007
364	2	2	247	93	2004
365	1	1	268	88	2009
366	2	2	0	0	2005
367	1	2	283	0	0
368	1	1	248	0	2008
369	1	2	266	97	2008
370	1	2	267	0	2008
371	1	2	250	94	2006
372	1	1	275	94	2007
373	1	1	270	92	2008
374	1	1	249	0	2005
375	1	1	237	98	2006
376	1	0	272	0	2006
377	1	1	237	0	2005
378	1	1	291	0	2006
379	1	1	272	91	2010
380	1	2	252	94	2007
381	2	1	251	113	2005
382	1	2	261	0	2008
383	1	1	271	90	2009
384	1	1	237	89	2009
385	1	2	272	86	2009
386	1	2	237	0	0
387	1	1	0	0	2008
388	1	1	243	92	2009
389	1	2	247	98	2007
390	1	1	271	102	2006
391	1	2	237	0	2006
392	1	2	248	95	2009
393	1	2	0	0	2007
394	2	1	249	0	2005
395	1	1	237	94	2006
396	2	1	272	102	2005
397	1	1	0	92	2009
398	1	1	291	96	2008
399	1	1	291	92	2009
400	1	1	283	0	2008
401	1	1	250	87	2009
402	1	0	0	0	2008
403	1	1	285	92	2008
404	1	1	250	0	0
405	1	1	237	98	2006
406	1	1	237	0	2007
407	2	2	237	0	2005
408	1	2	277	0	2006
409	2	1	261	94	2005
410	2	1	261	0	2005
411	1	2	278	94	2006
412	1	1	277	94	2006
413	1	2	249	97	2007
414	1	1	275	96	2008
415	1	2	249	96	2008
416	1	1	276	92	2008
417	2	1	247	0	2005
418	1	1	296	0	2008
419	1	2	249	96	2007
420	1	1	236	90	2006
421	2	1	275	0	2005
422	1	1	292	92	2009
423	1	1	276	98	2008
424	1	2	266	97	2008
425	1	2	266	86	2008
426	2	2	248	0	2005
427	1	1	268	102	2007
428	1	1	297	0	2007
429	1	1	250	0	2006
430	5	1	296	0	2007
431	1	1	283	0	2008
432	2	1	0	0	0
433	1	2	275	0	2008
434	1	1	291	0	2007
435	1	1	245	97	2008
436	1	1	247	97	2008
437	1	2	274	97	2006
438	1	1	297	92	2007
439	1	1	271	0	2008
440	1	2	299	86	2009
441	1	1	277	90	2009
442	1	2	266	0	2006
443	1	1	275	94	2007
444	1	2	247	94	2006
445	1	2	0	0	2008
446	1	2	297	93	0
447	1	1	275	0	2007
448	1	2	271	86	2008
449	1	1	0	0	0
450	1	1	237	92	2008
451	1	1	266	97	2008
452	1	1	271	91	2008
453	1	2	277	86	2009
454	1	1	0	89	2009
455	1	1	268	0	2007
456	1	2	250	0	2008
457	1	1	298	0	2006
458	1	1	250	0	2007
459	1	1	291	90	2009
460	1	2	279	97	2006
461	1	0	0	0	2006
462	1	1	250	0	2006
463	2	1	247	0	2005
464	1	2	270	93	2009
465	1	2	271	0	2006
466	1	2	278	0	0
467	1	1	245	94	2006
468	1	1	237	113	2006
469	1	1	285	94	2006
470	1	1	246	0	2006
471	5	2	267	109	2005
472	1	1	290	97	2008
473	2	1	245	0	2005
474	2	0	0	0	0
475	1	1	275	113	2006
476	1	1	237	97	2008
477	1	1	268	0	0
478	1	1	293	97	2009
479	1	1	243	97	2008
480	1	2	0	0	2007
481	2	2	278	98	2005
482	1	0	266	0	2008
483	1	2	286	86	2009
484	1	1	275	87	2009
485	1	1	268	92	2008
486	1	1	243	102	2007
487	1	1	272	0	2007
488	1	1	283	0	2006
489	1	1	245	0	2007
490	2	0	274	0	0
491	1	1	290	92	2008
492	2	2	275	0	2005
493	1	1	250	88	2009
494	1	2	238	0	2007
495	1	0	252	94	2006
496	1	2	237	101	2006
497	1	2	237	94	2007
498	1	2	277	97	2008
499	1	1	291	97	2008
500	1	2	242	0	2007
501	1	1	277	0	2008
502	1	1	245	97	2008
503	5	2	296	93	2007
504	1	1	273	94	2006
505	1	2	242	94	2007
506	1	2	238	93	2009
507	1	2	0	86	2008
508	1	2	278	0	2008
509	2	1	284	107	2005
510	1	1	238	92	2008
511	1	1	0	0	2006
512	1	1	237	92	2007
513	1	2	237	98	0
514	1	1	286	0	2006
515	2	1	250	98	2005
516	1	1	298	102	2007
517	2	2	0	94	2005
518	1	2	290	96	2008
519	1	2	243	94	2006
520	2	1	249	98	2005
521	1	1	291	96	2008
522	1	1	271	0	2007
523	1	1	284	0	2005
524	1	1	250	107	2006
525	5	2	270	101	2007
526	1	2	249	98	2007
527	1	2	252	0	2006
528	1	1	250	87	2009
529	1	1	275	0	2007
530	1	2	249	94	2006
531	1	1	266	97	2008
532	1	1	0	88	2009
533	1	2	248	86	2008
534	2	2	0	0	2004
535	1	1	283	90	2009
536	2	2	267	0	2005
537	1	1	291	0	2006
538	2	2	278	94	2005
539	1	1	283	94	2007
540	1	1	250	97	2008
541	1	1	249	98	2006
542	1	1	250	97	2008
543	1	1	0	0	2007
544	1	2	237	0	2008
545	1	1	243	92	2009
546	1	2	237	96	2008
547	1	2	245	0	0
548	1	1	252	94	2006
549	1	1	254	0	2008
550	1	0	0	0	0
551	1	1	249	0	2008
552	1	1	275	97	2008
553	1	1	272	94	2006
554	1	1	250	0	0
555	1	2	272	95	2009
556	1	0	0	0	0
557	1	0	0	0	0
558	1	2	252	86	2009
559	1	0	0	94	2006
560	1	1	248	92	2009
561	1	1	277	92	2008
562	2	1	247	99	2005
563	1	1	250	98	2007
564	1	1	292	94	2007
565	1	1	274	92	2008
566	1	2	237	97	2007
567	1	2	247	0	0
568	1	1	266	0	2006
569	1	0	0	0	0
570	1	1	298	0	2008
571	1	1	276	97	2008
572	1	1	0	97	2008
573	1	2	237	94	2006
574	1	1	250	0	2006
575	1	1	267	0	2006
576	1	1	249	91	2009
577	3	2	299	0	2006
578	1	1	298	92	2008
579	1	1	252	97	2007
580	1	1	293	94	2006
581	1	1	246	91	2009
582	1	1	252	0	2007
583	1	2	249	105	2007
584	2	1	237	107	2004
585	1	1	250	94	2006
586	5	1	252	107	2007
587	1	1	249	92	2009
588	1	1	237	94	2006
589	1	2	237	94	2007
590	1	0	0	0	0
591	1	1	0	87	2008
592	1	2	249	98	2007
593	1	1	299	97	2007
594	1	1	0	0	2007
595	1	1	275	98	2007
596	1	2	297	86	2009
597	1	1	248	0	2008
598	1	1	238	89	2009
599	5	2	0	0	2007
600	1	2	293	0	2009
601	1	1	247	0	2006
602	1	2	237	0	2006
603	1	1	237	94	2006
604	1	0	0	0	0
605	1	1	277	97	2007
606	1	2	237	98	2007
607	1	1	275	87	2009
608	1	2	0	94	2008
609	1	2	249	0	0
610	1	2	293	86	2008
611	1	1	277	94	2006
612	1	2	261	0	2006
613	1	1	0	98	0
614	1	1	0	0	2005
615	1	1	291	0	2007
616	1	1	237	94	2007
617	2	2	280	94	2005
618	1	1	237	87	2009
619	1	1	272	94	2007
620	1	2	237	94	2006
621	1	1	266	0	2006
622	5	2	0	98	0
623	1	1	279	89	2009
624	1	1	245	0	2005
625	5	1	297	0	2009
626	1	1	237	89	2008
627	2	1	250	102	2005
628	2	2	237	0	2005
629	1	1	277	87	2009
630	4	0	0	0	0
631	1	2	283	0	2007
632	1	1	276	94	2006
633	1	2	267	108	0
634	1	2	294	97	2006
635	1	2	282	97	2008
636	1	1	288	0	0
637	1	1	275	97	0
638	1	1	252	96	2008
639	1	2	271	86	2009
640	1	1	250	96	2007
641	2	1	250	0	2005
642	5	1	296	0	2007
643	1	1	0	0	2006
644	1	2	0	0	0
645	1	0	280	0	2008
646	1	1	0	95	2008
647	1	0	0	0	0
648	1	1	270	97	2008
649	1	1	246	0	2007
650	1	1	275	87	2009
651	5	2	296	0	2008
652	1	2	250	97	2008
653	1	2	278	0	0
654	1	1	237	0	2007
655	1	1	266	94	2006
656	2	1	277	0	2005
657	1	2	247	101	2006
658	1	1	237	92	2009
659	1	1	275	94	2006
660	1	1	248	91	2008
661	1	1	238	0	2007
662	1	0	0	0	0
663	1	1	267	111	2007
664	1	1	247	97	2008
665	1	0	0	0	0
666	1	1	237	92	2008
667	1	1	252	94	2007
668	1	2	280	0	0
669	2	2	244	94	2005
670	1	1	291	94	2006
671	1	1	0	0	2006
672	1	2	284	86	2009
673	1	2	294	86	2009
674	2	1	284	0	2005
675	1	1	250	0	2006
676	1	1	237	92	2007
677	1	1	298	98	2006
678	1	1	250	92	2009
679	1	1	237	94	0
680	1	2	0	86	2008
681	1	1	250	0	2007
682	1	2	250	97	2006
683	1	0	247	98	2007
684	1	1	283	97	2008
685	2	1	275	94	2005
686	1	2	266	93	2008
687	1	1	242	0	2005
688	1	1	245	90	2008
689	1	1	283	87	2009
690	1	1	250	90	2008
691	2	1	276	0	2005
692	1	1	237	102	2007
693	2	0	0	0	0
694	1	1	275	94	2007
695	2	2	281	0	2005
696	1	1	292	92	2007
697	1	1	245	97	2008
698	1	1	249	0	2007
699	1	2	275	97	2008
700	1	2	268	104	2006
701	1	2	271	86	2009
702	1	2	272	97	2007
703	1	2	252	86	2009
704	1	2	280	96	2008
705	1	2	237	0	2006
706	1	1	250	98	2007
707	1	2	249	0	2006
708	2	1	245	0	2005
709	1	0	275	0	0
710	2	2	243	0	2005
711	1	1	249	92	2008
712	1	1	272	97	2008
713	1	2	271	97	2007
714	1	1	238	92	2008
715	1	1	275	102	2007
716	5	2	296	0	2007
717	1	1	250	92	2008
718	1	1	271	0	2009
719	1	2	266	0	0
720	1	2	245	0	2007
721	1	1	272	0	2007
722	1	1	273	92	2008
723	1	2	271	86	2008
724	1	1	267	0	2007
725	1	1	273	0	2006
726	1	2	278	0	2009
727	1	1	250	0	2006
728	2	0	0	0	0
729	1	1	277	94	2006
730	1	2	247	96	2007
731	1	1	247	88	2008
732	1	2	237	0	2008
733	1	2	271	96	2006
734	1	1	277	0	2009
735	1	2	292	0	2007
736	1	1	290	0	2008
737	1	2	248	0	2007
738	1	1	247	98	2006
739	2	2	278	0	2004
740	1	2	296	0	2006
741	1	1	289	94	2006
742	1	1	250	97	2008
743	1	2	245	0	2006
744	1	2	268	0	2008
745	1	1	297	0	0
746	1	1	297	98	2008
747	1	1	286	0	2007
748	1	2	266	97	2007
749	1	1	242	0	2007
750	1	1	237	0	2007
751	1	1	245	0	2006
752	1	2	266	0	2006
753	1	2	247	0	0
754	1	1	252	0	2006
755	1	2	280	97	2007
756	1	1	276	98	2006
757	1	1	250	0	2007
758	1	2	261	0	2008
759	1	2	0	0	2008
760	1	1	271	0	2008
761	2	2	238	98	2005
762	1	2	297	86	2009
763	1	1	252	94	2007
764	1	2	236	106	2005
765	1	2	280	94	2007
766	1	2	293	0	0
767	1	1	0	98	2007
768	1	1	271	94	2007
769	1	2	245	0	2006
770	1	2	296	0	2007
771	1	2	270	86	2009
772	1	2	0	98	2006
773	2	2	249	0	2004
774	1	2	243	96	2007
775	1	1	278	0	2007
776	5	2	281	0	2005
777	1	2	270	97	2008
778	1	1	245	102	2006
779	1	1	267	96	2007
780	1	1	273	97	2008
781	1	1	285	97	2008
782	1	1	297	92	2009
783	1	1	298	96	2007
784	1	1	0	92	2008
785	1	1	245	94	2006
786	1	1	239	97	2008
787	1	2	266	0	0
788	1	2	0	95	2007
789	1	1	290	0	2008
790	1	1	250	0	2009
791	1	2	275	0	0
792	1	2	277	0	2006
793	1	1	297	89	2009
794	5	2	296	0	2008
795	2	1	237	99	2005
796	1	1	286	0	2005
797	1	2	271	95	2009
798	1	2	283	0	2008
799	2	2	250	112	2005
800	1	1	0	0	2008
801	2	2	297	0	2005
802	2	2	275	101	2005
803	1	0	0	0	0
804	2	1	275	102	2005
805	5	1	296	0	2007
806	2	0	0	0	0
807	2	1	298	0	2005
808	1	1	270	92	2009
809	1	1	266	88	2009
810	1	2	273	86	2009
811	1	2	299	0	0
812	1	1	238	0	2007
813	1	2	271	86	2009
814	1	1	275	92	2008
815	1	2	247	0	2008
816	1	1	291	90	2008
817	1	1	237	88	2009
818	1	1	237	0	2008
819	1	1	283	97	2006
820	1	2	277	94	2006
821	1	2	272	93	0
822	2	1	243	94	2005
823	1	2	249	97	2008
824	1	1	272	95	2008
825	1	2	248	95	2007
826	1	1	236	0	2006
827	1	1	299	102	2007
828	1	1	245	0	2007
829	1	2	250	101	2006
830	1	1	274	97	2008
831	1	0	237	95	2007
832	2	2	247	0	2005
833	1	1	247	98	2007
834	1	1	237	98	2006
835	1	1	282	0	2008
836	2	1	296	0	2005
837	1	1	277	0	2007
838	1	1	0	92	2008
839	1	1	266	92	2008
840	1	2	294	95	2006
841	1	1	283	98	2007
842	1	1	237	91	2008
843	1	2	292	0	2007
844	1	1	247	98	2008
845	1	1	237	94	2007
846	5	1	0	0	2007
847	1	1	284	0	2007
848	1	2	271	95	2008
849	1	1	256	0	2006
850	1	1	273	94	2007
851	1	2	244	94	2006
852	2	2	296	0	2005
853	1	1	238	92	2009
854	1	1	268	0	2006
855	1	1	272	96	2008
856	2	2	275	101	2005
857	1	2	283	0	2007
858	1	1	275	0	2006
859	1	1	254	0	0
860	1	2	283	0	2007
861	1	2	237	0	2007
862	5	1	296	0	2005
863	2	1	249	102	2005
864	1	2	267	86	2009
865	1	1	275	102	2006
866	1	2	274	0	0
867	1	2	237	94	2006
868	1	1	293	0	0
869	1	1	291	94	2006
870	1	2	252	109	2006
871	1	1	283	91	2009
872	1	1	248	98	2007
873	1	1	297	92	2009
874	2	1	275	102	2005
875	1	1	250	91	2009
876	1	2	275	0	2007
877	1	2	280	86	0
878	1	2	283	0	0
879	1	1	268	0	2007
880	1	2	289	97	2008
881	1	0	0	0	0
882	1	1	237	90	2008
883	1	1	237	97	2008
884	1	1	272	88	2009
885	1	2	270	0	2007
886	1	2	286	97	2008
887	1	2	271	97	2007
888	1	1	296	92	0
889	1	0	0	0	0
890	1	1	0	90	2009
891	1	1	290	0	2007
892	1	1	249	97	2008
893	1	2	249	94	2007
894	2	1	238	94	2005
895	2	2	249	0	2005
896	1	2	267	0	2005
897	1	1	272	0	2007
898	1	1	271	94	2006
899	1	1	250	94	2007
900	1	1	268	0	2006
901	1	2	286	86	2009
902	1	2	247	86	2009
903	1	1	250	91	2009
904	1	2	247	86	2009
905	1	1	291	97	2008
906	1	1	275	0	2008
907	1	2	274	0	0
908	1	2	267	0	2007
909	1	1	276	97	2008
910	1	2	250	105	2006
911	1	1	249	89	2009
912	1	0	291	94	0
913	2	1	283	0	2005
914	1	1	0	92	0
915	1	2	298	0	2007
916	1	1	237	107	2005
917	1	2	272	94	2007
918	1	1	0	0	2006
919	1	1	277	0	2006
920	1	1	245	102	2007
921	1	1	277	0	2007
922	1	1	249	90	2009
923	1	2	292	97	2008
924	1	1	261	94	2007
925	1	1	0	97	0
926	1	2	245	98	2008
927	1	1	299	94	2006
928	1	2	275	97	2008
929	2	1	288	98	2005
930	1	2	280	94	2006
931	1	1	298	97	2008
932	1	1	270	97	2008
933	5	2	296	0	2005
934	1	1	277	92	2009
935	1	1	242	92	2008
936	1	2	270	95	2009
937	1	2	277	97	2008
938	1	1	0	94	2006
939	1	1	237	102	2007
940	1	1	276	0	0
941	1	2	290	94	2006
942	1	2	276	97	2007
943	1	1	248	0	2006
944	1	1	250	98	2006
945	1	2	281	97	2008
946	1	1	297	94	2008
947	1	1	277	97	2008
948	1	1	249	102	2006
949	1	1	249	90	2009
950	1	1	294	88	2009
951	1	0	0	0	0
952	1	0	0	0	0
953	1	1	237	92	2008
954	1	1	277	94	2007
955	1	1	270	97	2008
956	1	1	299	94	2006
957	1	1	248	98	2006
958	1	2	286	97	2008
959	1	2	298	0	2006
960	1	1	283	95	2008
961	1	1	291	94	2007
962	2	2	272	103	2002
963	1	1	275	97	2008
964	1	1	250	96	2007
965	1	1	243	102	2007
966	1	2	281	95	2008
967	1	1	276	92	2009
968	1	2	237	96	2007
969	1	2	296	94	2006
970	1	1	284	87	2009
971	1	1	249	88	2009
972	1	1	283	92	2007
973	1	2	285	94	2007
974	1	2	286	98	2008
975	1	1	248	92	0
976	2	2	266	0	2005
977	1	2	285	98	2008
978	1	1	244	87	2009
979	1	0	0	0	0
980	1	0	0	0	0
981	1	2	271	98	0
982	1	2	0	86	2009
983	1	1	0	0	2008
984	1	1	283	98	2007
985	1	1	246	94	2007
986	1	1	267	89	2009
987	1	2	0	0	2007
988	1	2	298	0	2009
989	1	2	247	0	2008
990	2	1	250	0	2005
991	2	1	252	112	2005
992	1	1	277	0	0
993	1	1	260	92	2008
994	1	1	277	98	2007
995	1	2	272	93	2008
996	1	2	252	94	2006
997	1	1	251	98	2007
998	1	1	237	97	2008
999	1	1	249	92	2008
1000	1	1	253	0	2007
1001	1	1	285	0	2006
1002	2	2	243	0	2003
1003	1	1	290	92	2008
1004	1	1	291	0	2007
1005	1	2	272	0	2006
1006	1	2	270	93	2009
1007	1	2	293	94	2006
1008	1	1	272	89	2009
1009	2	1	248	0	2005
1010	1	1	261	0	2006
1011	1	1	277	98	2007
1012	1	1	243	92	2008
1013	1	2	281	0	2007
1014	1	1	238	92	2008
1015	1	1	237	0	2007
1016	1	1	272	0	2008
1017	2	1	245	0	2004
1018	1	1	238	97	2008
1019	1	2	237	0	2006
1020	1	1	245	94	2007
1021	1	1	298	97	2008
1022	1	1	248	96	0
1023	1	1	250	96	2007
1024	1	2	237	96	2008
1025	1	1	298	97	2008
1026	1	1	250	87	2009
1027	1	2	0	86	2005
1028	1	1	297	95	0
1029	1	2	271	94	2006
1030	5	2	297	0	0
1031	2	2	238	0	2005
1032	1	1	296	0	2006
1033	2	1	290	0	2004
1034	1	1	283	90	0
1035	1	1	297	89	2009
1036	1	1	250	98	2007
1037	1	2	289	86	2008
1038	2	2	289	0	2005
1039	1	1	252	94	2007
1040	1	2	247	0	2007
1041	2	2	296	104	2005
1042	1	1	239	99	2006
1043	1	2	275	0	2006
1044	1	1	250	92	2009
1045	1	1	270	92	2008
1046	1	2	249	0	2008
1047	1	1	247	102	2007
1048	1	1	271	97	2008
1049	1	1	275	0	2008
1050	1	1	280	0	2007
1051	1	1	250	97	2007
1052	1	2	0	94	2006
1053	1	1	271	94	2007
1054	1	1	0	0	0
1055	1	1	261	0	2006
1056	1	1	239	0	2006
1057	1	1	237	97	2007
1058	1	2	281	95	2008
1059	1	1	288	92	2006
1060	1	1	296	0	2007
1061	1	2	278	94	2004
1062	1	2	282	97	2007
1063	1	1	299	94	2007
1064	2	1	278	98	2005
1065	1	1	247	92	2009
1066	1	1	249	95	2008
1067	2	1	237	102	2003
1068	1	1	249	88	0
1069	1	2	245	96	2007
1070	1	2	248	98	2005
1071	1	1	277	97	2008
1072	1	1	0	92	2009
1073	1	1	243	92	2007
1074	2	2	237	0	2005
1075	1	1	0	97	2008
1076	1	1	249	97	2008
1077	1	1	291	94	2007
1078	1	1	246	94	2006
1079	1	1	291	0	2007
1080	1	1	0	91	2009
1081	1	1	277	0	2006
1082	1	1	243	102	2006
1083	1	2	275	97	2008
1084	1	1	293	88	0
1085	1	0	237	0	2006
1086	2	2	274	0	2004
1087	1	1	249	91	2009
1088	2	2	284	0	0
1089	1	1	238	87	2008
1090	1	0	266	0	0
1091	1	1	250	98	2006
1092	1	1	0	0	2006
1093	1	1	285	114	2007
1094	1	2	277	95	2008
1095	1	1	275	92	2008
1096	1	1	271	0	2008
1097	1	1	291	94	0
1098	1	1	250	96	2008
1099	1	2	293	86	2009
1100	1	1	261	95	2008
1101	1	1	276	0	2006
1102	1	1	250	88	2009
1103	1	1	256	92	2008
1104	1	1	237	92	2007
1105	1	1	260	94	2006
1106	1	1	272	94	0
1107	2	1	250	94	2005
1108	1	1	275	91	2008
1109	1	0	239	98	2006
1110	1	2	247	0	2006
1111	1	2	298	0	2008
1112	1	1	271	90	2009
1113	5	1	249	112	2004
1114	1	2	249	94	2006
1115	1	1	250	94	2006
1116	1	0	291	98	2006
1117	1	1	276	0	2005
1118	1	2	0	96	2007
1119	1	2	248	0	2010
1120	1	1	238	88	2009
1121	1	2	272	0	2008
1122	1	1	275	95	2008
1123	1	1	294	97	2007
1124	1	2	280	0	2009
1125	1	1	243	94	2005
1126	2	1	271	94	2005
1127	1	2	280	96	2007
1128	1	2	275	0	0
1129	1	1	245	92	2008
1130	2	2	236	0	2004
1131	1	1	250	0	2005
1132	1	2	245	0	2007
1133	1	2	237	97	2008
1134	1	1	284	97	2005
1135	1	1	275	97	2008
1136	1	1	290	96	2008
1137	1	1	291	98	2007
1138	1	2	0	105	2005
1139	1	2	236	97	2007
1140	1	2	272	0	2007
1141	1	1	246	0	0
1142	1	1	249	89	2009
1143	1	1	272	97	2008
1144	1	2	248	86	2009
1145	1	1	242	92	2009
1146	1	1	245	0	2006
1147	1	1	245	96	2008
1148	1	2	261	94	2007
1149	1	1	250	0	2007
1150	1	1	275	94	2007
1151	1	1	249	98	2006
1152	1	1	297	89	2009
1153	1	2	275	0	2007
1154	1	1	298	90	2009
1155	5	2	297	86	0
1156	1	2	268	98	2008
1157	1	0	0	97	0
1158	1	2	297	98	2007
1159	1	2	267	0	2006
1160	1	1	249	0	2006
1161	1	2	254	86	2009
1162	1	1	252	94	2006
1163	1	1	291	0	2006
1164	1	1	283	87	2009
1165	1	1	290	0	2006
1166	1	1	285	111	2006
1167	1	2	248	86	2008
1168	1	1	266	0	2007
1169	1	1	0	0	2004
1170	2	1	248	0	2005
1171	1	1	260	94	2007
1172	1	1	284	100	2006
1173	1	1	286	0	2007
1174	1	2	293	97	2009
1175	1	0	0	94	2007
1176	1	2	270	86	2009
1177	1	1	298	0	2007
1178	2	2	242	0	2005
1179	1	1	286	0	2005
1180	1	1	293	91	2005
1181	1	1	250	0	2006
1182	1	1	286	0	2008
1183	1	2	249	94	2007
1184	1	2	260	103	2006
1185	1	1	277	0	0
1186	1	2	298	96	0
1187	1	1	298	95	2008
1188	1	2	261	96	2008
1189	2	1	250	0	2005
1190	1	1	254	94	2007
1191	1	1	237	0	2007
1192	1	2	260	95	2007
1193	2	1	0	0	2004
1194	1	1	252	0	2007
1195	1	1	268	90	2008
1196	1	2	286	95	2008
1197	1	2	268	104	2006
1198	1	2	0	0	0
1199	1	1	237	97	2008
1200	1	2	263	0	2006
1201	1	1	274	94	2006
1202	1	2	0	86	2009
1203	1	2	268	94	2006
1204	1	1	238	94	2007
1205	1	1	272	92	2008
1206	1	1	299	94	2007
1207	1	1	274	94	2006
1208	1	1	237	92	2009
1209	1	1	243	94	2007
1210	1	1	237	89	2009
1211	1	1	238	94	2007
1212	1	1	298	91	2006
1213	1	0	0	0	0
1214	1	1	291	92	2008
1215	1	1	276	0	2005
1216	1	1	283	0	2008
1217	1	1	237	0	2008
1218	5	1	297	0	2007
1219	2	1	245	0	2003
1220	1	2	237	97	2008
1221	1	1	0	97	2008
1222	1	2	249	86	2009
1223	2	1	275	0	2005
1224	1	1	295	94	2006
1225	1	2	272	95	2007
1226	2	2	268	0	2005
1227	1	2	242	0	2007
1228	1	1	248	92	2009
1229	1	2	277	94	2007
1230	1	1	236	98	2006
1231	1	2	237	94	0
1232	1	2	277	0	2006
1233	1	1	248	92	2009
1234	1	1	0	94	2006
1235	1	1	296	92	2009
1236	1	1	250	98	2007
1237	1	2	268	0	2006
1238	1	1	276	97	2007
1239	1	1	266	0	2006
1240	1	1	250	0	0
1241	1	1	275	98	2006
1242	2	1	283	0	2004
1243	1	1	268	0	2008
1244	1	1	250	97	2007
1245	1	1	270	92	2008
1246	2	2	249	0	2004
1247	1	1	249	94	2006
1248	5	2	296	0	2007
1249	1	1	284	0	2006
1250	2	1	0	0	0
1251	1	1	249	92	2007
1252	1	2	0	97	2006
1253	1	1	276	88	2009
1254	1	1	247	94	2006
1255	1	2	250	0	2007
1256	1	1	271	94	2006
1257	1	1	290	91	2009
1258	1	1	271	0	0
1259	1	1	237	94	2007
1260	1	1	0	94	2007
1261	1	0	0	0	0
1262	1	1	248	97	2008
1263	1	2	267	0	2005
1264	1	2	256	0	0
1265	1	1	283	90	2009
1266	1	1	237	97	2008
1267	1	1	250	97	2008
1268	1	1	0	92	2008
1269	2	1	245	0	2005
1270	1	1	290	97	2008
1271	1	2	237	86	2009
1272	1	1	259	94	2007
1273	1	1	237	94	2006
1274	1	1	267	92	2008
1275	1	1	0	92	2008
1276	5	2	297	0	2005
1277	1	1	275	94	2006
1278	1	2	248	97	2007
1279	1	1	245	94	2006
1280	1	1	250	100	2006
1281	1	1	250	0	2007
1282	1	2	285	0	2007
1283	2	2	278	94	2004
1284	1	1	298	92	2008
1285	1	1	250	92	2008
1286	1	1	250	89	2009
1287	1	1	276	97	2008
1288	1	1	270	97	2008
1289	1	1	267	0	2005
1290	1	1	237	92	2008
1291	1	2	274	0	2004
1292	2	2	249	0	2004
1293	1	1	248	87	2008
1294	5	2	296	0	2007
1295	1	2	268	94	2006
1296	1	2	274	94	2006
1297	1	2	274	95	2005
1298	1	1	237	98	2006
1299	1	1	237	92	2009
1300	1	1	249	92	2009
1301	1	1	0	94	2006
1302	1	2	268	94	2006
1303	1	1	237	0	2008
1304	1	2	245	97	2007
1305	2	2	289	103	2005
1306	1	1	238	0	2005
1307	1	1	267	87	2009
1308	1	2	283	0	2006
1309	1	2	282	86	2009
1310	1	2	250	97	2008
1311	1	1	298	94	2007
1312	1	2	237	95	2008
1313	1	1	288	94	2007
1314	1	1	271	98	2006
1315	1	2	275	95	2009
1316	1	1	298	0	2008
1317	1	1	237	97	2008
1318	5	2	296	0	2007
1319	1	1	271	94	2006
1320	1	1	297	94	2007
1321	1	1	277	92	2009
1322	1	1	298	89	2009
1323	1	0	275	0	0
1324	1	1	277	102	2007
1325	1	1	237	0	2007
1326	1	1	266	92	2008
1327	1	1	245	94	2006
1328	1	2	249	0	2004
1329	1	1	248	102	2006
1330	1	1	245	0	2007
1331	5	2	286	104	2006
1332	1	1	276	98	2006
1333	2	0	268	0	2005
1334	1	1	248	97	2008
1335	1	1	255	97	2008
1336	5	0	297	0	0
1337	1	1	250	0	2008
1338	1	1	237	92	0
1339	1	1	268	0	0
1340	1	1	270	0	2006
1341	1	1	298	92	2008
1342	1	2	0	97	2007
1343	1	1	266	0	2006
1344	1	2	242	97	2008
1345	1	2	277	0	2008
1346	2	1	242	0	2004
1347	1	1	250	94	2006
1348	2	1	284	0	2005
1349	1	1	291	89	2009
1350	1	1	244	0	2006
1351	1	2	260	0	2006
1352	2	1	0	0	2005
1353	1	1	250	92	2008
1354	1	1	283	0	2006
1355	2	2	247	0	2005
1356	1	2	236	98	2006
1357	1	1	275	88	2008
1358	1	2	283	93	2008
1359	5	2	297	101	2008
1360	1	2	237	94	2007
1361	1	2	267	94	2007
1362	1	2	238	0	2007
1363	1	2	238	0	0
1364	1	1	250	89	2009
1365	1	2	283	0	2006
1366	1	2	272	86	2009
1367	2	1	271	0	2005
1368	1	1	277	97	2007
1369	1	2	280	94	0
1370	2	1	0	110	0
1371	1	2	242	97	2008
1372	1	0	284	0	2007
1373	1	2	282	86	2009
1374	1	1	267	0	2008
1375	1	2	267	94	2007
1376	5	1	296	107	2005
1377	1	1	275	0	2008
1378	1	1	237	97	2008
1379	2	2	296	105	2005
1380	1	1	286	94	2007
1381	1	1	275	92	2007
1382	1	1	250	100	2006
1383	1	1	237	0	2006
1384	2	2	278	94	2004
1385	1	2	247	86	2008
1386	1	2	237	98	2007
1387	1	2	282	0	2006
1388	1	2	284	0	2006
1389	1	1	277	91	2009
1390	2	2	284	0	2005
1391	1	1	275	97	2008
1392	1	0	0	0	0
1393	1	1	276	94	2007
1394	1	0	0	0	0
1395	1	2	254	97	2006
1396	2	2	271	0	2005
1397	2	1	237	0	2005
1398	1	1	237	89	2009
1399	1	0	0	0	0
1400	1	2	297	112	2007
1401	1	2	293	94	2008
1402	1	0	0	0	0
1403	2	1	267	111	2005
1404	1	2	0	97	0
1405	1	2	254	97	2007
1406	1	1	275	98	2007
1407	1	1	275	0	2005
1408	1	2	245	94	2007
1409	1	2	297	97	2007
1410	1	1	249	98	2007
1411	1	2	282	97	2008
1412	2	1	285	0	2005
1413	1	1	256	0	2007
1414	1	1	0	94	2010
1415	2	2	247	0	2005
1416	1	1	252	94	2007
1417	1	1	283	0	2006
1418	1	1	247	0	2007
1419	1	1	0	97	2008
1420	2	2	293	104	2003
1421	1	0	0	0	0
1422	1	1	248	87	2008
1423	1	1	237	97	2008
1424	1	2	284	96	2007
1425	1	2	248	0	2008
1426	2	0	0	0	0
1427	1	2	283	0	2006
1428	2	2	270	104	1914
1429	1	1	272	90	2009
1430	1	2	267	0	2008
1431	1	1	252	97	2007
1432	5	2	296	0	2007
1433	1	2	275	94	2007
1434	1	2	243	0	2006
1435	1	2	236	0	2006
1436	1	1	0	97	2008
1437	1	1	283	96	2008
1438	5	2	250	103	2006
1439	1	2	249	0	2006
1440	1	1	292	92	0
1441	1	1	244	0	2006
1442	1	2	279	98	2006
1443	1	2	253	0	2007
1444	1	2	293	0	2008
1445	1	1	277	94	2007
1446	1	1	276	92	2007
1447	1	1	268	98	2007
1448	1	1	250	88	2009
1449	1	1	288	98	2008
1450	1	1	238	0	2007
1451	2	1	299	0	2005
1452	1	2	270	96	2008
1453	2	1	0	0	2005
1454	1	1	250	97	2008
1455	1	2	237	95	2008
1456	1	2	271	0	2006
1457	1	1	277	0	0
1458	1	1	252	0	2006
1459	1	1	252	98	2006
1460	1	1	297	92	2007
1461	1	2	247	86	2009
1462	1	1	237	0	2007
1463	1	2	237	86	2009
1464	1	2	247	112	2005
1465	1	1	238	0	2008
1466	1	2	239	95	2007
1467	5	2	0	101	2007
1468	1	2	270	98	2008
1469	1	0	0	92	2007
1470	1	2	270	105	2007
1471	1	1	275	98	2008
1472	1	1	281	0	0
1473	1	2	250	96	2008
1474	1	2	250	0	2008
1475	2	1	250	0	2005
1476	1	1	266	0	2007
1477	5	1	296	0	2005
1478	1	1	237	94	2006
1479	1	1	283	0	2006
1480	1	1	250	92	2007
1481	1	2	275	97	2008
1482	1	0	0	0	0
1483	1	1	290	99	2006
1484	1	2	268	96	2008
1485	1	1	283	0	2009
1486	1	0	0	0	0
1487	1	0	0	0	0
1488	1	1	249	92	2007
1489	1	1	268	92	2008
1490	1	1	276	97	2008
1491	1	2	286	0	2007
1492	1	1	237	94	2007
1493	1	2	270	93	2007
1494	1	2	277	98	2006
1495	1	2	237	97	2006
1496	1	1	249	0	2008
1497	1	1	237	0	2005
1498	1	1	247	94	2007
1499	1	1	246	97	2008
1500	1	2	0	93	2008
1501	2	2	249	0	2005
1502	1	1	277	94	2007
1503	1	1	277	97	2007
1504	1	1	297	97	2008
1505	1	1	249	97	2008
1506	1	1	298	0	2006
1507	2	1	243	102	2005
1508	1	1	297	94	2007
1509	1	1	277	97	2008
1510	1	1	250	97	2007
1511	1	1	284	97	2008
1512	2	1	237	0	2005
1513	1	1	298	91	2008
1514	1	1	253	98	2007
1515	1	1	250	95	2007
1516	1	1	275	95	2007
1517	1	1	298	0	2007
1518	1	1	249	92	2004
1519	1	1	270	97	2008
1520	1	1	250	102	2006
1521	1	1	275	102	2007
1522	1	1	297	0	2006
1523	1	2	270	97	2008
1524	1	1	0	0	2008
1525	1	1	245	90	2009
1526	1	1	237	92	2009
1527	1	1	275	0	2007
1528	1	2	268	86	2009
1529	1	1	237	0	2006
1530	1	2	255	114	2007
1531	1	1	237	97	2008
1532	1	1	243	92	2009
1533	1	1	276	87	2009
1534	1	1	247	98	2006
1535	1	1	245	92	2008
1536	2	1	261	102	2005
1537	1	1	245	0	2008
1538	2	1	0	0	2005
1539	1	2	275	0	2006
1540	1	2	271	0	0
1541	1	2	247	98	2006
1542	1	1	238	92	0
1543	1	1	237	0	2006
1544	1	1	250	0	2006
1545	1	1	237	87	0
1546	1	1	247	97	2008
1547	1	2	247	98	2007
1548	1	2	248	94	2006
1549	1	2	248	96	2007
1550	1	2	277	0	2008
1551	1	2	276	86	2008
1552	1	1	270	89	2009
1553	1	1	285	94	2007
1554	1	2	249	98	2006
1555	1	1	291	0	2007
1556	1	2	280	97	2008
1557	1	2	249	94	2007
1558	1	2	242	94	2007
1559	1	1	248	92	2008
1560	1	1	247	97	2008
1561	1	1	237	102	2007
1562	1	1	250	0	2007
1563	1	1	298	0	2005
1564	1	1	275	0	2006
1565	1	1	237	88	2009
1566	1	2	285	0	2008
1567	1	0	278	0	2006
1568	2	2	0	0	2003
1569	1	2	282	94	2007
1570	1	1	249	97	2008
1571	1	1	298	97	2008
1572	1	1	298	98	2006
1573	1	1	275	87	2008
1574	1	1	279	0	2006
1575	1	1	275	94	2007
1576	1	2	275	86	2008
1577	1	2	249	98	2005
1578	1	1	250	97	2008
1579	1	2	248	94	2005
1580	1	1	249	98	2006
1581	2	1	250	92	2005
1582	1	1	268	97	0
1583	1	2	249	101	2006
1584	2	1	275	102	2005
1585	1	1	261	97	2008
1586	5	1	297	98	2008
1587	1	2	245	103	2006
1588	2	1	296	107	2005
1589	1	1	250	92	2008
1590	1	2	237	94	2005
1591	1	1	277	92	2008
1592	1	1	245	0	2006
1593	1	2	0	86	2008
1594	1	1	299	98	2007
1595	1	1	250	94	2006
1596	1	2	244	98	2008
1597	1	1	238	98	2007
1598	1	2	245	97	2008
1599	1	1	250	0	2005
1600	1	1	237	92	2006
1601	1	1	249	88	2008
1602	1	1	266	96	2008
1603	1	1	275	97	2008
1604	1	1	273	92	2009
1605	2	1	237	0	2005
1606	1	1	272	94	2006
1607	1	1	276	94	2007
1608	1	2	249	96	2008
1609	2	1	271	0	2005
1610	1	1	245	98	2008
1611	1	1	243	0	2007
1612	1	2	237	86	2009
1613	1	1	0	94	2007
1614	1	1	291	92	2009
1615	1	1	236	94	2006
1616	1	1	273	0	2008
1617	1	1	270	95	2008
1618	1	1	275	97	0
1619	1	2	250	94	2008
1620	5	1	276	0	2005
1621	1	1	276	97	2008
1622	1	2	0	97	2006
1623	1	1	250	94	2006
1624	1	1	275	92	2009
1625	5	2	278	0	2007
1626	1	1	0	0	2008
1627	1	1	273	92	2008
1628	1	1	272	0	2006
1629	1	2	280	96	2007
1630	1	1	0	94	2006
1631	1	1	276	89	2009
1632	1	1	291	0	2008
1633	1	1	238	94	2006
1634	1	1	249	98	2006
1635	1	2	242	86	0
1636	1	1	299	92	2007
1637	1	2	282	86	2009
1638	1	2	297	0	2008
1639	5	1	252	0	2005
1640	1	1	276	92	2007
1641	1	1	252	92	2006
1642	2	2	0	0	2005
1643	1	1	248	88	2009
1644	1	2	268	94	2005
1645	1	2	250	108	2006
1646	2	1	237	98	2005
1647	1	0	0	0	0
1648	1	2	249	0	2007
1649	1	1	277	94	2006
1650	1	1	250	97	2008
1651	1	0	248	0	0
1652	1	1	244	0	2007
1653	1	1	237	94	2006
1654	2	1	268	94	2005
1655	1	0	0	0	0
1656	1	1	275	91	2009
1657	1	1	237	89	2009
1658	1	1	237	92	2007
1659	1	2	237	0	2006
1660	1	1	284	92	2008
1661	5	1	0	0	2007
1662	1	1	249	0	2006
1663	1	1	237	0	0
1664	1	2	280	98	2006
1665	1	1	250	88	2009
1666	1	1	243	89	2009
1667	2	1	245	0	2005
1668	1	1	277	94	2006
1669	1	2	275	96	2007
1670	1	1	283	96	2007
1671	2	1	275	94	2005
1672	1	2	249	96	2007
1673	1	1	249	0	2006
1674	1	1	273	96	2008
1675	1	1	237	97	2008
1676	1	1	272	94	2006
1677	1	2	250	97	2008
1678	1	1	284	0	2008
1679	1	1	249	97	2007
1680	1	0	0	0	0
1681	1	2	247	86	2009
1682	1	1	249	94	2006
1683	2	1	267	111	2005
1684	1	1	290	0	2006
1685	1	1	248	90	0
1686	1	1	272	95	2008
1687	1	2	297	86	2009
1688	1	2	271	86	2007
1689	1	1	245	0	0
1690	1	1	276	94	2007
1691	1	2	297	86	2009
1692	2	2	245	0	2005
1693	1	1	243	0	2008
1694	1	2	237	105	2007
1695	5	1	296	0	2007
1696	2	1	252	0	2005
1697	1	2	245	104	2007
1698	1	2	248	97	2008
1699	1	2	277	0	2007
1700	1	2	0	0	2008
1701	5	1	0	0	2007
1702	1	2	280	86	2008
1703	2	1	268	0	2005
1704	1	1	237	94	2006
1705	1	1	272	90	2009
1706	1	1	277	102	2006
1707	1	2	0	0	0
1708	1	0	248	0	0
1709	1	1	261	92	2008
1710	1	1	276	0	2007
1711	1	1	266	95	2007
1712	1	1	286	92	2008
1713	1	1	250	92	2009
1714	2	2	0	0	2005
1715	1	2	245	98	2008
1716	1	1	244	94	2007
1717	2	2	237	101	2005
1718	1	2	280	96	2008
1719	1	0	0	0	0
1720	2	1	276	0	2004
1721	1	1	266	92	2008
1722	1	1	281	97	2008
1723	1	0	268	97	2008
1724	1	1	284	0	2008
1725	1	1	237	95	2008
1726	1	2	272	0	2008
1727	1	1	275	87	2009
1728	1	2	274	94	2006
1729	1	2	297	93	2009
1730	1	1	250	89	2008
1731	1	1	237	98	2007
1732	2	1	249	94	2005
1733	2	1	299	0	2005
1734	1	1	280	96	2008
1735	1	1	0	0	2006
1736	1	1	291	97	2007
1737	1	1	237	98	2007
1738	1	2	0	95	2008
1739	1	1	238	90	2009
1740	1	1	247	0	2007
1741	1	1	291	97	2008
1742	1	1	253	94	2006
1743	1	1	0	0	0
1744	1	1	254	94	2007
1745	5	1	0	0	2005
1746	1	1	291	97	2008
1747	1	2	237	94	2005
1748	5	2	0	0	2009
1749	1	2	270	86	2009
1750	1	2	278	0	2008
1751	1	1	297	94	0
1752	2	1	249	102	2005
1753	1	1	266	107	2006
1754	1	1	0	94	2006
1755	1	1	247	91	2009
1756	1	2	247	86	2009
1757	2	2	249	94	2004
1758	1	1	277	97	2007
1759	1	1	271	88	2009
1760	1	2	286	104	2006
1761	1	1	0	0	2006
1762	1	1	268	97	2008
1763	1	1	237	0	2008
1764	1	2	0	97	2008
1765	1	1	275	94	2006
1766	1	1	272	91	2009
1767	1	1	270	97	2008
1768	1	1	290	0	2007
1769	1	1	276	90	2008
1770	2	2	249	0	2005
1771	1	1	0	94	2007
1772	1	2	245	112	2006
1773	1	0	249	0	2006
1774	1	2	275	0	2006
1775	1	1	275	96	2008
1776	1	2	0	0	2007
1777	1	1	250	98	2007
1778	1	1	283	87	2009
1779	1	1	238	0	2008
1780	1	1	250	92	2008
1781	1	1	277	97	2008
1782	1	1	277	0	2006
1783	2	1	284	0	2005
1784	1	1	237	88	2009
1785	1	2	249	101	2006
1786	1	1	275	0	2006
1787	1	1	274	96	2007
1788	1	1	288	98	2006
1789	1	1	291	97	2008
1790	1	1	275	0	2006
1791	1	2	275	94	2005
1792	1	2	279	97	2008
1793	1	1	243	95	2008
1794	1	2	286	0	2007
1795	1	1	249	87	2009
1796	1	1	248	98	2007
1797	1	2	277	0	2006
1798	1	1	249	91	2009
1799	1	2	293	0	2007
1800	1	1	268	97	2008
1801	1	2	285	96	2008
1802	1	2	293	96	2009
1803	1	1	275	92	2009
1804	1	1	270	92	2008
1805	1	1	261	94	2006
1806	1	2	293	0	2009
1807	1	1	261	98	0
1808	1	1	0	91	2008
1809	2	1	296	0	2005
1810	1	1	250	96	2008
1811	1	1	277	102	2006
1812	1	1	284	92	2008
1813	1	1	237	92	2008
1814	1	1	272	89	2008
1815	1	0	0	0	0
1816	1	1	289	91	2005
1817	1	1	0	94	2007
1818	1	2	286	0	2008
1819	1	1	277	97	2008
1820	1	2	274	98	2006
1821	1	1	248	92	2008
1822	1	1	237	96	2007
1823	1	2	0	94	2007
1824	5	1	250	0	0
1825	1	1	244	0	2007
1826	1	1	291	0	2008
1827	1	1	284	95	2008
1828	1	2	247	0	2006
1829	1	2	280	0	2005
1830	1	1	0	95	0
1831	1	1	273	0	2006
1832	1	1	278	92	2007
1833	1	2	0	0	2007
1834	1	2	292	97	2008
1835	1	1	275	97	2008
1836	1	1	266	96	2007
1837	1	1	250	92	2008
1838	1	2	275	0	2005
1839	1	1	270	91	2009
1840	1	1	298	97	2008
1841	1	1	272	92	2008
1842	1	1	252	91	2009
1843	1	2	286	94	2006
1844	2	1	291	107	2004
1845	1	2	265	88	2007
1846	1	1	275	98	2006
1847	2	0	275	0	2005
1848	1	1	291	88	2009
1849	1	1	245	95	2008
1850	1	1	237	0	0
1851	1	1	250	97	2008
1852	1	1	275	0	2005
1853	1	2	275	97	2008
1854	1	1	237	0	2007
1855	1	2	247	0	2006
1856	1	1	261	88	2008
1857	1	2	237	0	0
1858	1	1	291	98	2007
1859	1	1	237	97	2008
1860	1	1	250	94	2006
1861	1	2	277	0	2006
1862	1	1	291	98	2007
1863	1	1	237	92	2008
1864	1	1	248	98	2008
1865	1	1	246	96	2007
1866	1	1	238	94	2006
1867	1	1	249	88	2009
1868	1	0	247	97	2008
1869	2	1	252	0	2005
1870	1	1	245	98	2006
1871	2	2	270	0	2004
1872	1	1	296	94	2007
1873	2	2	247	0	2004
1874	1	1	237	96	2008
1875	1	1	248	98	2008
1876	1	2	274	0	2006
1877	1	1	277	96	2008
1878	1	2	247	97	2008
1879	1	1	250	102	2006
1880	1	2	242	94	2007
1881	1	2	268	0	2005
1882	1	1	237	92	2009
1883	1	1	291	0	2006
1884	1	1	255	94	2006
1885	1	2	282	0	0
1886	2	1	244	0	2004
1887	1	1	237	94	2007
1888	1	1	283	0	2005
1889	4	2	296	0	0
1890	1	2	291	0	2007
1891	1	1	271	92	2009
1892	1	1	293	0	2008
1893	1	1	268	94	2007
1894	1	1	271	92	2008
1895	1	2	271	96	2007
1896	2	2	268	0	2005
1897	1	1	272	0	2006
1898	1	1	252	97	2008
1899	1	2	271	94	2006
1900	1	1	250	98	2007
1901	1	1	245	97	2008
1902	1	2	249	86	2008
1903	1	2	250	0	2007
1904	1	1	237	97	2008
1905	1	1	272	0	2006
1906	1	2	293	105	0
1907	1	2	0	97	2006
1908	1	2	267	96	2008
1909	1	2	266	95	0
1910	5	1	0	0	2007
1911	2	2	271	0	2005
1912	1	1	277	92	2008
1913	1	1	249	94	2007
1914	1	2	248	94	2006
1915	1	1	249	90	2008
1916	1	0	249	98	2008
1917	1	2	299	94	2006
1918	1	1	0	92	0
1919	1	2	237	104	2007
1920	1	1	243	94	2007
1921	1	1	282	0	2008
1922	1	2	244	0	0
1923	2	1	270	0	2003
1924	1	2	0	0	2008
1925	1	1	250	0	2008
1926	1	1	280	89	2008
1927	1	1	288	92	2009
1928	1	1	277	87	2009
1929	1	1	277	94	2007
1930	1	1	261	94	2005
1931	1	1	250	0	2007
1932	1	2	274	86	2009
1933	2	1	247	98	2005
1934	1	1	261	94	2006
1935	5	0	0	0	0
1936	1	2	278	0	2006
1937	1	1	237	97	2008
1938	1	1	282	0	0
1939	1	1	250	0	2007
1940	1	1	249	0	2006
1941	1	2	274	95	2006
1942	1	1	291	98	2007
1943	1	2	249	0	2006
1944	2	1	274	102	2005
1945	1	1	268	92	2004
1946	2	1	237	0	2005
1947	2	1	283	0	2005
1948	1	1	250	0	2007
1949	1	2	271	94	2007
1950	1	1	291	97	2008
1951	1	2	0	0	2007
1952	1	1	298	0	2007
1953	1	1	287	96	2008
1954	1	2	282	95	2007
1955	1	2	247	0	2006
1956	1	2	270	97	2008
1957	5	1	0	0	2007
1958	1	1	237	97	2008
1959	1	2	296	104	2006
1960	1	1	268	0	2006
1961	2	1	0	0	2005
1962	1	2	270	98	2008
1963	1	1	275	96	2008
1964	2	2	296	0	2005
1965	1	1	0	0	2007
1966	1	1	274	98	2007
1967	1	1	255	98	2007
1968	1	1	250	0	2008
1969	1	2	281	94	2007
1970	1	1	247	102	2007
1971	1	1	245	0	2008
1972	1	1	277	102	0
1973	2	1	250	0	2005
1974	1	1	243	0	2007
1975	1	1	244	94	2006
1976	1	1	253	114	2006
1977	2	1	237	0	2004
1978	2	1	237	102	2005
1979	1	1	237	0	2007
1980	1	1	268	89	2009
1981	1	1	291	90	2009
1982	1	2	269	96	2006
1983	1	1	0	92	2008
1984	1	1	249	0	2007
1985	1	1	275	97	2008
1986	1	2	272	0	2007
1987	1	1	250	92	2008
1988	1	1	277	97	2008
1989	1	1	260	98	2006
1990	1	1	276	98	2006
1991	1	1	247	0	2007
1992	1	1	237	0	2007
1993	1	2	267	97	2007
1994	1	1	290	0	2006
1995	1	2	0	96	2008
1996	1	1	250	94	2007
1997	1	1	249	97	2008
1998	1	1	0	0	2008
1999	1	2	249	0	2006
2000	1	1	243	92	2008
2001	1	1	261	0	2007
2002	1	1	250	92	2009
2003	1	1	249	107	0
2004	2	1	296	107	2005
2005	2	1	0	0	2005
2006	1	1	298	97	2008
2007	1	1	250	92	2008
2008	1	1	250	0	2007
2009	1	1	286	0	2006
2010	1	1	237	98	2008
2011	1	1	237	97	2007
2012	1	1	275	94	2006
2013	1	2	248	86	2009
2014	1	1	252	94	2006
2015	1	0	0	0	0
2016	1	1	293	96	2008
2017	1	2	270	94	2007
2018	1	2	297	93	2009
2019	1	2	247	94	2007
2020	1	2	272	0	2007
2021	1	1	0	89	2009
2022	1	1	0	92	2007
2023	1	2	274	94	2006
2024	1	1	291	0	2007
2025	2	1	298	0	2005
2026	1	2	262	86	2006
2027	2	1	0	0	2005
2028	1	1	237	91	2009
2029	1	1	297	92	2009
2030	1	0	0	0	0
2031	1	2	249	0	2007
2032	2	2	242	0	2004
2033	1	1	237	97	2008
2034	2	1	261	0	2005
2035	2	1	267	111	2005
2036	1	2	254	94	2007
2037	1	1	298	0	2005
2038	1	2	293	96	2009
2039	1	2	250	0	2005
2040	1	1	0	97	2008
2041	1	2	247	0	2008
2042	1	2	249	97	2008
2043	1	1	284	96	2008
2044	1	2	247	93	2008
2045	1	2	249	86	2008
2046	1	1	271	95	2007
2047	1	1	280	0	2006
2048	1	1	0	91	2009
2049	1	1	283	98	2008
2050	1	1	271	96	2008
2051	1	2	286	0	0
2052	1	1	249	97	2008
2053	1	1	0	94	2007
2054	1	2	285	0	2006
2055	2	1	298	0	2005
2056	1	1	250	92	2006
2057	1	2	298	0	2007
2058	1	1	249	110	2007
2059	1	1	286	0	2006
2060	1	1	248	92	2008
2061	1	0	0	0	0
2062	1	1	250	0	2006
2063	2	2	250	0	2004
2064	1	1	278	0	2007
2065	2	1	0	0	2005
2066	1	1	248	90	2008
2067	1	1	277	0	2007
2068	1	1	248	92	2008
2069	1	1	275	97	2008
2070	2	1	277	94	2005
2071	1	1	268	98	2006
2072	1	2	0	0	2007
2073	2	0	290	98	2005
2074	1	1	249	97	2008
2075	1	1	272	94	2007
2076	1	2	248	93	2009
2077	1	2	261	0	2008
2078	2	2	243	0	2005
2079	1	1	298	90	2009
2080	1	1	246	0	2006
2081	1	1	250	0	2006
2082	1	2	237	97	2007
2083	1	2	238	86	2009
2084	1	2	289	97	2008
2085	1	2	274	94	2007
2086	1	2	277	0	2006
2087	1	1	0	89	2008
2088	1	1	267	94	2007
2089	1	1	271	94	2007
2090	1	1	249	91	2008
2091	1	2	0	0	0
2092	1	2	267	0	2006
2093	1	1	247	94	2007
2094	1	2	247	93	2007
2095	1	1	237	102	2006
2096	1	1	249	96	2007
2097	1	1	290	92	2008
2098	1	1	260	96	2007
2099	1	2	238	93	2008
2100	2	1	249	0	2005
2101	1	1	249	90	2009
2102	1	1	283	96	2007
2103	1	1	237	94	2007
2104	2	2	296	103	2005
2105	1	2	255	97	2008
2106	1	2	275	86	2008
2107	1	2	238	0	2007
2108	1	2	275	0	2006
2109	1	1	249	92	2009
2110	1	2	249	86	2009
2111	1	1	0	0	0
2112	1	1	291	92	2008
2113	2	2	237	0	2004
2114	1	2	271	0	2006
2115	1	1	276	97	2008
2116	1	1	0	92	0
2117	1	1	248	95	2008
2118	1	1	271	92	2009
2119	1	1	248	89	2007
2120	5	1	297	98	2005
2121	1	1	283	97	2008
2122	1	2	248	97	2008
2123	1	1	237	91	2009
2124	1	2	256	0	2006
2125	1	1	280	97	2008
2126	1	2	271	95	0
2127	1	1	283	0	2008
2128	5	2	290	0	0
2129	1	2	278	98	2007
2130	1	1	241	94	2007
2131	1	2	295	94	2006
2132	2	1	277	107	2005
2133	1	1	236	94	2006
2134	1	1	252	0	2006
2135	2	1	0	0	2005
2136	1	2	286	86	2009
2137	1	0	274	0	2008
2138	1	2	254	0	2006
2139	1	1	261	92	2008
2140	1	1	245	94	2007
2141	1	1	0	92	0
2142	1	1	0	94	2006
2143	1	2	275	95	2008
2144	1	2	268	0	2007
2145	1	1	291	89	2009
2146	1	1	298	94	2007
2147	1	1	248	98	2006
2148	1	2	274	0	0
2149	1	2	252	0	2007
2150	1	1	275	92	2008
2151	1	1	271	0	2006
2152	1	2	286	97	2007
2153	1	2	252	94	2007
2154	1	1	278	96	2007
2155	1	1	250	0	2007
2156	1	2	237	0	2005
2157	2	2	249	94	2005
2158	1	1	237	89	2008
2159	4	2	0	0	0
2160	1	2	293	86	2009
2161	1	0	261	0	2007
2162	1	1	249	94	2007
2163	1	2	249	94	0
2164	1	1	249	94	2006
2165	1	1	253	94	2006
2166	1	1	237	94	2006
2167	1	2	281	97	2008
2168	1	2	249	94	2006
2169	1	1	270	0	2008
2170	1	2	271	86	2009
2171	2	1	266	0	2005
2172	1	2	285	97	2008
2173	2	0	0	0	0
2174	1	2	247	0	2007
2175	1	2	275	0	2006
2176	4	1	0	0	0
2177	1	1	271	0	2007
2178	1	1	238	90	2009
2179	1	2	247	98	2007
2180	1	1	236	0	2006
2181	1	2	250	0	0
2182	1	2	275	97	2008
2183	1	1	292	0	2008
2184	5	1	0	0	2007
2185	1	1	271	0	2006
2186	1	1	237	97	2008
2187	1	1	249	97	2008
2188	1	1	299	0	2006
2189	1	2	250	86	2009
2190	1	1	248	94	2007
2191	1	1	298	92	2007
2192	1	1	291	97	2007
2193	1	1	249	0	2006
2194	1	1	298	0	2008
2195	1	1	261	97	2008
2196	1	2	275	0	2007
2197	4	2	0	0	0
2198	1	2	244	0	2006
2199	1	1	245	0	2007
2200	1	1	261	97	2008
2201	2	2	0	103	2002
2202	1	2	248	94	2007
2203	1	2	0	0	2008
2204	1	1	253	97	2007
2205	1	1	238	97	2008
2206	1	1	281	0	2007
2207	1	1	283	94	2007
2208	1	0	243	0	2006
2209	1	1	250	99	2006
2210	2	1	250	112	2004
2211	1	1	277	97	2007
2212	1	1	237	96	2008
2213	1	1	0	92	0
2214	1	1	277	0	2006
2215	1	2	260	86	2009
2216	1	1	249	97	2008
2217	1	2	268	86	2009
2218	1	0	0	0	0
2219	2	2	249	0	2005
2220	1	1	237	0	2007
2221	1	0	0	0	2007
2222	1	1	271	0	2007
2223	1	1	264	0	0
2224	1	1	237	92	2009
2225	1	1	285	97	2008
2226	1	1	249	0	2006
2227	1	1	249	99	2007
2228	1	1	237	0	2007
2229	1	1	276	0	2007
2230	2	2	237	94	2005
2231	1	1	275	92	2009
2232	1	2	293	94	2008
2233	1	2	270	97	2008
2234	1	1	275	89	2009
2235	1	2	247	105	2007
2236	2	2	286	0	2005
2237	1	2	254	0	2005
2238	1	2	275	94	2006
2239	1	1	237	88	2007
2240	1	1	237	0	0
2241	1	1	275	0	2005
2242	5	2	250	103	2008
2243	1	1	270	90	2009
2244	1	1	249	0	2008
2245	1	1	252	98	2007
2246	1	0	270	97	2008
2247	1	1	237	98	2008
2248	2	2	278	0	2005
2249	1	1	276	92	2007
2250	1	1	237	92	2009
2251	1	1	271	0	2006
2252	1	1	250	94	2006
2253	1	1	275	0	2006
2254	5	1	297	0	2008
2255	1	1	261	92	2008
2256	1	1	236	99	2006
2257	1	2	282	94	2006
2258	1	1	237	0	2006
2259	1	1	237	94	2006
2260	1	1	276	0	2007
2261	1	2	260	98	2007
2262	1	1	278	94	2006
2263	1	1	247	88	2008
2264	1	1	291	96	2008
2265	2	1	268	94	2005
2266	1	1	245	97	2007
2267	1	2	275	0	2008
2268	1	1	277	102	2006
2269	5	2	296	0	2008
2270	1	1	0	97	2008
2271	1	1	283	92	2006
2272	1	1	263	98	2007
2273	1	1	284	97	2008
2274	1	1	250	102	2006
2275	1	1	247	92	2009
2276	1	1	241	94	2007
2277	1	1	0	0	2006
2278	1	2	247	0	2006
2279	1	1	252	0	2007
2280	1	2	275	97	2008
2281	2	1	277	0	2005
2282	1	1	242	94	2007
2283	1	2	0	86	2008
2284	1	2	271	0	2007
2285	3	2	280	94	0
2286	2	2	267	0	2005
2287	2	1	238	113	2005
2288	1	1	252	97	2008
2289	1	1	277	0	2008
2290	1	1	290	89	2009
2291	1	1	250	94	2007
2292	1	1	267	88	0
2293	1	1	272	97	2008
2294	1	2	247	95	2008
2295	1	1	253	98	2008
2296	1	1	249	87	2009
2297	1	1	277	0	2007
2298	2	1	0	0	2005
2299	1	0	283	94	2006
2300	1	0	0	0	0
2301	1	0	0	0	0
2302	5	2	261	0	2007
2303	1	1	237	90	2009
2304	1	1	261	0	2006
2305	1	1	0	0	2006
2306	1	2	237	96	2008
2307	1	1	255	0	2006
2308	1	1	272	96	2008
2309	2	2	268	0	2005
2310	1	1	250	0	2007
2311	1	2	266	97	2008
2312	1	2	277	97	2008
2313	1	1	260	0	2007
2314	1	1	246	92	2008
2315	1	2	239	96	2006
2316	1	1	238	96	2006
2317	1	1	250	88	2009
2318	1	2	248	0	2006
2319	1	1	237	97	2008
2320	2	1	283	0	2005
2321	1	1	294	92	2009
2322	1	1	237	0	2008
2323	1	2	277	94	2006
2324	1	1	268	0	2006
2325	1	2	0	96	2008
2326	5	2	0	0	0
2327	1	1	285	110	2007
2328	1	2	260	94	2007
2329	1	2	0	98	0
2330	1	2	250	93	2009
2331	2	1	272	107	2004
2332	2	1	249	99	2004
2333	1	1	297	94	2006
2334	1	1	0	0	2007
2335	1	1	239	98	2006
2336	1	2	237	98	2008
2337	1	1	238	98	2007
2338	2	2	249	0	2005
2339	1	2	286	86	2008
2340	2	2	298	0	2004
2341	1	2	0	97	2008
2342	1	1	271	0	2006
2343	1	2	250	93	2007
2344	1	2	249	93	2008
2345	1	2	250	0	2007
2346	1	1	267	0	2007
2347	1	1	299	95	2008
2348	1	1	298	94	2006
2349	1	1	237	92	2009
2350	1	1	298	94	2007
2351	1	2	247	0	2006
2352	1	1	0	95	2007
2353	1	1	270	92	2008
2354	2	1	260	0	2005
2355	1	1	274	98	2006
2356	5	1	0	0	2008
2357	1	1	237	94	2007
2358	1	1	277	0	2006
2359	2	1	272	107	2005
2360	2	1	285	0	2005
2361	1	1	297	94	2006
2362	1	1	237	96	2008
2363	1	2	245	97	2008
2364	2	2	0	0	2005
2365	1	1	0	94	2007
2366	1	1	297	94	2006
2367	2	2	247	105	2005
2368	1	1	254	97	2008
2369	1	1	268	96	0
2370	1	2	296	0	2007
2371	1	1	248	0	2006
2372	1	0	0	0	0
2373	1	2	285	0	2006
2374	1	2	287	0	2006
2375	2	1	250	0	2004
2376	1	1	297	0	2007
2377	1	1	237	98	2007
2378	1	1	275	0	2005
2379	1	1	283	90	2009
2380	1	1	245	0	2007
2381	1	1	277	0	0
2382	1	1	237	0	2007
2383	1	1	275	97	2008
2384	1	1	297	94	0
2385	1	1	250	94	2006
2386	1	2	252	0	2006
2387	5	1	296	102	2007
2388	1	2	249	95	2007
2389	1	1	249	87	2009
2390	2	1	236	99	2005
2391	1	2	281	86	2009
2392	1	2	281	0	2008
2393	1	1	275	0	2007
2394	1	1	246	0	2005
2395	1	1	297	94	2007
2396	1	2	272	97	2008
2397	2	1	284	0	2005
2398	1	1	298	0	2008
2399	1	1	237	97	2008
2400	1	1	277	102	2006
2401	1	2	275	98	2008
2402	1	1	277	96	2006
2403	2	2	249	101	0
2404	1	2	252	86	2009
2405	2	1	237	0	2005
2406	2	2	274	101	1992
2407	1	1	250	0	0
2408	2	1	275	0	2005
2409	1	1	261	94	2007
2410	1	1	248	87	2008
2411	1	2	260	0	2007
2412	1	1	250	102	2006
2413	1	1	291	97	2008
2414	1	2	278	97	2008
2415	1	1	273	0	2007
2416	1	2	248	97	2006
2417	2	1	250	0	2005
2418	1	1	245	0	2005
2419	1	1	267	0	2006
2420	1	1	249	0	2006
2421	1	1	250	97	2008
2422	1	1	237	94	2007
2423	1	1	237	98	2007
2424	1	1	245	97	2007
2425	1	2	242	98	2007
2426	1	1	0	0	2007
2427	1	2	281	114	2006
2428	1	1	250	97	2008
2429	1	1	256	0	2006
2430	1	1	237	97	2007
2431	1	2	276	0	2006
2432	1	2	277	97	2006
2433	2	1	299	0	2004
2434	1	1	271	94	2007
2435	1	1	247	87	0
2436	2	2	267	0	2005
2437	1	1	263	0	2006
2438	1	2	237	94	2006
2439	1	2	276	94	2007
2440	1	1	277	92	2009
2441	2	1	0	0	2003
2442	1	1	238	102	2006
2443	1	1	238	92	2008
2444	1	1	0	92	2009
2445	1	1	268	92	2007
2446	1	2	278	0	2006
2447	1	1	291	97	2008
2448	1	2	298	0	2007
2449	1	1	245	0	2006
2450	1	0	0	0	0
2451	1	1	239	97	2008
2452	1	2	275	86	0
2453	1	1	275	92	2007
2454	1	1	293	0	2007
2455	1	2	275	98	2006
2456	1	2	286	0	2007
2457	1	1	277	95	2008
2458	1	1	243	94	2007
2459	1	2	275	0	2006
2460	1	1	297	92	2009
2461	1	1	276	94	2006
2462	1	1	298	0	2007
2463	1	0	0	0	0
2464	1	1	235	0	0
2465	1	1	275	87	2008
2466	1	2	0	0	2006
2467	1	2	268	96	2007
2468	1	1	266	94	2007
2469	1	2	237	0	2008
2470	1	2	243	0	2008
2471	1	2	247	98	2006
2472	1	1	237	89	2008
2473	1	1	298	97	2008
2474	1	1	297	88	2009
2475	1	1	286	0	2007
2476	1	1	277	94	2007
2477	1	1	283	102	2007
2478	1	1	298	92	2009
2479	2	1	268	0	2005
2480	1	1	243	0	2006
2481	1	1	261	94	2005
2482	1	1	245	94	2007
2483	1	1	271	94	2006
2484	1	1	237	92	2009
2485	1	1	0	92	2009
2486	1	2	274	94	2005
2487	1	2	281	95	2007
2488	1	1	245	94	2007
2489	1	2	247	0	2006
2490	1	2	271	97	2008
2491	1	2	278	94	2006
2492	1	1	278	98	2006
2493	1	0	0	0	0
2494	2	1	298	0	2005
2495	5	1	297	0	2008
2496	1	1	277	94	2006
2497	2	1	245	0	2005
2498	1	2	274	98	2007
2499	1	1	237	92	2009
2500	1	1	237	0	2008
2501	1	1	299	94	2007
2502	1	2	260	0	0
2503	1	1	298	94	2007
2504	1	2	0	98	0
2505	1	2	292	95	0
2506	1	1	246	97	2008
2507	2	1	275	0	2005
2508	1	1	0	94	2006
2509	1	1	248	97	2008
2510	1	1	237	102	2007
2511	1	1	291	94	2007
2512	1	1	266	0	2007
2513	1	1	243	97	2007
2514	1	2	252	94	2006
2515	1	2	243	0	2005
2516	1	1	249	0	0
2517	2	2	280	0	2004
2518	1	1	283	98	2006
2519	1	2	266	0	2008
2520	1	1	0	94	2007
2521	1	1	277	0	2006
2522	1	1	277	88	2009
2523	1	1	272	92	2008
2524	1	1	263	98	2006
2525	1	1	245	102	2007
2526	1	2	274	94	2006
2527	1	0	0	0	0
2528	1	1	246	91	2008
2529	1	2	293	86	2009
2530	1	1	278	92	2008
2531	1	2	248	98	2005
2532	1	0	0	0	0
2533	1	1	286	94	2007
2534	1	1	249	107	2006
2535	1	1	0	90	2009
2536	1	2	247	97	2007
2537	1	1	237	98	2006
2538	5	1	296	0	0
2539	1	1	237	92	2008
2540	1	2	238	97	2007
2541	1	1	246	88	2007
2542	1	1	291	91	2008
2543	1	1	248	107	2006
2544	1	1	249	0	2006
2545	1	0	0	0	0
2546	1	1	237	97	2008
2547	1	1	266	92	2009
2548	1	1	254	98	2007
2549	1	2	277	95	2009
2550	1	1	245	94	2007
2551	1	1	260	92	2007
2552	1	1	285	0	2006
2553	1	1	275	92	2008
2554	1	2	250	0	2008
2555	1	1	0	95	2007
2556	1	2	271	0	2007
2557	1	1	237	94	2008
2558	1	1	291	94	2007
2559	1	1	248	0	2006
2560	1	2	278	94	2007
2561	1	1	0	92	2009
2562	1	1	238	97	2008
2563	1	2	270	97	2008
2564	1	1	277	0	2006
2565	1	1	249	96	2008
2566	1	1	284	97	2007
2567	5	1	296	0	2008
2568	1	1	250	92	2008
2569	1	2	278	94	2007
2570	1	1	298	0	2006
2571	1	1	0	97	2008
2572	1	1	275	0	2007
2573	2	1	275	94	2004
2574	1	1	243	0	2006
2575	5	2	297	0	2007
2576	1	1	245	92	2008
2577	1	1	253	97	2008
2578	1	1	270	97	2008
2579	5	2	0	105	0
2580	1	1	237	97	2008
2581	1	2	281	0	2008
2582	1	1	238	95	2008
2583	1	1	251	94	2006
2584	1	0	0	0	0
2585	2	1	283	0	2005
2586	1	2	297	98	2010
2587	1	1	266	0	2006
2588	1	1	260	92	2008
2589	1	2	266	94	2005
2590	1	1	250	0	2008
2591	1	1	286	0	2006
2592	1	1	0	87	2008
2593	1	1	275	87	2008
2594	1	2	247	0	2007
2595	1	1	296	87	2005
2596	2	2	237	0	2005
2597	2	2	249	0	2005
2598	1	1	290	94	2007
2599	2	1	249	98	2005
2600	2	1	237	0	2005
2601	1	2	249	0	2006
2602	1	1	250	96	2007
2603	1	1	254	0	0
2604	1	1	280	0	0
2605	1	1	277	97	2007
2606	1	2	254	0	2008
2607	1	1	0	98	2008
2608	1	1	254	94	2006
2609	1	1	275	94	2007
2610	1	2	249	0	2006
2611	1	1	237	91	2009
2612	1	1	249	92	2007
2613	1	1	293	94	2007
2614	2	1	238	98	2005
2615	1	1	298	87	2009
2616	1	1	248	87	2009
2617	1	2	281	0	2006
2618	1	1	267	111	2007
2619	1	1	250	0	2007
2620	1	2	274	105	2005
2621	1	2	270	0	2008
2622	2	2	252	0	2005
2623	1	2	236	0	0
2624	1	1	261	94	2007
2625	2	1	278	98	2005
2626	2	2	278	0	2004
2627	1	1	277	87	2009
2628	1	1	0	97	2008
2629	1	2	283	94	2005
2630	1	1	272	0	2005
2631	1	2	238	98	2006
2632	1	2	275	0	2005
2633	1	1	276	0	2006
2634	1	2	285	0	2008
2635	1	1	298	0	2009
2636	1	1	271	92	2008
2637	1	1	283	92	2008
2638	1	1	250	92	2008
2639	1	2	271	86	2009
2640	1	2	286	94	2006
2641	1	2	245	0	2006
2642	2	2	278	0	2005
2643	1	1	283	92	2009
2644	2	2	247	0	2005
2645	2	1	248	0	2005
2646	1	1	237	0	2007
2647	1	1	279	0	2009
2648	1	1	250	92	2008
2649	1	1	270	94	2006
2650	1	1	245	0	0
2651	2	1	296	102	2005
2652	1	1	249	92	2008
2653	1	1	248	98	2006
2654	1	2	267	86	2008
2655	1	2	272	0	2006
2656	1	1	252	92	2009
2657	5	1	297	98	2008
2658	1	1	270	92	2008
2659	1	1	275	0	2007
2660	1	2	0	86	2008
2661	2	2	278	105	2003
2662	1	2	248	94	2007
2663	1	1	245	102	2006
2664	1	1	275	97	2008
2665	1	1	249	97	2008
2666	1	2	274	0	2008
2667	1	1	237	97	2007
2668	1	0	0	0	0
2669	2	1	270	107	2004
2670	1	2	0	0	2006
2671	1	2	296	86	2009
2672	1	1	277	92	0
2673	1	1	299	0	2007
2674	1	2	281	95	2009
2675	1	1	291	0	2007
2676	1	1	271	96	2007
2677	1	2	247	86	2009
2678	1	1	250	94	2007
2679	5	1	296	0	2007
2680	1	1	245	94	2007
2681	2	1	237	112	2005
2682	1	1	272	0	0
2683	1	1	283	0	2005
2684	1	1	261	87	2008
2685	1	1	0	97	2008
2686	1	2	281	94	2006
2687	1	0	237	92	2008
2688	1	2	237	0	2006
2689	1	1	268	0	2007
2690	1	1	244	87	2008
2691	1	1	250	94	2007
2692	1	0	0	98	2008
2693	1	1	238	0	2007
2694	1	1	248	102	2007
2695	1	1	286	90	2009
2696	1	2	289	96	0
2697	1	2	275	0	2008
2698	1	2	250	0	2006
2699	1	0	0	0	0
2700	1	2	247	0	2006
2701	1	1	296	90	2009
2702	1	1	250	96	2008
2703	1	1	282	94	2007
2704	1	1	250	95	2008
2705	1	2	280	96	2007
2706	1	2	271	97	2008
2707	2	1	237	92	2004
2708	1	2	242	0	2007
2709	1	1	275	92	2008
2710	1	2	237	0	2008
2711	1	1	298	0	2007
2712	1	1	237	97	2009
2713	1	2	280	95	2007
2714	1	1	237	94	2007
2715	2	1	276	0	0
2716	1	2	280	86	2008
2717	1	1	245	94	2007
2718	1	1	249	94	2006
2719	1	2	275	108	2007
2720	1	1	277	91	2009
2721	1	2	286	0	2006
2722	2	1	293	0	2005
2723	1	2	293	86	2010
2724	1	1	279	94	2005
2725	1	1	250	94	2007
2726	1	1	248	0	2006
2727	1	1	245	94	2007
2728	1	1	266	88	2009
2729	1	1	243	0	2006
2730	1	1	0	0	2006
2731	1	2	293	94	0
2732	1	1	271	91	2009
2733	1	2	274	96	2007
2734	1	1	291	0	2008
2735	5	1	296	0	2006
2736	1	2	238	0	2007
2737	1	1	248	97	2008
2738	1	1	238	92	2009
2739	1	2	275	0	2006
2740	1	1	237	88	2008
2741	1	1	272	92	2009
2742	2	1	248	0	2005
2743	5	2	0	104	2007
2744	1	1	283	94	2006
2745	1	1	277	0	2007
2746	2	1	296	0	2005
2747	1	2	249	105	2005
2748	1	1	246	94	2006
2749	1	1	250	0	2006
2750	1	1	238	94	2007
2751	1	1	290	92	2008
2752	1	2	249	0	2008
2753	1	1	246	97	2008
2754	1	1	286	0	2006
2755	1	1	236	92	2008
2756	2	2	283	0	2004
2757	1	1	276	0	2006
2758	1	1	249	87	2009
2759	1	0	250	94	2007
2760	2	2	275	0	2005
2761	1	1	276	98	2008
2762	1	2	0	0	0
2763	1	1	272	0	2008
2764	1	1	293	94	2007
2765	1	1	291	92	2009
2766	1	1	281	94	2006
2767	1	1	237	0	2007
2768	1	2	261	97	2008
2769	1	1	276	100	2007
2770	1	1	248	92	2008
2771	1	2	248	98	2007
2772	2	2	250	0	2004
2773	1	1	274	98	2006
2774	1	1	275	92	2009
2775	1	1	249	96	0
2776	1	2	238	0	2006
2777	1	1	266	0	2007
2778	1	2	254	0	2008
2779	1	1	250	92	2008
2780	1	1	297	91	2009
2781	1	1	297	0	2007
2782	1	2	248	97	2008
2783	1	1	271	88	2009
2784	1	2	286	101	2006
2785	1	1	0	97	2008
2786	1	1	237	0	2007
2787	1	2	244	86	2009
2788	1	1	266	0	2006
2789	1	1	292	97	2008
2790	1	1	268	94	2007
2791	1	1	279	92	2008
2792	1	1	291	92	2008
2793	1	1	237	92	2009
2794	1	1	252	112	2006
2795	2	2	278	101	2002
2796	1	1	238	0	2006
2797	1	1	296	97	2008
2798	5	1	250	107	2005
2799	1	2	237	97	2008
2800	1	2	237	0	2007
2801	1	1	249	0	2007
2802	1	0	0	94	2006
2803	2	2	247	0	2004
2804	1	1	283	87	2009
2805	2	1	0	102	2005
2806	1	2	272	96	2008
2807	1	1	248	87	2009
2808	1	2	247	95	0
2809	1	1	266	0	2008
2810	1	1	237	0	2007
2811	1	1	291	0	2007
2812	1	1	0	0	2007
2813	5	1	296	102	2006
2814	1	0	0	0	2006
2815	1	1	261	94	2007
2816	1	1	284	94	2007
2817	1	0	0	0	0
2818	1	1	277	97	2008
2819	1	2	292	94	2007
2820	1	1	277	0	2006
2821	2	2	250	98	2005
2822	1	1	291	92	2009
2823	2	2	299	94	2005
2824	1	1	292	90	0
2825	1	2	247	94	2007
2826	1	1	276	89	2009
2827	1	2	276	0	2007
2828	1	1	275	97	2008
2829	5	2	0	0	0
2830	1	1	238	92	2008
2831	1	2	271	97	2008
2832	1	1	245	94	2006
2833	1	1	250	91	2008
2834	1	1	247	0	2007
2835	1	1	0	97	2007
2836	1	1	298	92	2008
2837	1	2	295	0	0
2838	1	2	247	98	2007
2839	1	2	283	94	2007
2840	2	1	275	0	0
2841	1	1	242	0	2006
2842	1	1	243	98	2007
2843	1	1	282	92	2009
2844	1	1	249	88	2009
2845	1	1	297	90	2009
2846	1	2	0	96	2008
2847	1	2	271	96	2007
2848	1	1	252	0	2007
2849	1	2	286	98	2004
2850	1	1	239	92	2008
2851	1	2	249	97	2007
2852	1	1	250	92	2007
2853	2	1	250	0	2005
2854	1	2	242	96	2007
2855	1	1	288	98	2006
2856	1	1	299	94	2006
2857	2	2	237	94	2005
2858	1	2	250	95	2008
2859	1	1	0	94	2007
2860	1	1	249	97	2007
2861	1	1	284	0	2006
2862	1	2	271	86	2008
2863	1	2	237	93	2009
2864	1	2	262	108	2007
2865	1	2	274	0	2007
2866	1	1	237	0	2006
2867	1	1	250	94	2005
2868	1	2	249	94	2007
2869	1	2	267	109	2007
2870	1	2	267	94	2007
2871	2	2	266	0	2005
2872	1	1	276	94	2007
2873	1	2	249	0	2006
2874	1	1	275	94	2007
2875	2	1	250	102	2005
2876	1	2	284	0	0
2877	1	1	276	97	2007
2878	1	1	249	0	2008
2879	1	2	250	86	2008
2880	1	2	243	95	2008
2881	1	1	290	0	2006
2882	1	1	237	97	2008
2883	2	0	270	0	1901
2884	1	2	272	0	2009
2885	1	1	296	94	2006
2886	1	1	252	92	2008
2887	1	2	291	86	2009
2888	2	2	237	98	2005
2889	1	1	249	0	2005
2890	1	1	247	97	2008
2891	1	2	288	98	2007
2892	1	1	268	0	2008
2893	2	1	280	0	2005
2894	1	2	272	0	2006
2895	1	1	250	97	2008
2896	1	1	245	102	2007
2897	1	2	0	0	0
2898	2	2	278	0	2004
2899	4	0	0	0	0
2900	1	1	271	0	2006
2901	1	1	250	0	2007
2902	1	1	284	0	2007
2903	1	1	276	92	2008
2904	1	2	293	96	2008
2905	1	1	237	90	2008
2906	1	1	252	96	2008
2907	1	1	298	97	2008
2908	1	2	297	97	2007
2909	1	2	293	101	0
2910	1	2	246	101	2006
2911	1	2	238	94	2007
2912	1	2	247	0	2009
2913	2	1	276	0	2005
2914	1	1	250	0	2007
2915	1	0	0	0	0
2916	1	1	284	0	2007
2917	1	1	237	98	2006
2918	2	2	276	0	2005
2919	1	1	243	0	2007
2920	2	1	274	0	2003
2921	1	2	271	93	2008
2922	1	1	286	97	2008
2923	5	2	279	98	2005
2924	2	0	0	0	0
2925	5	2	251	0	0
2926	1	2	252	86	2009
2927	2	1	296	107	2005
2928	1	2	248	95	2008
2929	1	1	237	92	2008
2930	1	1	238	96	2007
2931	1	1	243	0	2006
2932	1	1	249	0	2007
2933	2	2	266	101	2001
2934	1	1	248	92	2009
2935	1	2	273	0	2008
2936	1	2	271	95	2009
2937	1	2	296	0	2005
2938	1	2	283	95	0
2939	1	2	284	98	2006
2940	1	2	275	0	2007
2941	1	1	237	98	2006
2942	1	1	275	0	2008
2943	2	1	271	0	2005
2944	1	1	250	0	2006
2945	1	1	268	0	2007
2946	1	1	298	91	2009
2947	1	1	247	0	2008
2948	1	1	276	92	2009
2949	2	1	261	94	2005
2950	1	2	249	86	2009
2951	2	2	278	0	2004
2952	1	2	247	97	2008
2953	1	1	237	94	2006
2954	1	0	0	0	0
2955	1	1	291	97	2008
2956	1	1	290	94	2007
2957	1	2	277	0	2006
2958	2	1	246	0	2005
2959	5	1	272	0	0
2960	1	2	249	0	2007
2961	1	1	0	98	2005
2962	4	1	0	0	0
2963	1	1	0	92	2008
2964	5	1	297	98	2009
2965	1	2	297	0	2007
2966	1	1	275	97	2008
2967	1	1	285	92	2009
2968	1	1	249	97	2007
2969	1	1	277	92	2008
2970	1	2	0	97	2007
2971	1	2	273	0	2007
2972	1	2	267	0	2008
2973	2	2	275	94	2004
2974	1	1	0	97	2007
2975	1	2	254	95	2008
2976	1	2	271	95	0
2977	1	1	272	94	2007
2978	1	1	247	0	2007
2979	2	2	247	0	2005
2980	1	1	285	94	2007
2981	1	2	0	0	0
2982	1	2	291	94	2005
2983	1	2	276	97	2007
2984	2	1	237	0	2005
2985	1	0	0	0	0
2986	1	1	299	0	2006
2987	1	2	274	103	2006
2988	2	2	247	96	2005
2989	1	1	297	97	2008
2990	1	2	242	0	0
2991	2	2	247	103	2005
2992	2	2	270	0	2004
2993	1	2	237	94	2007
2994	1	1	273	92	2008
2995	2	1	0	102	2005
2996	1	2	281	94	0
2997	1	0	249	0	2008
2998	1	2	274	0	2006
2999	1	1	237	0	0
3000	1	1	237	92	2007
3001	2	2	275	0	2005
3002	1	1	0	94	2007
3003	1	2	0	97	2008
3004	1	2	276	97	2008
3005	2	1	288	107	2004
3006	1	1	248	0	2008
3007	1	2	288	96	2008
3008	1	1	297	88	2009
3009	1	1	243	92	2009
3010	1	0	0	0	0
3011	2	1	275	0	2005
3012	1	1	250	0	2008
3013	1	2	271	86	2009
3014	1	1	0	0	2007
3015	2	1	237	98	2004
3016	1	2	274	0	2006
3017	1	1	276	98	2007
3018	1	2	288	86	2009
3019	1	1	283	92	2008
3020	1	1	276	98	2008
3021	1	2	243	0	2007
3022	1	2	271	0	2007
3023	1	2	285	96	2008
3024	1	1	267	0	2007
3025	1	2	247	97	2007
3026	1	2	291	0	2007
3027	1	1	266	0	2006
3028	1	1	275	0	2007
3029	1	1	298	87	2009
3030	2	2	288	101	2004
3031	1	1	237	97	2007
3032	1	1	291	94	2007
3033	1	1	250	92	2009
3034	1	1	250	88	2009
3035	1	1	253	97	2008
3036	1	1	283	88	2009
3037	1	1	248	0	2007
3038	1	1	266	112	2007
3039	1	1	299	94	2006
3040	1	1	237	97	2008
3041	2	1	0	107	2002
3042	1	1	237	92	2008
3043	1	0	284	97	0
3044	1	1	298	0	2006
3045	5	1	0	102	2005
3046	1	1	249	0	2007
3047	1	2	248	86	2009
3048	1	1	283	92	2009
3049	1	1	267	89	2008
3050	5	1	251	107	2006
3051	1	1	237	97	2008
3052	2	1	266	0	2005
3053	1	2	249	98	2005
3054	1	1	275	92	2009
3055	1	1	298	94	2006
3056	1	1	249	97	2008
3057	2	1	275	107	2005
3058	2	1	291	98	2005
3059	2	1	261	94	2005
3060	1	2	247	0	2008
3061	1	2	297	97	0
3062	2	2	274	0	2002
3063	1	1	285	87	2009
3064	1	1	250	0	2008
3065	1	2	274	0	2008
3066	1	1	279	92	2009
3067	1	2	270	0	2007
3068	1	1	248	0	2008
3069	1	2	270	98	2005
3070	2	2	247	0	2005
3071	1	1	247	92	2009
3072	1	1	268	94	2007
3073	1	1	270	0	2006
3074	1	1	237	0	2007
3075	1	1	283	91	2009
3076	1	2	237	95	2007
3077	1	1	267	97	2007
3078	5	2	297	0	2009
3079	1	1	256	98	2005
3080	1	2	243	95	2005
3081	1	0	0	0	0
3082	1	1	249	92	2009
3083	1	1	296	91	2009
3084	1	2	298	93	2008
3085	1	2	252	94	2006
3086	1	1	261	0	2006
3087	1	2	237	94	2007
3088	1	2	237	94	2007
3089	1	2	293	0	2007
3090	1	1	283	96	2008
3091	1	1	237	98	2006
3092	1	1	291	94	2007
3093	1	1	275	0	2007
3094	1	2	246	97	2008
3095	2	1	276	0	2005
3096	1	1	250	100	2007
3097	1	1	237	0	2007
3098	1	1	0	90	2009
3099	1	2	271	95	2008
3100	1	2	248	86	2009
3101	1	2	247	97	2008
3102	1	1	243	0	2006
3103	1	1	296	0	2008
3104	1	2	237	95	2008
3105	1	1	268	92	2008
3106	1	1	267	96	2006
3107	1	2	272	94	2007
3108	1	2	249	93	2008
3109	1	1	247	0	0
3110	1	1	268	97	2008
3111	1	1	299	97	2008
3112	1	2	0	93	2008
3113	2	1	250	0	2004
3114	1	1	239	0	2009
3115	1	1	271	96	2007
3116	1	1	237	102	2006
3117	1	2	285	0	2008
3118	1	1	252	0	2006
3119	1	0	250	0	0
3120	2	2	248	0	2004
3121	1	2	299	86	2009
3122	1	1	275	98	2006
3123	1	1	298	94	2007
3124	2	1	245	100	2005
3125	1	1	277	95	2008
3126	1	1	260	92	2007
3127	1	1	298	97	2008
3128	1	2	237	0	0
3129	1	2	261	94	2006
3130	1	2	0	95	2007
3131	1	2	275	108	2007
3132	1	1	271	0	2006
3133	1	1	249	88	2007
3134	5	1	250	0	2005
3135	1	1	0	107	2006
3136	1	1	237	95	2008
3137	2	0	250	0	2005
3138	1	1	277	96	2008
3139	1	2	0	93	2006
3140	5	1	259	0	2008
3141	1	2	247	0	2009
3142	1	1	250	96	2008
3143	1	2	278	98	2007
3144	1	1	245	94	2007
3145	1	1	245	97	2008
3146	1	1	252	0	0
3147	1	2	0	0	2008
3148	1	1	0	102	2006
3149	2	1	277	102	2005
3150	1	1	272	94	2006
3151	1	1	276	0	2006
3152	1	1	283	97	2005
3153	2	1	270	0	2005
3154	1	1	268	95	2008
3155	1	2	244	95	2008
3156	1	1	271	97	2008
3157	1	1	275	107	2006
3158	1	0	299	0	2006
3159	1	1	267	94	2007
3160	1	2	266	94	2006
3161	1	1	238	94	2006
3162	1	2	275	0	2008
3163	1	1	275	94	2006
3164	1	1	268	0	2007
3165	1	1	254	0	0
3166	1	1	245	98	2007
3167	2	2	274	0	2005
3168	1	1	0	0	2007
3169	2	1	283	0	2005
3170	1	1	237	95	2008
3171	1	1	276	88	2009
3172	1	1	273	96	2008
3173	5	2	296	0	2007
3174	1	2	271	0	2007
3175	5	2	296	0	2006
3176	1	2	267	97	2008
3177	1	1	275	0	2008
3178	1	1	249	100	2006
3179	1	2	242	0	0
3180	1	1	237	0	2006
3181	1	2	281	93	2007
3182	1	1	247	95	2007
3183	1	1	296	0	2005
3184	1	1	292	0	2005
3185	1	2	297	95	2007
3186	1	1	247	102	2007
3187	1	1	237	92	2008
3188	2	1	238	0	2005
3189	2	2	274	101	2004
3190	1	1	266	0	2007
3191	1	2	237	97	2008
3192	1	2	254	104	2006
3193	1	1	256	113	2006
3194	1	0	0	0	0
3195	2	1	237	98	2005
3196	5	1	294	0	2006
3197	1	2	275	94	2007
3198	1	1	298	0	2006
3199	1	1	278	0	2006
3200	1	2	270	0	0
3201	1	1	275	91	2008
3202	1	2	274	94	2006
3203	1	1	249	102	2006
3204	1	1	268	0	2007
3205	1	2	275	0	2007
3206	2	1	277	89	2004
3207	1	2	266	95	2008
3208	1	2	271	94	2006
3209	1	1	249	92	2007
3210	2	2	0	0	2003
3211	1	1	284	0	2006
3212	1	2	271	97	2007
3213	1	1	0	94	2007
3214	1	1	291	92	2009
3215	1	1	242	0	2006
3216	1	1	245	0	2007
3217	1	1	298	0	2007
3218	1	1	253	97	2008
3219	1	0	0	0	0
3220	1	1	277	87	2009
3221	1	1	272	0	2008
3222	1	2	271	86	2009
3223	1	1	276	97	2008
3224	1	1	266	90	2008
3225	1	1	247	94	2007
3226	1	1	250	97	2007
3227	1	1	237	98	0
3228	2	1	284	0	2005
3229	1	0	237	0	2006
3230	1	2	276	0	2006
3231	1	1	249	97	2008
3232	1	2	274	0	2006
3233	1	2	238	0	2007
3234	1	1	238	94	2005
3235	1	1	250	91	2009
3236	1	2	249	0	2006
3237	1	2	0	97	2006
3238	1	2	280	101	2007
3239	1	1	247	94	2006
3240	2	1	248	107	2004
3241	1	1	237	91	2009
3242	1	1	270	92	2009
3243	1	1	244	92	2009
3244	1	2	280	0	2007
3245	1	1	0	0	2007
3246	1	1	283	88	2009
3247	1	1	248	94	2007
3248	1	1	277	97	0
3249	1	1	266	0	2007
3250	1	2	250	0	0
3251	5	1	242	102	2007
3252	1	1	268	0	0
3253	1	2	283	0	0
3254	1	1	243	95	2006
3255	1	1	274	97	2008
3256	1	1	266	98	2006
3257	1	1	245	97	2007
3258	1	1	237	92	2008
3259	1	2	237	94	2006
3260	1	1	275	97	2008
3261	1	1	297	87	2009
3262	1	1	275	87	0
3263	2	1	284	107	2003
3264	1	2	270	86	2009
3265	1	1	250	97	2007
3266	1	1	270	92	2009
3267	1	2	0	0	2008
3268	1	2	292	97	2008
3269	1	1	297	94	2007
3270	1	1	270	102	2006
3271	1	0	0	0	0
3272	1	2	243	0	2007
3273	5	1	250	0	2007
3274	2	1	249	94	2005
3275	1	1	250	98	2006
3276	1	1	252	95	2008
3277	1	1	237	96	2007
3278	1	1	299	90	2009
3279	1	1	291	90	2009
3280	1	1	237	97	2008
3281	1	2	296	86	2009
3282	1	2	248	0	0
3283	1	1	275	97	2008
3284	2	1	244	0	0
3285	1	2	249	86	2008
3286	1	1	299	0	2007
3287	1	2	237	0	2007
3288	1	2	266	0	2006
3289	1	1	245	0	2007
3290	1	1	272	92	2009
3291	1	2	245	94	2007
3292	1	2	247	0	2007
3293	5	1	290	0	2005
3294	1	1	272	94	2006
3295	1	1	237	90	2009
3296	1	1	268	0	2007
3297	1	0	0	0	0
3298	1	2	299	0	2008
3299	1	1	238	96	2008
3300	1	0	0	0	0
3301	2	2	250	104	2005
3302	1	1	244	92	2009
3303	2	2	237	0	2005
3304	2	1	261	0	2005
3305	1	1	0	87	2008
3306	2	1	291	0	0
3307	1	1	297	92	2008
3308	1	1	283	0	2007
3309	1	1	274	98	0
3310	1	2	275	0	2008
3311	1	2	281	95	2008
3312	1	2	267	0	2008
3313	5	1	296	107	2007
3314	1	2	293	0	2006
3315	1	1	291	96	2008
3316	1	1	250	94	2007
3317	5	2	0	0	2008
3318	1	1	237	0	2006
3319	1	2	292	97	2008
3320	1	1	291	94	2007
3321	5	2	296	103	2008
3322	1	2	275	97	2008
3323	1	2	249	94	2007
3324	1	2	297	95	0
3325	1	1	271	0	2007
3326	1	1	0	97	0
3327	1	2	275	101	2007
3328	1	2	237	95	2008
3329	1	0	247	0	2008
3330	1	1	247	98	2008
3331	1	1	283	90	2009
3332	2	1	272	99	2005
3333	1	2	247	0	2006
3334	1	1	237	94	2006
3335	1	1	0	0	2006
3336	5	1	266	0	2005
3337	1	1	247	94	2006
3338	1	1	283	0	2006
3339	1	2	298	0	2006
3340	1	1	252	92	2008
3341	1	2	250	98	2006
3342	1	1	277	0	2008
3343	5	1	294	94	2007
3344	1	1	249	0	2006
3345	1	1	268	0	2006
3346	1	1	0	92	2008
3347	1	1	0	0	2008
3348	1	2	285	0	2006
3349	1	2	238	93	2009
3350	1	1	297	91	2009
3351	1	2	289	94	2007
3352	1	0	0	0	0
3353	1	1	237	0	2008
3354	1	2	285	86	2008
3355	1	1	243	97	2008
3356	1	1	271	97	2008
3357	1	2	243	97	2007
3358	1	2	249	0	2007
3359	2	1	291	107	0
3360	2	2	247	98	2005
3361	1	1	238	97	2008
3362	1	1	243	92	2008
3363	1	2	0	0	2006
3364	1	1	238	102	2007
3365	1	1	249	0	2008
3366	1	2	270	97	2007
3367	1	1	299	92	2009
3368	1	1	276	94	2007
3369	1	2	249	94	2007
3370	1	1	261	97	2008
3371	1	1	261	0	2007
3372	1	1	278	92	2009
3373	1	0	260	95	2008
3374	1	1	281	0	2006
3375	1	1	238	0	2006
3376	1	1	247	110	2006
3377	1	2	274	98	2006
3378	2	1	296	102	2005
3379	1	1	248	97	2008
3380	1	1	291	0	2008
3381	1	1	0	90	2009
3382	1	1	250	90	2006
3383	1	2	237	94	2007
3384	1	1	291	0	2007
3385	1	2	246	98	2007
3386	1	1	284	99	2007
3387	2	1	272	0	2004
3388	1	1	298	102	2006
3389	1	1	252	97	2007
3390	1	2	292	96	2008
3391	1	1	0	94	0
3392	1	2	275	94	2007
3393	1	2	270	98	2008
3394	2	1	272	0	2005
3395	1	2	274	96	0
3396	1	2	237	93	2008
3397	1	1	280	0	2008
3398	1	1	249	97	2008
3399	1	0	0	0	0
3400	1	1	250	96	2008
3401	1	2	275	94	2008
3402	1	1	266	98	2006
3403	1	1	247	0	2005
3404	1	1	238	94	2007
3405	1	1	274	88	2005
3406	1	1	247	91	2008
3407	2	1	286	102	2005
3408	1	2	299	86	2008
3409	1	1	249	88	2009
3410	1	1	296	94	2007
3411	1	1	238	94	2007
3412	1	2	246	0	2008
3413	1	1	237	92	2009
3414	1	2	0	98	2007
3415	1	2	272	0	2007
3416	1	1	298	94	2006
3417	1	1	261	97	2008
3418	1	2	237	94	2005
3419	1	2	0	0	0
3420	1	1	272	98	2006
3421	1	1	242	100	2007
3422	1	2	245	94	2007
3423	1	2	278	0	2007
3424	1	1	271	92	2006
3425	1	2	250	0	2007
3426	1	1	272	0	2006
3427	1	1	237	88	0
3428	1	2	245	94	2006
3429	1	1	248	89	2009
3430	1	2	237	0	2005
3431	1	2	0	86	2009
3432	1	1	0	96	2008
3433	1	1	248	107	2006
3434	1	1	267	97	2007
3435	5	2	297	0	0
3436	1	1	290	96	2008
3437	1	2	249	86	2009
3438	1	2	272	86	2009
3439	1	1	245	0	2006
3440	1	1	290	97	2008
3441	1	2	281	94	2005
3442	1	1	249	91	2005
3443	1	1	250	98	2007
3444	1	1	237	0	2006
3445	1	2	247	96	2007
3446	1	2	238	108	2006
3447	1	2	259	96	2007
3448	1	2	237	0	2006
3449	1	2	276	97	2008
3450	1	2	249	0	2006
3451	1	1	247	94	2007
3452	1	1	290	92	2009
3453	1	1	249	98	2005
3454	1	1	275	112	2007
3455	2	2	282	0	2004
3456	1	1	237	97	2008
3457	1	1	248	0	2005
3458	1	2	247	94	2006
3459	1	2	283	86	2009
3460	1	2	249	0	0
3461	1	1	247	97	2008
3462	1	1	249	97	2007
3463	1	1	237	97	2008
3464	1	2	249	0	2006
3465	1	2	245	96	2007
3466	1	1	249	0	2006
3467	1	1	237	92	2009
3468	1	1	272	94	2007
3469	1	1	285	97	2008
3470	1	2	246	93	2008
3471	1	2	261	0	2007
3472	5	2	296	103	2007
3473	1	2	271	95	2007
3474	1	1	299	97	2008
3475	1	1	247	94	2007
3476	1	1	249	94	2006
3477	1	2	249	98	2008
3478	1	1	272	0	2006
3479	1	1	249	102	2007
3480	1	1	283	96	2007
3481	1	1	291	97	2008
3482	1	1	291	94	2007
3483	1	1	272	98	2006
3484	1	2	297	86	2009
3485	1	2	235	98	2007
3486	1	1	237	98	2007
3487	1	0	0	0	2006
3488	1	2	248	97	2007
3489	1	1	237	98	2006
3490	1	1	298	94	2007
3491	1	1	250	97	2007
3492	1	1	250	87	2009
3493	1	1	275	0	2007
3494	1	0	246	0	2006
3495	1	2	286	0	2006
3496	1	1	243	94	2006
3497	1	2	237	95	2009
3498	1	1	291	92	2008
3499	1	2	278	0	2006
3500	1	1	291	94	2007
3501	1	2	274	0	2007
3502	1	1	243	0	2008
3503	1	1	291	0	2007
3504	1	2	247	0	2009
3505	1	1	237	94	2007
3506	1	2	270	96	2008
3507	2	2	270	0	2004
3508	1	1	249	98	2006
3509	1	1	238	102	2006
3510	1	1	244	97	2008
3511	1	1	250	97	2008
3512	1	1	250	91	2008
3513	1	1	238	0	2008
3514	1	1	0	94	2007
3515	1	2	281	0	2006
3516	1	1	261	97	0
3517	2	2	290	0	2005
3518	1	1	276	0	2006
3519	1	2	278	94	2006
3520	1	1	245	98	2008
3521	1	1	285	0	2006
3522	1	2	293	0	0
3523	1	2	252	94	2006
3524	1	1	260	92	2006
3525	1	1	291	98	2006
3526	1	1	238	0	2008
3527	1	1	247	96	2007
3528	1	2	254	0	2006
3529	1	2	270	0	2006
3530	1	1	237	97	2007
3531	1	1	272	0	2006
3532	1	2	268	0	2007
3533	1	1	275	0	2006
3534	1	2	271	94	2006
3535	5	1	0	0	2008
3536	1	1	243	0	2006
3537	1	1	244	90	0
3538	1	2	268	0	2006
3539	1	1	275	97	2008
3540	1	1	271	90	2009
3541	1	1	290	98	2007
3542	1	0	0	0	0
3543	1	0	0	0	2006
3544	1	1	293	97	2009
3545	1	1	291	92	2008
3546	1	1	248	97	2008
3547	5	1	296	0	2007
3548	1	1	285	0	0
3549	1	1	247	0	2006
3550	1	1	283	0	2007
3551	1	2	270	86	0
3552	1	1	293	94	2008
3553	2	1	237	0	2005
3554	5	0	296	0	2006
3555	1	1	275	92	2009
3556	1	2	282	98	2006
3557	1	1	276	94	2007
3558	1	2	248	0	2008
3559	1	0	290	97	2006
3560	1	0	0	0	0
3561	1	1	249	0	2008
3562	1	1	237	92	2008
3563	1	1	277	97	2008
3564	1	1	283	98	0
3565	2	1	271	95	2004
3566	1	1	247	95	2008
3567	1	2	237	95	2008
3568	1	2	260	94	2007
3569	1	2	275	94	2007
3570	2	1	256	0	2005
3571	1	1	239	94	2006
3572	1	1	252	0	2008
3573	1	2	297	98	2007
3574	2	1	0	0	2005
3575	1	1	272	0	2008
3576	5	2	247	105	2005
3577	1	1	243	0	2006
3578	2	1	0	0	2004
3579	1	1	291	97	2008
3580	1	2	0	0	2008
3581	1	1	277	94	2007
3582	1	1	299	97	2008
3583	1	1	250	95	2007
3584	1	2	266	0	2005
3585	1	1	287	98	2006
3586	1	2	299	0	2008
3587	1	1	243	91	2009
3588	1	2	272	86	2009
3589	1	2	281	98	2006
3590	1	1	299	92	2008
3591	1	1	237	92	2009
3592	1	2	243	94	2007
3593	1	2	285	97	2007
3594	1	1	250	94	2007
3595	1	1	256	0	2006
3596	1	2	237	0	2009
3597	1	1	244	98	2008
3598	2	1	277	0	2004
3599	2	2	274	0	2005
3600	1	1	254	96	2007
3601	1	1	0	92	2008
3602	1	1	293	97	2008
3603	1	1	243	0	2006
3604	1	1	237	89	2009
3605	1	0	0	97	2007
3606	1	2	290	0	2008
3607	1	2	276	97	2007
3608	1	2	249	0	2006
3609	1	1	0	0	2007
3610	1	1	277	96	0
3611	1	2	248	95	2007
3612	2	1	261	0	2005
3613	1	2	241	97	2006
3614	1	1	0	0	2005
3615	1	1	267	0	2007
3616	1	1	277	97	2007
3617	1	1	237	0	2006
3618	1	1	275	90	2009
3619	1	1	245	100	2006
3620	1	2	274	0	0
3621	1	1	276	92	2007
3622	1	1	276	97	2008
3623	1	1	299	0	2006
3624	1	2	244	104	2006
3625	1	0	254	97	2007
3626	1	1	250	0	2006
3627	1	1	237	92	2009
3628	1	1	297	92	2009
3629	1	2	270	86	2008
3630	1	2	275	86	2009
3631	1	1	243	96	2008
3632	1	1	237	0	2006
3633	1	1	237	87	2009
3634	1	2	267	97	2008
3635	1	1	298	97	2008
3636	1	2	237	93	2009
3637	1	1	237	90	2008
3638	1	1	297	92	2008
3639	2	2	288	0	2005
3640	1	2	250	93	2008
3641	1	2	238	95	2008
3642	1	1	283	94	2007
3643	1	1	249	90	2009
3644	1	1	298	0	2006
3645	1	2	271	86	2009
3646	1	2	271	94	2007
3647	1	1	291	0	2008
3648	2	1	268	111	2005
3649	1	1	237	88	2009
3650	1	1	0	96	2008
3651	1	1	243	94	2007
3652	1	2	0	86	2009
3653	1	1	237	88	2008
3654	1	0	0	0	0
3655	1	1	297	90	2008
3656	1	1	283	0	2007
3657	1	2	289	0	2008
3658	1	1	275	92	2009
3659	1	1	272	98	2008
3660	2	1	294	0	0
3661	5	1	0	0	0
3662	1	1	268	0	2008
3663	1	0	0	0	0
3664	1	1	297	96	2008
3665	1	2	237	95	2009
3666	1	2	247	94	2007
3667	1	1	238	0	2006
3668	1	2	238	94	2007
3669	1	1	248	97	2008
3670	1	1	283	0	2006
3671	1	1	0	0	2006
3672	2	2	242	0	2005
3673	1	2	283	0	2009
3674	1	1	291	94	2007
3675	1	2	242	0	2005
3676	1	1	299	0	2008
3677	1	2	237	0	2006
3678	1	1	238	92	2007
3679	1	1	271	89	2009
3680	2	1	276	0	2004
3681	1	2	260	104	2006
3682	1	2	237	93	2009
3683	1	0	294	0	2006
3684	1	1	249	88	2009
3685	1	1	291	97	2008
3686	1	1	283	96	2007
3687	1	1	243	98	2006
3688	1	1	270	88	2008
3689	1	2	275	0	2006
3690	1	1	246	0	2007
3691	1	2	260	94	2007
3692	1	1	249	92	2007
3693	1	1	243	92	2008
3694	2	1	245	92	2005
3695	5	2	296	0	2007
3696	1	1	248	102	2006
3697	1	1	254	94	2007
3698	1	1	241	0	2007
3699	1	1	285	98	2006
3700	1	1	237	113	2005
3701	1	1	248	91	2009
3702	1	1	298	94	2007
3703	1	1	247	94	2007
3704	2	1	284	100	2005
3705	1	1	237	92	2009
3706	1	1	248	0	2007
3707	1	1	237	102	2007
3708	1	2	248	86	2009
3709	2	1	272	0	2004
3710	1	2	298	97	2008
3711	1	2	243	97	0
3712	4	1	0	0	0
3713	1	2	274	0	2008
3714	1	2	237	0	2005
3715	1	2	275	0	2005
3716	2	1	237	98	2005
3717	1	2	250	95	2008
3718	1	2	279	0	0
3719	1	1	238	0	2006
3720	1	1	260	98	2008
3721	1	1	275	94	2006
3722	1	1	250	87	2009
3723	2	1	238	0	2004
3724	1	1	291	0	0
3725	2	1	268	0	2005
3726	1	1	249	0	2006
3727	1	1	291	98	2006
3728	2	1	0	0	2005
3729	2	1	247	0	2005
3730	2	2	278	0	2005
3731	1	1	247	98	2007
3732	1	2	288	97	2008
3733	1	1	249	102	2006
3734	1	1	291	90	2008
3735	1	2	0	108	2007
3736	1	1	250	94	2007
3737	1	2	270	0	2007
3738	1	1	0	97	0
3739	1	1	277	97	2008
3740	1	1	250	92	0
3741	1	2	277	94	2006
3742	1	0	237	0	0
3743	1	2	0	0	0
3744	1	2	249	93	2008
3745	1	2	0	98	0
3746	1	1	245	95	2008
3747	1	2	286	86	2009
3748	1	1	249	0	2007
3749	1	1	283	97	2008
3750	2	1	268	0	0
3751	1	1	254	102	2006
3752	1	1	268	0	2006
3753	1	1	298	89	2009
3754	1	2	270	93	2008
3755	1	2	238	94	2007
3756	1	2	261	94	2007
3757	1	1	237	97	2008
3758	1	1	243	91	2009
3759	1	2	282	94	2007
3760	1	1	277	92	2008
3761	1	2	266	97	2008
3762	1	0	237	93	0
3763	1	1	260	0	2008
3764	1	2	270	0	2005
3765	2	1	249	100	2005
3766	1	1	247	92	2007
3767	1	1	297	88	2009
3768	1	2	242	93	2008
3769	1	1	252	98	2006
3770	1	1	248	97	2008
3771	1	1	249	97	2008
3772	1	1	283	92	2009
3773	1	2	294	0	2006
3774	1	2	238	94	2006
3775	1	1	0	87	2008
3776	1	1	276	98	2007
3777	1	1	0	94	2005
3778	1	1	291	97	2008
3779	1	1	298	94	2006
3780	1	0	286	0	0
3781	1	1	249	0	2007
3782	1	1	266	96	2008
3783	1	1	249	92	2009
3784	1	1	243	97	2008
3785	1	2	279	97	2008
3786	2	1	286	0	2004
3787	1	1	0	0	2008
3788	1	1	237	0	2007
3789	1	2	274	0	2010
3790	2	1	280	98	2005
3791	1	1	247	92	2009
3792	2	1	249	0	2005
3793	1	1	237	97	2008
3794	1	1	264	0	2008
3795	1	2	259	0	2006
3796	1	1	238	94	2007
3797	2	0	277	0	2005
3798	1	1	292	90	2009
3799	1	1	249	92	2007
3800	1	1	249	97	2007
3801	1	1	243	97	2007
3802	1	2	267	86	2009
3803	1	1	249	92	2008
3804	1	1	237	0	2006
3805	1	1	237	97	2008
3806	1	1	249	102	2007
3807	1	0	280	0	0
3808	1	1	297	0	2007
3809	1	1	299	0	2006
3810	1	1	277	88	2009
3811	1	1	268	97	2007
3812	1	1	237	90	2009
3813	1	2	247	98	2007
3814	2	1	277	0	2005
3815	2	1	0	0	2005
3816	2	1	247	0	2005
3817	1	1	272	95	2008
3818	1	2	244	93	0
3819	1	1	242	0	2006
3820	1	1	283	89	2009
3821	1	2	297	0	0
3822	1	1	247	91	2009
3823	2	1	284	107	2003
3824	1	1	237	98	2007
3825	2	2	271	94	2005
3826	1	0	0	0	0
3827	1	2	247	0	2006
3828	1	0	238	94	0
3829	1	1	276	94	2007
3830	1	1	252	97	2008
3831	1	1	244	97	2008
3832	2	1	275	0	2005
3833	1	1	266	97	2008
3834	1	1	282	0	0
3835	1	2	272	98	2007
3836	1	1	237	97	2008
3837	1	1	271	92	2009
3838	1	1	247	0	2007
3839	1	1	297	94	2007
3840	1	1	261	91	2009
3841	1	1	237	97	2008
3842	1	1	267	90	2009
3843	1	1	297	0	2007
3844	1	1	245	94	2006
3845	1	2	247	93	2007
3846	1	2	281	0	2006
3847	1	1	248	98	2006
3848	1	1	237	92	2008
3849	1	1	298	92	2007
3850	2	1	0	0	2004
3851	2	1	279	0	2004
3852	1	1	250	98	2007
3853	1	2	247	86	2009
3854	5	0	0	0	0
3855	5	1	296	0	2007
3856	1	1	0	91	2008
3857	5	2	296	0	0
3858	1	2	247	98	2007
3859	1	1	238	97	2007
3860	1	2	260	95	2007
3861	1	2	245	0	2005
3862	2	2	247	0	2005
3863	1	2	274	94	2006
3864	1	1	0	0	2005
3865	1	1	277	97	2007
3866	1	1	297	94	2007
3867	1	1	237	94	2007
3868	1	1	275	94	2007
3869	1	2	244	93	2009
3870	1	1	249	98	2008
3871	1	1	250	88	2009
3872	1	1	272	96	2006
3873	2	1	247	98	2005
3874	1	2	242	94	2006
3875	1	0	0	96	0
3876	2	1	243	0	2005
3877	5	1	297	0	2008
3878	1	1	277	98	2006
3879	1	1	291	0	0
3880	1	2	282	0	2007
3881	1	1	252	0	2007
3882	2	1	290	0	2005
3883	1	1	295	92	2008
3884	1	1	290	92	2008
3885	1	2	292	86	2009
3886	1	1	0	91	2008
3887	1	2	243	97	2008
3888	1	2	271	104	2005
3889	1	1	248	98	2007
3890	1	2	271	94	2006
3891	1	1	251	92	2007
3892	1	2	242	0	2006
3893	1	1	236	0	2007
3894	1	1	275	97	2007
3895	1	1	296	90	2009
3896	1	0	0	0	0
3897	1	1	0	96	2008
3898	1	2	275	97	2008
3899	1	1	267	95	2008
3900	5	1	296	0	2007
3901	1	2	248	0	2006
3902	1	2	254	0	2006
3903	1	2	0	0	0
3904	1	1	272	0	2007
3905	1	1	248	96	2008
3906	1	1	0	92	2007
3907	5	2	250	0	2006
3908	1	1	249	0	2007
3909	1	1	0	94	2006
3910	1	1	0	94	2006
3911	1	1	276	98	2006
3912	1	2	0	94	2008
3913	1	1	280	102	2006
3914	1	1	297	0	2006
3915	1	0	0	94	2006
3916	1	2	0	0	2008
3917	5	1	296	0	2006
3918	1	2	275	94	2006
3919	1	2	277	101	2006
3920	1	2	285	94	2007
3921	1	1	244	0	2007
3922	1	1	277	0	2008
3923	1	1	238	92	2009
3924	1	1	291	90	2009
3925	2	2	278	0	2003
3926	1	1	261	0	2006
3927	1	1	249	0	2008
3928	1	2	270	86	2009
3929	1	1	297	0	2007
3930	1	1	0	97	0
3931	1	1	243	111	2006
3932	2	1	284	100	2005
3933	1	1	249	94	2005
3934	1	2	0	0	2009
3935	1	2	297	86	2009
3936	1	1	291	92	2009
3937	1	1	275	0	2006
3938	2	1	296	0	2005
3939	1	1	256	0	2007
3940	1	1	275	98	2008
3941	1	1	237	92	2009
3942	1	1	237	92	2008
3943	1	1	0	92	2008
3944	1	2	250	97	2008
3945	1	1	250	98	2006
3946	1	2	275	86	0
3947	1	2	247	97	2007
3948	1	1	261	94	2006
3949	1	1	237	98	2008
3950	1	1	242	92	2009
3951	1	1	275	94	2007
3952	2	2	270	94	2005
3953	2	1	250	112	2005
3954	1	2	275	97	2008
3955	1	2	299	94	2007
3956	2	1	247	99	2005
3957	2	1	284	0	2004
3958	2	2	0	108	2003
3959	1	0	0	0	0
3960	1	2	275	0	2008
3961	1	2	283	94	2006
3962	1	1	277	92	2008
3963	1	2	275	0	2006
3964	2	2	249	0	2005
3965	2	2	286	98	2005
3966	1	2	270	96	2008
3967	1	1	266	97	2007
3968	1	1	237	98	2006
3969	1	1	245	0	2008
3970	1	1	247	94	2006
3971	2	1	296	0	2005
3972	1	1	0	90	2009
3973	1	1	0	0	2009
3974	1	1	250	96	2007
3975	2	2	293	98	2005
3976	1	1	275	89	2008
3977	1	1	0	97	0
3978	2	0	0	0	0
3979	1	1	237	97	2008
3980	1	2	281	98	2005
3981	1	1	245	96	2006
3982	1	1	249	97	2007
3983	1	1	291	0	0
3984	1	1	298	91	2009
3985	2	2	275	0	2004
3986	2	1	250	0	2005
3987	1	1	237	92	2008
3988	1	1	0	112	2006
3989	2	2	249	0	2005
3990	1	0	281	97	2008
3991	1	1	0	94	2007
3992	1	1	237	90	2008
3993	1	2	275	0	2006
3994	1	1	244	98	2007
3995	1	1	277	94	0
3996	1	1	248	0	2006
3997	1	1	283	97	2008
3998	1	2	254	0	2006
3999	1	1	292	98	2006
4000	1	2	293	93	0
4001	1	1	266	0	2005
4002	1	1	249	88	2009
4003	1	0	0	0	0
4004	1	2	246	97	2008
4005	1	2	267	93	2009
4006	1	1	249	91	2009
4007	1	1	0	94	2007
4008	1	1	275	97	2008
4009	1	1	248	112	2006
4010	1	2	0	93	2006
4011	1	1	250	97	2008
4012	1	2	274	104	2006
4013	1	2	277	94	2006
4014	5	1	0	0	2007
4015	1	1	273	0	2008
4016	1	1	276	0	2008
4017	1	1	271	0	2006
4018	1	2	281	98	2007
4019	1	1	0	0	2005
4020	1	2	250	0	2006
4021	1	2	237	0	2008
4022	1	1	237	94	2007
4023	1	2	248	0	2006
4024	1	1	267	94	2007
4025	1	1	291	91	2008
4026	1	1	0	94	2006
4027	1	1	276	92	2007
4028	1	1	0	97	2008
4029	1	2	275	86	2009
4030	1	2	270	86	2008
4031	1	1	298	0	2006
4032	1	1	291	91	2008
4033	1	2	250	0	2008
4034	1	1	249	89	2007
4035	1	1	246	97	2008
4036	1	1	275	91	2009
4037	1	1	268	97	2008
4038	1	1	290	94	2006
4039	1	1	250	98	2006
4040	1	1	237	97	2008
4041	1	2	250	95	0
4042	2	1	237	0	2005
4043	2	1	247	0	2005
4044	1	2	272	97	2008
4045	2	1	249	94	2005
4046	1	2	293	96	2008
4047	1	2	271	95	2007
