id	status	gender	major	dorm	year
1	1	2	320	87	2008
2	5	1	278	105	0
3	1	2	268	88	2005
4	1	1	325	86	2009
5	1	2	268	0	2006
6	1	2	339	89	2008
7	1	1	248	0	0
8	1	2	254	89	2005
9	1	2	263	87	2009
10	1	1	250	111	2006
11	1	1	251	0	2008
12	1	2	254	0	2008
13	1	1	254	0	2005
14	1	1	250	86	2007
15	1	2	262	88	2006
16	1	2	307	86	2008
17	1	2	268	88	2008
18	1	2	339	88	2005
19	1	2	339	0	2007
20	1	2	250	87	2009
21	1	2	260	0	2005
22	1	0	253	86	2008
23	1	2	260	88	2007
24	1	2	268	86	2005
25	2	1	251	0	2005
26	1	2	251	0	2005
27	1	1	268	86	2009
28	1	2	263	0	2005
29	1	2	339	113	2007
30	1	1	250	86	2007
31	1	1	252	106	2006
32	1	2	262	88	2008
33	1	1	303	0	2007
34	1	2	339	92	0
35	1	1	251	89	2005
36	1	2	339	88	0
37	1	2	263	88	2008
38	1	2	254	0	2007
39	1	2	306	88	2007
40	1	2	254	87	2008
41	5	2	0	0	0
42	1	1	328	0	2007
43	1	2	253	86	2008
44	1	2	306	0	0
45	1	2	268	94	2008
46	1	1	0	0	2007
47	1	2	273	88	0
48	1	1	257	89	2006
49	2	2	262	0	2000
50	1	1	325	0	2007
51	2	1	316	106	2005
52	1	2	254	0	0
53	2	2	251	0	0
54	1	2	273	88	2009
55	1	2	286	0	2009
56	1	2	262	87	2009
57	1	2	249	0	2005
58	1	2	339	0	2006
59	1	2	260	88	0
60	1	2	262	0	2006
61	1	1	265	0	2006
62	1	2	268	0	2006
63	1	1	278	88	2009
64	1	2	263	88	2009
65	1	2	250	88	2008
66	5	2	306	0	0
67	1	1	278	0	0
68	1	2	339	88	2007
69	1	2	254	0	2007
70	1	2	252	88	2008
71	2	1	249	0	2005
72	1	2	268	87	2007
73	1	2	339	94	2006
74	1	2	339	89	2007
75	1	2	286	0	0
76	1	2	320	0	2008
77	1	2	248	0	2006
78	1	2	273	88	2009
79	2	2	252	0	2004
80	1	0	0	0	0
81	1	2	0	0	0
82	1	0	0	87	2008
83	1	2	251	0	0
84	1	2	339	87	2009
85	1	2	339	0	0
86	1	2	251	0	2006
87	1	2	339	0	2008
88	1	2	252	87	2009
89	1	1	273	110	0
90	1	1	307	88	2008
91	1	2	339	0	0
92	1	2	261	88	2008
93	1	2	339	0	2007
94	2	2	339	0	2005
95	2	1	254	0	2004
96	1	1	252	107	2006
97	1	2	262	88	2009
98	1	2	260	88	0
99	1	2	251	0	2006
100	5	1	286	0	2005
101	1	2	339	89	2008
102	1	2	0	0	0
103	1	2	251	0	2008
104	1	2	339	0	2006
105	1	1	278	88	2009
106	1	1	288	105	2007
107	1	1	273	0	2007
108	1	2	339	89	2007
109	2	2	268	0	2005
110	1	2	262	87	2008
111	1	2	254	0	2007
112	1	2	251	86	2009
113	2	2	254	0	2004
114	1	2	262	0	0
115	1	2	261	87	2005
116	1	2	339	86	2008
117	1	2	339	0	2007
118	1	2	339	86	0
119	1	2	260	0	2006
120	1	2	339	0	2004
121	1	2	253	88	2005
122	1	2	268	88	2008
123	1	2	269	0	2006
124	1	2	251	0	2007
125	1	1	273	88	2005
126	1	1	268	0	2008
127	2	2	251	0	2004
128	1	2	249	0	0
129	2	2	339	100	2005
130	1	2	339	88	2008
131	1	2	273	0	2008
132	1	1	248	88	2008
133	1	0	250	107	0
134	1	2	252	89	2009
135	1	2	252	88	0
136	1	2	251	0	2007
137	1	2	249	86	2008
138	1	2	307	0	0
139	1	1	278	0	2006
140	1	1	249	0	0
141	1	2	261	88	2009
142	1	2	273	86	2009
143	1	2	254	92	2006
144	1	1	249	0	2007
145	1	1	249	0	2008
146	5	1	293	0	0
147	1	2	254	0	2008
148	1	2	251	0	0
149	1	2	260	87	0
150	1	1	308	0	2006
151	1	1	253	0	0
152	1	2	262	0	2007
153	1	1	286	0	2007
154	1	2	250	88	2009
155	1	2	320	0	2008
156	1	2	339	88	0
157	1	2	339	0	2007
158	1	2	286	88	0
159	1	1	260	0	2007
160	1	2	269	0	2006
161	1	2	269	0	0
162	1	1	251	88	2009
163	1	1	252	108	2006
164	1	2	252	0	2008
165	1	1	308	0	0
166	1	2	268	87	2008
167	1	2	251	0	2008
168	1	2	309	0	2007
169	1	2	268	87	2005
170	4	2	251	0	2003
171	2	1	0	110	0
172	1	1	250	0	0
173	1	2	339	0	2006
174	1	1	251	111	2007
175	1	0	303	0	2007
176	1	2	268	88	2007
177	1	2	262	88	2008
178	1	2	262	88	2009
179	1	2	339	87	2007
180	1	2	0	87	0
181	1	2	268	88	0
182	1	2	268	88	2007
183	1	1	273	87	2009
184	1	2	254	103	2007
185	1	2	339	0	2006
186	1	2	251	96	2007
187	1	2	254	0	2007
188	1	2	251	0	2008
189	1	2	288	0	2006
190	1	2	268	0	0
191	1	1	0	86	2008
192	1	2	339	88	2009
193	1	2	339	0	2006
194	2	2	339	0	0
195	1	2	253	0	2005
196	1	2	0	88	2008
197	2	2	269	0	2004
198	1	2	339	91	0
199	2	2	254	0	2004
200	1	2	258	88	0
201	1	2	268	86	2008
202	1	0	0	0	0
203	1	1	249	88	2009
204	2	0	286	0	2005
205	1	1	251	88	2009
206	1	2	339	100	2008
207	1	2	262	86	2005
208	1	2	339	88	0
209	1	2	260	88	0
210	1	2	339	88	2010
211	1	2	250	0	2007
212	1	2	339	87	2008
213	1	2	331	88	2008
214	1	2	261	87	2008
215	1	0	0	0	0
216	1	2	339	0	2007
217	1	2	252	0	0
218	1	2	339	87	0
219	1	2	273	0	2007
220	1	2	251	0	2008
221	1	2	261	88	0
222	1	2	254	0	0
223	1	2	236	88	0
224	1	2	339	113	2007
225	1	2	339	0	2008
226	1	1	249	86	2009
227	1	1	328	0	2006
228	1	2	268	0	2006
229	1	2	263	0	0
230	1	2	286	0	0
231	1	1	247	86	2006
232	1	2	328	0	2005
233	1	1	249	88	2009
234	1	2	268	0	2005
235	1	2	254	0	2008
236	1	2	320	86	0
237	1	2	339	0	2006
238	1	2	334	0	2007
239	1	2	261	87	0
240	1	1	251	88	2008
241	1	0	0	0	0
242	1	2	339	0	0
243	2	1	251	106	2003
244	1	2	339	0	0
245	1	2	275	0	2007
246	1	0	0	0	0
247	1	2	339	0	2005
248	1	2	254	92	2007
249	1	2	249	100	0
250	1	2	0	88	2009
251	1	2	339	88	2009
252	1	2	254	98	2007
253	1	0	339	113	0
254	1	2	339	0	2008
255	1	2	268	88	2008
256	1	2	268	0	2006
257	1	2	339	0	0
258	1	1	251	0	2007
259	2	2	0	0	0
260	1	2	254	89	2005
261	1	2	251	0	2006
262	1	2	306	87	2007
263	2	1	253	111	2004
264	1	2	273	88	2009
265	1	2	339	88	2008
266	1	2	254	0	2006
267	1	2	268	0	2005
268	1	1	251	89	2006
269	2	2	253	0	2005
270	1	2	250	0	0
271	1	1	306	107	2006
272	1	1	249	88	2008
273	1	2	260	88	2005
274	2	2	308	0	0
275	1	2	320	86	2007
276	1	2	334	0	0
277	1	1	339	106	2007
278	1	2	273	0	2008
279	1	2	320	0	2008
280	1	1	240	0	2008
281	1	2	254	92	0
282	2	2	339	113	2005
283	2	2	252	86	0
284	1	1	307	0	0
285	1	1	252	111	2006
286	1	2	339	0	2006
287	1	0	0	0	0
288	1	1	339	0	2007
289	2	2	261	0	2004
290	1	2	250	88	2009
291	1	2	262	0	2005
292	1	2	249	87	2008
293	1	2	339	0	2005
294	1	2	268	88	0
295	5	2	250	94	2006
296	1	2	251	0	2007
297	2	1	339	0	2004
298	2	2	339	96	2005
299	1	2	268	86	2008
300	5	2	247	0	2007
301	2	1	254	0	2005
302	1	2	249	0	2007
303	1	1	278	110	2006
304	1	2	250	113	2009
305	1	1	339	104	2007
306	1	1	251	0	0
307	1	2	339	101	2007
308	1	2	262	87	2008
309	1	2	339	86	2009
310	1	2	260	0	2008
311	1	2	251	88	2009
312	5	1	327	0	0
313	1	2	273	87	2007
314	1	2	339	88	2008
315	1	2	268	0	2006
316	1	1	249	108	2006
317	2	1	306	105	2005
318	1	2	335	0	2009
319	1	2	273	92	2006
320	1	1	240	0	2005
321	1	1	252	0	2007
322	1	2	268	101	2008
323	1	2	339	0	0
324	1	2	254	0	2005
325	1	2	268	88	2007
326	1	1	328	0	2007
327	2	2	306	0	2005
328	1	2	339	0	2007
329	1	2	246	86	2010
330	1	2	259	0	2007
331	1	2	268	88	2008
332	1	2	0	0	0
333	1	2	254	0	2006
334	1	2	251	0	2009
335	5	2	327	0	2005
336	1	2	260	0	2008
337	1	2	260	86	0
338	1	2	331	0	2008
339	1	2	0	87	0
340	1	2	255	99	2006
341	1	2	339	0	2008
342	1	1	278	107	2006
343	2	2	0	0	0
344	1	2	307	86	0
345	1	2	275	0	0
346	1	2	339	0	2007
347	1	1	339	0	2006
348	1	1	251	106	2007
349	1	2	339	92	0
350	1	2	339	0	2007
351	5	2	309	0	2010
352	1	2	268	88	0
353	1	2	339	88	2009
354	1	1	254	88	2009
355	1	2	262	88	0
356	2	2	252	0	2005
357	1	2	339	88	2005
358	1	2	339	93	2008
359	1	1	252	0	2008
360	1	2	273	89	2008
361	1	1	249	0	2007
362	1	1	250	88	2009
363	1	2	330	88	2008
364	2	2	0	0	0
365	1	1	0	0	2007
366	1	0	250	0	0
367	1	2	268	88	2008
368	1	1	249	0	2008
369	1	2	262	88	2008
370	1	2	278	0	0
371	2	2	254	0	2005
372	1	2	252	112	2007
373	1	2	269	88	2006
374	1	2	251	88	2009
375	1	2	339	0	0
376	1	2	339	88	2007
377	1	2	251	87	2008
378	1	2	254	99	2010
379	1	2	275	0	2006
380	2	2	328	0	2004
381	1	0	0	0	0
382	2	1	252	108	2005
383	1	2	249	0	2009
384	1	2	252	87	2009
385	1	2	263	0	2007
386	1	2	306	86	0
387	1	2	261	0	2007
388	1	2	339	0	2008
389	1	2	251	93	2007
390	2	2	268	0	2005
391	1	2	339	0	0
392	1	2	339	0	2008
393	1	2	278	87	2010
394	1	2	254	88	2008
395	1	2	339	87	2009
396	1	2	273	86	2008
397	1	2	260	87	2009
398	1	2	260	88	2009
399	1	2	261	112	2006
400	1	2	269	0	2006
401	1	1	0	0	0
402	1	2	339	0	2005
403	1	2	275	0	2006
404	1	1	267	0	2008
405	1	0	0	0	0
406	1	1	249	0	0
407	1	2	330	0	0
408	1	2	254	0	2007
409	1	2	339	88	2010
410	1	2	339	88	2009
411	1	2	339	0	2009
412	1	1	254	0	2005
413	1	2	268	88	2009
414	1	2	268	0	2007
415	1	2	260	87	2008
416	1	1	0	86	2008
417	2	2	273	0	2005
418	1	2	263	86	2009
419	1	2	254	98	2008
420	2	1	288	110	2005
421	2	2	250	0	2005
422	1	1	253	88	2009
423	1	2	0	102	2007
424	2	1	0	0	2005
425	1	2	339	0	2008
426	2	2	0	0	0
427	2	2	254	0	2004
428	1	2	260	0	0
429	1	2	268	0	2006
430	1	2	251	0	0
431	1	1	330	86	2008
432	1	1	0	0	2008
433	1	2	339	0	2006
434	2	1	322	0	2004
435	1	2	262	86	2004
436	1	2	250	0	2006
437	1	2	306	89	2007
438	1	1	254	0	2007
439	1	2	261	0	0
440	1	1	249	0	2008
441	1	2	250	88	2006
442	1	1	251	0	2008
443	1	2	252	0	2008
444	1	2	252	0	2006
445	1	1	251	0	0
446	1	2	254	89	2006
447	1	1	252	88	2009
448	1	1	249	87	2005
449	1	2	278	100	2006
450	1	1	278	0	2007
451	1	2	260	88	2008
452	2	1	0	0	2003
453	1	0	0	0	0
454	2	1	288	0	2005
455	1	2	339	96	2007
456	1	2	249	0	0
457	1	2	262	87	2008
458	1	2	339	0	2006
459	1	2	319	87	2008
460	1	1	254	0	2006
461	1	2	325	87	2004
462	1	2	269	87	2009
463	1	1	328	86	2009
464	1	1	251	109	0
465	1	1	252	88	2009
466	1	2	0	87	2008
467	1	2	249	0	0
468	1	2	293	89	2008
469	1	2	339	0	2008
470	2	2	339	0	2005
471	1	2	284	0	2010
472	1	1	306	0	0
473	1	2	273	99	2008
474	1	2	254	0	2006
475	2	2	251	0	2005
476	5	2	251	0	2006
477	2	1	252	0	2005
478	1	2	252	0	2006
479	1	2	253	0	0
480	1	1	252	0	2007
481	1	2	261	88	2010
482	1	1	339	86	2005
483	1	2	273	87	2005
484	1	2	262	0	2007
485	1	2	254	86	0
486	1	2	339	87	2007
487	1	2	337	0	0
488	2	2	339	88	2004
489	5	2	251	0	2006
490	1	1	304	88	2007
491	1	1	330	0	0
492	1	1	339	88	2009
493	1	2	262	87	2007
494	1	1	254	86	2004
495	1	2	251	0	2005
496	1	1	254	0	2006
497	2	1	253	0	2004
498	1	1	308	86	0
499	1	2	273	87	0
500	1	2	263	0	2006
501	1	1	273	0	2007
502	1	2	0	88	0
503	1	1	339	0	2006
504	1	2	339	0	2007
505	2	2	339	0	2004
506	1	1	260	86	2008
507	1	0	0	0	0
508	2	1	327	0	2004
509	1	2	339	87	0
510	1	1	250	88	0
511	2	2	269	0	2005
512	1	2	249	93	0
513	1	1	325	108	0
514	1	1	251	0	2006
515	1	1	250	105	2006
516	1	2	339	87	2009
517	1	2	320	90	2007
518	1	2	261	88	2009
519	1	2	254	88	2005
520	1	2	262	0	2006
521	1	2	261	0	2008
522	2	2	254	92	2003
523	1	0	0	0	0
524	1	2	339	0	2006
525	1	2	308	87	2008
526	1	2	249	0	0
527	1	2	268	0	2007
528	1	2	339	0	2007
529	1	2	261	86	2008
530	1	2	251	0	2008
531	1	1	254	0	2006
532	1	2	262	88	2009
533	1	2	250	88	2006
534	1	2	260	87	2008
535	1	1	339	88	2007
536	1	2	339	87	2008
537	1	2	250	86	2004
538	1	2	339	0	2006
539	1	2	339	88	2005
540	1	2	252	0	2007
541	1	1	251	0	2006
542	1	2	252	88	2008
543	1	2	260	0	2008
544	1	0	0	0	0
545	2	1	339	0	0
546	1	1	288	88	0
547	1	0	0	0	0
548	5	2	251	99	2006
549	1	0	267	109	2007
550	2	2	339	100	2005
551	1	2	273	88	2009
552	1	2	260	0	2009
553	1	2	254	0	2006
554	1	2	339	0	2007
555	1	0	0	0	0
556	1	1	0	86	2009
557	1	2	254	0	2008
558	5	1	252	0	0
559	1	2	254	99	0
560	1	2	273	87	2008
561	1	2	252	97	2006
562	1	2	339	0	0
563	1	2	328	88	2008
564	1	2	268	88	2009
565	1	2	339	88	2009
566	1	2	269	88	2009
567	1	2	339	87	2009
568	1	2	255	98	2006
569	1	2	251	87	2008
570	1	2	269	0	2007
571	2	1	251	105	2003
572	2	1	252	110	0
573	1	2	0	0	2010
574	1	2	273	87	0
575	1	2	339	86	2009
576	1	2	339	0	2007
577	1	2	252	0	2005
578	1	1	251	0	2008
579	1	1	252	105	2008
580	1	1	249	112	2005
581	1	2	0	0	0
582	1	2	268	0	2009
583	2	1	253	0	2004
584	1	2	251	0	2008
585	1	2	339	88	2009
586	1	1	251	0	2008
587	1	2	325	88	2008
588	1	2	251	0	0
589	1	2	254	0	2006
590	1	0	0	0	0
591	1	1	252	89	0
592	2	2	268	0	2005
593	1	2	334	88	2009
594	1	2	251	0	2007
595	1	2	251	101	2007
596	1	2	273	88	2008
597	1	1	249	0	2009
598	1	1	308	87	2008
599	1	2	251	0	2007
600	2	1	252	106	2005
601	2	2	278	0	0
602	1	2	286	0	2007
603	1	0	0	0	0
604	2	0	0	0	0
605	1	2	268	88	2008
606	1	2	339	0	2006
607	1	2	337	87	2009
608	1	2	334	0	2006
609	1	2	339	0	0
610	1	2	339	0	2007
611	1	2	339	87	2009
612	1	0	0	0	0
613	1	1	254	87	2009
614	1	1	339	0	2008
615	1	2	0	86	0
616	1	0	0	0	0
617	1	2	339	0	0
618	1	2	339	87	2008
619	1	2	339	0	0
620	1	1	251	111	2008
621	1	2	268	0	0
622	1	2	320	88	2007
623	1	1	249	86	2008
624	1	2	268	0	2008
625	2	1	249	0	2005
626	1	1	257	86	2007
627	2	1	252	0	2005
628	5	1	250	0	2009
629	2	2	254	0	2005
630	1	2	339	0	2004
631	1	1	251	108	2007
632	1	2	250	88	2009
633	1	1	289	108	2005
634	1	2	254	102	2006
635	1	2	339	87	2006
636	1	1	250	87	0
637	1	2	255	0	2009
638	1	1	286	0	0
639	1	2	339	88	2007
640	1	1	254	0	2005
641	1	2	275	86	0
642	2	1	0	0	0
643	1	2	339	0	2007
644	1	2	339	87	0
645	5	2	251	0	2005
646	1	2	339	0	2008
647	1	2	268	100	2007
648	1	2	339	0	0
649	1	2	275	101	2006
650	1	2	250	0	2007
651	1	2	263	88	2008
652	1	2	268	88	2010
653	1	2	268	0	2006
654	1	2	337	0	0
655	1	2	250	0	2007
656	1	2	268	0	0
657	2	2	262	89	2004
658	1	2	0	92	0
659	1	2	339	0	2007
660	2	1	308	0	2005
661	1	1	268	88	2009
662	1	2	262	87	2009
663	1	2	251	0	2006
664	1	1	278	0	2006
665	1	1	330	0	2006
666	1	1	254	0	0
667	1	2	252	0	2006
668	1	2	339	93	0
669	1	2	339	88	2007
670	1	2	254	0	2010
671	2	2	262	89	2005
672	1	0	0	0	0
673	1	2	275	0	2006
674	1	2	339	87	2009
675	2	2	339	0	2004
676	1	2	269	88	2006
677	1	1	308	86	2008
678	1	2	339	92	0
679	1	2	339	89	2007
680	1	1	251	0	2008
681	1	2	253	0	0
682	1	2	260	86	2007
683	1	2	273	87	2009
684	1	2	339	87	2008
685	1	1	339	107	2005
686	1	2	269	86	2008
687	1	2	339	87	2009
688	1	0	0	0	0
689	1	2	251	0	2009
690	1	2	339	0	2007
691	2	1	339	107	2004
692	1	1	286	0	2008
693	1	2	260	0	2008
694	1	2	252	0	0
695	1	2	254	87	2008
696	2	2	339	98	2004
697	1	1	328	0	0
698	1	2	339	88	2008
699	1	1	339	108	2006
700	1	2	339	99	2008
701	1	2	262	87	0
702	1	2	269	88	2009
703	1	2	0	0	0
704	5	1	251	107	2006
705	1	2	339	0	2007
706	1	1	249	89	2008
707	1	2	260	88	2009
708	1	1	284	0	2009
709	1	1	254	0	2007
710	1	2	339	88	2009
711	1	2	254	88	2007
712	1	2	304	0	2006
713	1	2	268	88	0
714	1	1	253	88	2008
715	1	2	278	87	0
716	1	2	268	89	0
717	1	2	260	0	0
718	1	2	339	0	2007
719	1	1	308	86	2006
720	1	0	0	0	0
721	1	1	256	0	2007
722	2	1	250	107	2005
723	1	2	254	0	2007
724	1	2	269	0	0
725	2	1	254	107	2005
726	5	2	260	0	2007
727	2	2	262	94	2004
728	2	2	339	87	2005
729	1	1	252	0	2008
730	1	1	254	89	0
731	1	2	262	0	2005
732	1	1	254	88	2008
733	1	1	249	0	2009
734	1	2	339	88	2009
735	2	2	262	87	2004
736	1	2	250	88	2009
737	2	1	251	0	2005
738	1	1	256	0	0
739	1	2	267	88	2008
740	1	1	251	0	2007
741	1	2	273	87	0
742	1	2	339	112	0
743	1	2	273	88	2009
744	1	2	337	0	2008
745	4	0	0	0	0
746	1	2	339	87	2008
747	1	1	289	87	0
748	1	2	339	102	2006
749	1	2	339	0	0
750	1	2	268	87	2005
751	1	2	339	0	2008
752	1	2	339	88	2009
753	1	1	256	88	2009
754	1	2	339	100	2006
755	1	2	339	0	0
756	1	2	250	88	2009
757	1	1	251	0	0
758	1	2	268	0	2006
759	1	1	252	87	2008
760	1	2	286	0	2006
761	2	1	268	107	2004
762	1	2	328	0	2006
763	1	2	251	0	2007
764	1	2	254	0	2008
765	1	2	254	0	2006
766	1	2	260	88	2008
767	1	2	308	0	2007
768	5	2	306	0	0
769	1	0	262	87	2009
770	1	2	254	0	2007
771	5	2	306	0	2005
772	1	1	268	86	2009
773	1	1	249	0	2007
774	2	1	308	0	0
775	1	2	248	89	2004
776	1	1	251	88	2007
777	1	2	339	0	2008
778	1	2	339	0	2005
779	1	2	339	87	2007
780	1	2	328	0	0
781	1	1	320	86	0
782	1	2	338	0	2006
783	1	2	254	0	2007
784	1	2	262	0	2006
785	2	2	262	0	2005
786	1	1	252	0	2007
787	1	2	320	87	2009
788	1	2	255	0	2005
789	1	2	268	88	2004
790	1	2	306	0	2007
791	1	2	251	0	2006
792	1	2	240	88	2009
793	1	2	339	0	0
794	1	2	331	88	2009
795	1	2	250	0	0
796	1	2	0	86	2008
797	1	2	252	88	2008
798	1	1	252	0	2007
799	1	2	339	0	2006
800	1	2	309	88	2008
801	1	2	269	0	0
802	1	1	254	87	2007
803	1	1	268	0	2006
804	1	2	254	0	2007
805	1	1	240	0	2006
806	1	2	260	86	2007
807	1	2	339	0	2007
808	1	1	278	0	2006
809	1	1	252	88	2008
810	1	2	268	87	2005
811	1	2	307	0	2005
812	1	2	251	0	2008
813	1	2	254	0	0
814	1	2	328	0	2005
815	1	2	339	0	2008
816	1	1	339	89	2007
817	1	2	308	0	2007
818	1	2	339	100	2008
819	1	2	339	88	2008
820	2	1	249	0	2005
821	1	1	273	0	2008
822	1	1	328	88	2007
823	2	2	262	0	2002
824	1	2	339	0	2007
825	1	1	339	87	2008
826	1	2	254	0	2007
827	1	2	339	0	2007
828	1	1	249	88	2007
829	1	2	254	87	2009
830	1	2	261	0	2005
831	1	2	260	86	0
832	2	2	278	88	2004
833	1	2	261	0	0
834	1	2	0	0	0
835	1	2	339	0	2004
836	1	2	261	88	2005
837	1	0	254	0	0
838	1	1	249	107	2006
839	1	1	339	88	2008
840	2	2	249	0	0
841	5	1	308	0	2006
842	1	2	292	0	2008
843	1	1	249	0	2009
844	1	2	251	0	2008
845	2	2	339	0	2005
846	1	2	273	88	0
847	2	1	256	0	2004
848	1	2	339	0	2006
849	1	2	339	0	2007
850	1	1	256	0	0
851	1	2	263	88	2008
852	5	2	236	0	2007
853	1	2	339	88	2008
854	1	2	339	88	2009
855	1	1	339	86	2006
856	1	2	268	89	2007
857	1	2	339	0	2008
858	1	2	306	0	2008
859	1	2	254	0	2008
860	1	0	0	0	0
861	2	1	249	107	2004
862	1	2	251	0	2009
863	1	2	339	87	2009
864	2	1	252	108	2004
865	1	2	273	0	0
866	1	2	262	88	2008
867	1	2	261	88	2007
868	1	2	260	86	2008
869	1	2	268	87	2009
870	2	2	260	0	2004
871	1	1	273	88	2009
872	1	1	250	88	0
873	1	2	263	0	2007
874	1	2	339	0	2008
875	1	2	252	87	2007
876	1	2	252	0	2006
877	5	1	329	0	2004
878	1	2	320	0	2007
879	1	2	339	0	2006
880	1	0	252	86	2008
881	1	2	339	0	0
882	1	0	0	0	0
883	2	2	254	100	2004
884	1	1	250	88	2009
885	1	2	254	87	2010
886	1	2	275	0	2006
887	1	2	251	0	0
888	1	2	339	87	2006
889	2	2	268	0	2005
890	2	2	288	98	2004
891	1	1	252	86	2008
892	1	2	306	88	2007
893	1	1	250	0	2007
894	1	1	266	0	2006
895	1	2	328	0	2005
896	1	2	306	99	2007
897	1	2	339	86	2008
898	1	2	254	0	2006
899	1	1	250	0	0
900	1	2	273	86	2009
901	1	2	262	0	2007
902	1	2	262	88	2006
903	1	1	239	104	0
904	1	2	262	89	2005
905	1	2	289	87	2009
906	1	1	320	87	2009
907	1	2	273	88	2008
908	1	2	339	0	2006
909	2	1	328	0	2005
910	1	2	268	0	2005
911	1	2	328	0	0
912	1	1	253	88	2008
913	1	2	250	88	0
914	1	1	278	0	2007
915	1	2	275	88	2008
916	1	2	251	89	2006
917	1	2	306	0	2006
918	1	1	273	0	2010
919	1	2	250	0	2008
920	1	2	278	86	0
921	2	1	250	108	2005
922	1	2	275	0	2006
923	1	2	268	89	2006
924	1	2	254	88	2007
925	1	2	268	87	2008
926	1	2	339	0	2005
927	1	2	0	0	0
928	1	2	252	88	2009
929	2	2	262	0	2005
930	1	2	251	88	2009
931	1	2	335	88	2008
932	1	2	260	87	2009
933	1	2	251	87	2005
934	1	2	306	0	2006
935	1	2	249	88	2007
936	1	2	339	0	2007
937	2	1	268	89	2005
938	1	2	339	88	2009
939	1	2	339	0	2005
940	1	2	339	0	2007
941	1	1	288	102	2005
942	1	2	268	87	2009
943	1	2	251	88	2009
944	2	1	289	0	2005
945	2	2	268	0	2004
946	1	2	262	0	2008
947	1	2	278	86	2009
948	1	1	254	88	0
949	2	2	262	0	2005
950	1	2	268	88	2009
951	1	1	260	0	0
952	1	2	331	87	2009
953	2	1	247	0	2005
954	1	2	268	92	0
955	1	1	263	87	0
956	1	2	339	0	2007
957	1	2	339	88	2005
958	1	1	252	87	2008
959	1	2	339	0	2008
960	1	2	339	0	0
961	1	2	254	88	2009
962	2	2	339	88	2004
963	1	2	262	88	0
964	1	2	339	0	0
965	1	2	251	89	2008
966	1	2	339	87	2009
967	1	1	339	105	2007
968	1	2	302	90	2005
969	1	2	249	0	2008
970	1	2	254	0	2008
971	1	2	275	0	2005
972	1	2	273	88	2009
973	1	1	289	0	2008
974	2	2	252	0	2005
975	1	1	325	87	0
976	1	2	339	0	2005
977	1	2	328	87	2009
978	1	2	339	0	2006
979	1	2	254	0	2007
980	2	2	254	96	2004
981	1	2	339	0	2008
982	1	2	236	88	2009
983	1	1	252	0	0
984	1	2	339	87	2008
985	1	2	339	0	0
986	1	2	252	88	0
987	1	2	261	0	2007
988	1	2	251	88	0
989	1	0	250	0	0
990	1	0	0	0	0
991	1	2	253	88	2009
992	1	0	0	0	0
993	1	2	273	87	2009
994	1	2	254	0	2007
995	1	2	308	87	2009
996	1	2	251	101	2008
997	1	1	239	0	0
998	1	2	339	87	2008
999	2	1	254	0	2005
1000	1	2	273	88	0
1001	1	0	278	0	0
1002	2	1	250	0	2005
1003	1	2	262	86	2008
1004	1	2	268	0	2007
1005	1	2	254	88	2009
1006	1	0	0	0	0
1007	1	2	339	86	2009
1008	1	2	339	113	0
1009	1	1	268	87	2008
1010	1	2	339	0	2007
1011	5	1	339	0	2005
1012	1	2	254	92	2005
1013	1	1	251	87	2009
1014	1	2	339	0	2007
1015	1	1	251	0	0
1016	1	2	250	88	2008
1017	1	1	249	0	2008
1018	1	2	240	0	2008
1019	1	2	268	0	2008
1020	1	2	251	0	2006
1021	1	2	262	0	2007
1022	1	2	251	89	2007
1023	1	1	251	0	2006
1024	1	2	261	0	2008
1025	1	1	330	0	2008
1026	1	1	267	0	0
1027	1	1	278	0	2007
1028	1	2	261	0	2008
1029	1	2	251	0	0
1030	1	2	268	0	2006
1031	1	2	339	0	2008
1032	1	2	278	0	0
1033	1	2	250	0	2008
1034	1	2	254	0	2005
1035	2	2	268	87	2004
1036	1	1	275	0	2007
1037	1	1	251	0	2007
1038	1	2	252	95	2007
1039	2	2	268	87	2005
1040	1	1	258	0	2008
1041	1	2	251	87	2007
1042	1	2	260	87	0
1043	5	2	251	0	2006
1044	1	1	320	88	2009
1045	1	2	262	0	2007
1046	1	1	325	0	0
1047	1	2	339	0	2007
1048	2	1	339	0	2004
1049	1	1	254	88	2007
1050	1	2	252	100	2006
1051	1	2	330	0	2006
1052	1	2	251	102	2006
1053	1	2	250	88	2007
1054	1	1	273	88	2009
1055	1	2	254	88	2009
1056	1	1	249	0	0
1057	1	1	249	105	2006
1058	1	2	260	88	2007
1059	1	2	339	86	2009
1060	1	2	252	88	2008
1061	1	2	325	87	2008
1062	1	1	278	87	2006
1063	1	1	273	88	2009
1064	5	2	327	0	0
1065	2	2	306	100	0
1066	1	2	262	87	2009
1067	1	2	269	87	2009
1068	1	1	262	87	2009
1069	1	1	267	0	0
1070	1	2	0	0	0
1071	1	2	330	91	2008
1072	2	2	252	0	2005
1073	2	1	251	110	2004
1074	1	1	252	109	2005
1075	2	2	251	0	2005
1076	1	2	261	88	2009
1077	1	1	278	88	0
1078	1	2	0	88	2009
1079	1	2	273	87	2009
1080	1	0	0	0	0
1081	1	2	0	0	0
1082	1	2	339	88	2006
1083	1	1	254	88	0
1084	1	2	260	0	2007
1085	2	1	328	0	2005
1086	1	2	331	88	2009
1087	1	1	325	0	0
1088	1	2	254	88	2004
1089	1	2	268	88	2008
1090	5	2	251	0	2006
1091	1	2	339	0	0
1092	1	1	261	86	0
1093	1	2	262	86	0
1094	1	1	250	88	2007
1095	1	2	251	0	2007
1096	1	2	260	0	2006
1097	1	2	254	0	2007
1098	1	2	254	0	2007
1099	1	2	0	0	2007
1100	5	1	251	104	2007
1101	1	1	278	0	2007
1102	1	2	268	86	2006
1103	1	1	0	86	2008
1104	1	1	330	88	2009
1105	1	2	339	88	2009
1106	2	1	306	0	2005
1107	1	0	0	0	0
1108	1	1	330	86	2008
1109	1	2	339	0	2008
1110	2	2	251	95	2005
1111	1	0	250	0	2006
1112	1	2	339	0	2007
1113	2	2	339	0	2005
1114	2	2	328	0	2005
1115	1	2	339	87	0
1116	2	2	339	92	0
1117	5	1	330	89	2005
1118	2	2	328	0	2004
1119	1	1	250	0	2007
1120	1	2	339	100	2008
1121	2	1	250	107	2004
1122	1	1	254	0	0
1123	2	2	252	0	2005
1124	1	2	260	0	2005
1125	1	2	339	0	2007
1126	1	1	273	88	2005
1127	1	2	339	95	2009
1128	1	2	273	0	2008
1129	1	1	278	108	2006
1130	1	1	303	107	2008
1131	1	2	339	0	0
1132	1	1	249	0	2010
1133	1	1	260	0	2007
1134	1	1	339	106	2008
1135	1	2	260	88	2009
1136	1	2	339	0	2004
1137	1	1	254	88	2008
1138	1	2	337	88	2008
1139	1	2	339	88	2008
1140	1	1	240	0	2006
1141	2	1	278	106	2004
1142	1	2	339	0	0
1143	1	2	262	87	2009
1144	1	2	250	0	2008
1145	1	2	254	0	0
1146	1	2	268	0	0
1147	1	2	273	88	2009
1148	1	2	0	0	0
1149	1	1	339	0	2006
1150	1	2	251	0	2006
1151	1	2	339	0	2008
1152	1	2	262	0	2008
1153	1	2	268	0	2006
1154	1	0	0	0	0
1155	1	2	339	93	2005
1156	1	1	249	87	2008
1157	2	2	251	0	2005
1158	1	1	252	0	2006
1159	1	2	268	0	2006
1160	1	2	262	87	0
1161	1	2	289	0	0
1162	2	2	262	0	2005
1163	1	2	278	104	0
1164	2	2	275	90	2005
1165	1	2	262	87	0
1166	2	2	251	0	2005
1167	1	2	339	100	2008
1168	1	2	249	99	2007
1169	1	2	267	87	2008
1170	1	2	339	89	2007
1171	1	2	286	89	2008
1172	1	2	251	87	2007
1173	1	1	247	0	2007
1174	1	1	240	105	2006
1175	1	2	262	0	2008
1176	1	0	0	0	0
1177	1	2	339	86	2007
1178	2	2	268	0	2005
1179	1	2	268	0	0
1180	1	2	339	0	0
1181	1	2	339	87	2007
1182	1	2	268	0	2009
1183	1	1	250	0	2007
1184	1	2	268	89	2006
1185	1	2	268	0	2007
1186	1	1	254	111	2006
1187	1	0	251	0	2007
1188	1	2	250	88	2010
1189	2	2	339	0	2005
1190	1	2	251	0	2007
1191	1	2	254	88	0
1192	1	2	262	88	2005
1193	1	2	254	88	2008
1194	1	2	260	0	2006
1195	2	1	328	0	2004
1196	1	2	306	113	2007
1197	1	1	249	0	2007
1198	1	2	339	0	2006
1199	1	2	268	88	2009
1200	1	1	247	88	2004
1201	1	2	339	87	2009
1202	1	1	251	0	2007
1203	1	1	268	87	0
1204	1	2	251	87	2008
1205	1	2	339	0	0
1206	1	2	339	0	2007
1207	1	2	0	0	2007
1208	5	2	339	0	2005
1209	1	2	320	88	2006
1210	1	2	339	88	2008
1211	2	1	339	0	2004
1212	2	2	339	0	2004
1213	1	0	273	88	2009
1214	1	2	262	87	2006
1215	1	0	0	0	0
1216	1	2	260	88	0
1217	1	2	325	86	2009
1218	1	1	256	106	0
1219	1	2	250	0	2007
1220	1	2	262	86	2007
1221	1	2	0	88	2008
1222	1	1	254	0	2007
1223	1	1	252	0	2006
1224	1	2	254	0	2008
1225	1	2	266	0	2007
1226	1	2	251	0	0
1227	1	2	254	0	0
1228	2	1	306	0	2005
1229	1	2	339	0	2008
1230	1	0	0	0	0
1231	1	2	0	88	2008
1232	1	1	260	0	2006
1233	1	1	306	88	2009
1234	1	2	251	0	2007
1235	1	1	247	88	2008
1236	1	2	339	87	2009
1237	1	2	251	0	2006
1238	1	2	282	88	2008
1239	2	1	251	107	2005
1240	1	1	273	0	2007
1241	1	1	278	88	2009
1242	1	2	250	0	2008
1243	1	1	253	88	2007
1244	1	2	286	0	2008
1245	2	2	339	0	2005
1246	1	2	252	88	2008
1247	1	1	250	87	2009
1248	1	2	273	0	2008
1249	1	1	268	87	2008
1250	2	2	254	90	2005
1251	1	2	268	86	2004
1252	1	2	254	86	2009
1253	1	2	268	0	2006
1254	2	2	339	113	2003
1255	1	1	250	86	2009
1256	1	2	262	86	2009
1257	1	2	252	87	2008
1258	1	2	251	0	2008
1259	1	1	249	88	2008
1260	1	1	268	0	0
1261	1	1	278	88	2007
1262	1	2	254	87	2005
1263	1	2	339	86	2007
1264	1	0	0	0	0
1265	2	2	339	113	2003
1266	1	2	262	0	2008
1267	1	2	268	0	0
1268	1	2	339	0	2007
1269	1	2	249	86	2009
1270	1	2	268	0	2008
1271	1	0	0	0	0
1272	1	2	251	0	2007
1273	1	2	260	0	2007
1274	1	2	339	88	2007
1275	1	1	282	0	2008
1276	5	2	251	0	2006
1277	1	2	254	0	2006
1278	1	2	339	0	2007
1279	1	0	0	0	0
1280	1	2	268	0	2006
1281	1	2	328	0	0
1282	1	2	251	0	0
1283	1	2	339	0	2008
1284	1	2	339	0	0
1285	2	1	254	108	2005
1286	1	2	339	93	2006
1287	1	2	268	0	0
1288	1	0	339	90	0
1289	1	2	306	0	0
1290	1	2	247	94	2006
1291	1	2	252	88	2009
1292	1	2	306	88	0
1293	1	1	240	0	2006
1294	1	2	250	88	2009
1295	1	2	260	89	2008
1296	1	1	254	86	2008
1297	1	2	320	88	2009
1298	1	2	254	98	2005
1299	1	1	273	87	2008
1300	1	0	0	0	0
1301	1	2	263	0	0
1302	1	2	263	88	2009
1303	1	2	254	0	2006
1304	1	2	254	0	2005
1305	1	1	273	88	0
1306	1	2	268	88	2006
1307	1	2	275	0	2007
1308	2	2	268	0	2005
1309	1	2	339	87	2010
1310	1	2	260	92	2008
1311	1	2	252	88	2008
1312	1	2	339	87	2008
1313	1	2	273	88	0
1314	1	1	245	0	0
1315	1	2	275	0	2006
1316	2	2	262	87	2004
1317	1	2	339	0	2006
1318	1	2	275	0	2007
1319	1	2	339	87	2009
1320	1	1	249	105	0
1321	1	2	339	99	2006
1322	2	1	328	0	2005
1323	1	2	339	0	2008
1324	1	2	252	0	2006
1325	1	2	254	0	2006
1326	1	1	252	0	2007
1327	1	2	339	0	2008
1328	1	1	254	87	0
1329	1	2	260	0	2007
1330	1	2	254	88	2009
1331	1	2	254	0	2008
1332	1	2	339	0	2007
1333	2	2	268	0	2005
1334	2	1	328	0	2005
1335	1	2	260	0	2007
1336	2	2	339	0	2005
1337	1	2	339	103	2010
1338	2	2	339	90	2003
1339	1	2	260	88	2007
1340	1	2	249	0	2007
1341	1	1	339	0	0
1342	1	2	339	0	2005
1343	1	2	262	87	2008
1344	1	2	268	88	2007
1345	1	2	339	0	2008
1346	5	0	236	0	0
1347	1	2	275	0	2007
1348	1	2	339	88	2006
1349	1	2	273	0	2008
1350	1	0	0	0	0
1351	1	0	0	0	0
1352	2	2	308	0	2005
1353	1	1	337	88	2008
1354	1	1	0	87	0
1355	1	0	0	0	0
1356	1	2	262	88	2007
1357	1	2	250	88	2008
1358	1	2	339	0	2007
1359	2	2	254	98	2004
1360	2	2	275	0	2005
1361	1	2	339	88	2008
1362	1	2	339	88	2007
1363	1	2	0	87	0
1364	1	2	260	113	2008
1365	1	1	330	108	2005
1366	2	1	289	109	2005
1367	1	2	339	86	0
1368	1	2	306	0	2007
1369	1	2	339	92	2008
1370	1	2	252	88	2009
1371	1	2	254	103	2007
1372	1	2	250	89	2007
1373	1	2	254	0	0
1374	1	2	328	0	2006
1375	2	2	262	0	2005
1376	1	1	251	0	2008
1377	2	2	250	100	2004
1378	1	0	0	0	0
1379	1	2	251	0	2006
1380	1	2	260	87	2007
1381	1	2	253	88	2005
1382	1	1	250	0	2006
1383	1	2	269	87	2008
1384	1	2	339	0	2007
1385	2	1	251	87	2005
1386	1	2	254	0	2008
1387	1	2	254	0	2007
1388	2	2	339	0	2005
1389	1	2	251	86	2006
1390	1	1	339	108	2005
1391	2	2	269	0	2005
1392	1	2	252	0	2008
1393	1	2	339	0	2007
1394	1	2	268	88	2009
1395	1	2	339	0	0
1396	1	2	260	88	2009
1397	1	2	262	0	2005
1398	1	2	339	88	2009
1399	1	2	250	87	2009
1400	1	2	335	102	2009
1401	1	1	307	0	0
1402	1	1	251	88	2006
1403	1	1	253	88	2008
1404	1	2	262	0	2006
1405	1	2	339	88	0
1406	5	2	236	0	0
1407	1	2	339	0	0
1408	1	1	308	87	2007
1409	1	2	268	93	0
1410	1	2	262	0	2007
1411	1	2	260	0	2008
1412	1	2	339	0	2008
1413	1	2	252	88	2009
1414	1	2	268	0	2007
1415	1	2	252	0	2007
1416	1	1	254	110	0
1417	2	1	310	0	2005
1418	1	2	251	88	2009
1419	1	2	254	87	2008
1420	1	2	268	88	2009
1421	1	2	252	87	2008
1422	1	1	303	0	0
1423	1	2	339	0	0
1424	1	2	237	87	2009
1425	1	2	254	89	2005
1426	1	1	249	0	2009
1427	1	2	339	0	0
1428	1	0	273	88	0
1429	1	2	254	88	2009
1430	1	2	0	0	0
1431	1	2	250	88	2009
1432	1	1	251	0	2009
1433	1	2	306	88	2007
1434	1	2	268	0	2006
1435	1	2	270	0	0
1436	1	1	325	0	2008
1437	1	0	0	0	0
1438	2	1	328	0	2005
1439	1	2	339	86	0
1440	1	2	339	88	2008
1441	1	2	262	88	2009
1442	1	1	339	88	0
1443	1	2	244	88	2009
1444	1	2	339	88	2008
1445	1	1	252	88	2009
1446	1	1	251	0	2009
1447	1	2	268	0	2005
1448	1	2	251	0	0
1449	1	2	254	0	2006
1450	1	1	239	0	0
1451	1	2	339	0	2007
1452	1	1	251	0	0
1453	1	1	249	0	2005
1454	1	2	260	0	2006
1455	1	2	339	87	2008
1456	1	1	267	0	2006
1457	1	2	303	98	2006
1458	2	2	339	0	2005
1459	1	2	275	0	2006
1460	1	2	260	0	2007
1461	1	2	339	0	2006
1462	1	2	252	0	2006
1463	1	2	254	87	2009
1464	1	2	255	0	2008
1465	2	1	251	108	2005
1466	5	2	254	98	2005
1467	1	0	339	0	0
1468	1	2	339	87	0
1469	1	1	253	0	2008
1470	1	2	339	92	2008
1471	1	2	339	99	2005
1472	1	2	254	0	2005
1473	1	1	254	0	0
1474	1	2	339	0	0
1475	2	2	254	0	2005
1476	1	1	249	88	0
1477	1	2	268	0	2007
1478	1	2	254	0	2007
1479	1	1	0	0	0
1480	1	2	252	100	2006
1481	1	2	339	0	2006
1482	1	2	251	0	2006
1483	1	2	339	0	0
1484	1	1	273	87	2009
1485	1	2	308	86	2007
1486	1	2	254	0	2009
1487	1	1	249	110	2004
1488	1	2	254	0	2008
1489	1	2	254	90	2007
1490	1	1	339	0	2006
1491	1	2	268	86	2008
1492	1	2	339	88	2008
1493	1	2	339	89	2007
1494	1	2	268	0	2007
1495	2	1	240	106	2005
1496	1	0	0	0	0
1497	1	0	339	0	0
1498	2	2	251	0	2005
1499	1	2	339	0	0
1500	1	2	268	86	0
1501	1	2	254	90	2006
1502	1	2	0	0	2009
1503	1	2	251	0	2006
1504	1	2	262	88	2009
1505	1	2	250	101	0
1506	2	2	256	0	0
1507	1	1	339	0	2006
1508	1	2	268	0	2007
1509	1	1	253	86	2008
1510	1	2	339	113	2010
1511	1	2	320	0	2007
1512	1	2	262	86	2009
1513	1	2	339	0	2007
1514	1	2	339	0	0
1515	1	2	273	87	2009
1516	1	2	278	88	2007
1517	1	1	250	0	2006
1518	1	1	325	86	2008
1519	1	1	251	87	2008
1520	1	2	268	0	0
1521	1	2	267	90	0
1522	1	1	250	0	2008
1523	1	2	339	86	2009
1524	1	2	251	0	2006
1525	1	2	273	87	2009
1526	1	1	254	105	2007
1527	1	0	0	0	0
1528	1	2	332	0	0
1529	1	2	240	88	2009
1530	1	1	339	107	2006
1531	1	1	249	0	2007
1532	1	2	254	0	2007
1533	1	2	254	0	0
1534	2	1	339	109	2004
1535	2	0	0	0	0
1536	1	2	249	0	2004
1537	1	2	339	96	2005
1538	1	2	339	88	0
1539	1	2	251	87	2009
1540	1	0	320	87	2008
1541	1	2	250	0	2007
1542	1	2	339	87	2005
1543	1	1	325	89	2006
1544	1	1	320	0	2008
1545	1	1	252	88	2010
1546	1	2	254	0	2007
1547	1	2	339	88	2009
1548	1	2	268	87	2008
1549	2	1	339	0	2005
1550	1	2	251	92	2007
1551	1	2	260	88	0
1552	1	2	0	0	2008
1553	1	0	268	88	2007
1554	1	2	288	89	2008
1555	1	2	260	86	2009
1556	1	2	250	0	0
1557	1	2	339	99	2007
1558	1	0	0	0	0
1559	1	1	339	0	2006
1560	1	2	250	0	2008
1561	2	1	278	0	2004
1562	1	2	339	87	0
1563	1	2	339	87	2009
1564	1	2	260	0	2005
1565	1	1	325	86	0
1566	1	2	275	0	2006
1567	2	2	254	93	2005
1568	1	1	249	0	2007
1569	2	1	339	108	2005
1570	1	2	339	95	2005
1571	2	2	253	0	2004
1572	1	2	261	88	0
1573	2	1	306	0	2005
1574	2	2	269	0	2005
1575	1	2	339	0	2006
1576	1	2	268	89	2008
1577	1	1	252	0	2008
1578	1	2	254	98	2007
1579	1	2	273	88	2009
1580	1	2	261	87	2009
1581	1	0	0	0	0
1582	1	2	333	0	2009
1583	1	1	339	105	0
1584	1	2	254	0	2006
1585	1	2	268	0	2006
1586	1	2	239	0	2005
1587	1	2	268	0	2007
1588	2	2	252	0	2005
1589	2	1	251	107	0
1590	1	2	339	87	2008
1591	1	2	249	86	2009
1592	2	2	251	0	2003
1593	1	1	339	88	2006
1594	1	2	268	87	2008
1595	1	2	339	89	2006
1596	1	2	249	0	2006
1597	1	2	0	0	0
1598	1	1	250	0	2005
1599	1	1	252	0	2007
1600	1	0	0	0	0
1601	1	2	270	0	2007
1602	1	2	273	87	2009
1603	1	1	330	0	2009
1604	1	2	339	88	2008
1605	1	1	339	88	0
1606	1	2	339	0	2006
1607	1	1	249	88	2008
1608	1	2	339	87	2005
1609	1	2	339	87	0
1610	1	2	339	86	2008
1611	1	2	339	0	0
1612	2	1	278	0	0
1613	1	1	251	86	2008
1614	2	2	262	0	2005
1615	1	2	339	88	2009
1616	1	2	339	100	2006
1617	1	1	260	89	2007
1618	2	2	328	102	0
1619	1	2	250	0	2007
1620	1	1	249	87	0
1621	1	2	268	0	0
1622	1	1	249	105	2007
1623	1	2	273	87	2009
1624	1	0	0	0	0
1625	1	2	306	0	2006
1626	1	2	261	0	2008
1627	1	2	254	88	2005
1628	1	2	339	87	2009
1629	1	2	339	88	0
1630	1	2	261	0	2007
1631	1	1	306	105	0
1632	1	2	275	0	2007
1633	1	1	251	0	2008
1634	1	2	262	88	2008
1635	1	2	269	88	0
1636	1	0	0	0	0
1637	1	2	254	88	0
1638	1	2	262	88	2005
1639	2	2	308	0	2004
1640	1	2	254	0	2008
1641	2	2	308	0	2005
1642	1	2	0	88	2008
1643	1	1	0	0	0
1644	2	1	252	0	2005
1645	1	1	254	87	2007
1646	1	1	303	109	0
1647	2	2	250	0	2005
1648	1	1	339	87	0
1649	2	2	262	0	2005
1650	1	2	254	0	2005
1651	1	2	252	88	2007
1652	1	2	251	0	0
1653	1	2	307	0	2007
1654	1	2	254	89	2005
1655	1	2	254	86	2006
1656	1	2	240	90	2007
1657	1	0	0	0	0
1658	1	2	251	86	2009
1659	1	2	260	88	2007
1660	1	1	251	0	2006
1661	1	2	261	0	2007
1662	1	1	286	88	2009
1663	1	2	339	0	2007
1664	1	2	268	98	2007
1665	2	1	307	0	2005
1666	1	2	268	88	2009
1667	1	2	249	0	2006
1668	1	2	251	90	2006
1669	1	2	339	0	2006
1670	1	1	339	0	2005
1671	2	2	339	0	2003
1672	1	2	320	86	0
1673	1	2	250	0	0
1674	1	2	249	0	2008
1675	1	2	268	0	2005
1676	1	0	0	0	0
1677	1	1	254	88	2009
1678	1	1	251	87	0
1679	2	2	268	0	2005
1680	1	1	254	0	0
1681	1	1	254	86	2007
1682	1	2	288	0	2007
1683	1	1	339	87	2009
1684	2	0	328	0	2004
1685	1	1	252	0	0
1686	1	1	251	0	2006
1687	1	1	249	0	2007
1688	1	2	268	0	2008
1689	1	2	339	88	0
1690	1	2	260	0	2007
1691	1	1	330	0	2006
1692	1	1	286	86	0
1693	1	1	256	0	2006
1694	1	2	251	87	2009
1695	1	1	249	0	2005
1696	1	2	268	88	2009
1697	2	2	268	0	2005
1698	1	1	339	88	2008
1699	1	2	308	87	0
1700	1	2	334	0	2007
1701	1	1	253	88	2006
1702	1	2	308	0	2007
1703	2	2	254	99	2005
1704	5	2	261	0	2005
1705	1	1	249	88	2007
1706	1	2	339	88	2004
1707	1	2	339	0	2006
1708	1	1	249	86	2009
1709	1	2	261	0	2008
1710	1	1	252	89	2008
1711	4	2	0	0	0
1712	1	1	273	0	2009
1713	1	2	262	0	2006
1714	1	1	307	89	2005
1715	1	2	252	88	2009
1716	1	2	251	0	2007
1717	1	2	254	88	0
1718	1	2	331	0	2006
1719	1	2	339	97	2007
1720	2	1	0	107	0
1721	1	2	339	0	2007
1722	1	2	250	0	2009
1723	2	2	254	0	0
1724	2	1	251	0	2005
1725	1	2	339	0	2006
1726	1	2	339	91	2007
1727	1	2	260	0	0
1728	1	2	269	92	0
1729	1	0	0	0	0
1730	2	2	262	0	1996
1731	1	2	269	0	0
1732	1	2	273	87	2007
1733	2	1	268	0	2005
1734	1	1	265	110	2008
1735	1	2	268	88	2009
1736	1	2	260	0	2007
1737	1	2	261	88	2008
1738	1	1	273	88	0
1739	1	2	268	87	2008
1740	1	1	286	88	2009
1741	1	2	339	0	0
1742	1	2	308	88	2008
1743	1	2	254	0	2007
1744	1	2	253	88	2008
1745	1	1	250	0	0
1746	1	0	255	0	0
1747	1	2	261	0	2008
1748	1	2	339	0	2006
1749	1	0	0	0	0
1750	1	2	339	0	2008
1751	1	2	339	88	2007
1752	1	2	339	88	2009
1753	1	2	268	87	2009
1754	1	2	339	92	0
1755	2	2	251	0	2005
1756	1	2	269	86	2008
1757	1	2	254	0	0
1758	1	2	253	94	2006
1759	1	1	251	88	2005
1760	1	2	339	88	2006
1761	1	2	0	0	0
1762	2	2	254	0	2005
1763	1	2	252	86	2005
1764	1	2	262	0	0
1765	1	2	252	86	2009
1766	1	2	273	0	0
1767	1	2	261	88	2009
1768	1	1	251	0	2007
1769	1	1	320	87	0
1770	1	2	251	93	2007
1771	2	2	251	0	2000
1772	1	1	306	89	2007
1773	1	1	249	0	2007
1774	1	0	0	0	0
1775	1	2	262	88	2008
1776	1	2	339	0	2008
1777	1	1	339	0	2006
1778	1	2	255	0	0
1779	1	0	0	0	0
1780	1	1	249	87	2006
1781	1	0	0	0	0
1782	5	0	0	0	0
1783	1	2	339	0	2006
1784	1	2	0	0	2004
1785	1	2	254	92	2007
1786	1	2	251	0	2005
1787	1	1	267	0	2006
1788	2	2	268	92	2005
1789	1	2	0	86	2004
1790	2	2	254	0	2004
1791	1	2	254	0	2007
1792	1	2	339	0	2006
1793	2	0	253	89	0
1794	1	2	286	88	2009
1795	1	2	339	0	2008
1796	1	2	339	88	2009
1797	1	2	252	0	2007
1798	1	2	260	87	2009
1799	1	0	328	0	2006
1800	1	2	273	88	2005
1801	1	1	251	0	2006
1802	2	2	268	87	2005
1803	1	2	260	88	2007
1804	1	2	339	0	2005
1805	1	1	286	88	2007
1806	1	2	253	89	2008
1807	1	2	273	88	2009
1808	1	2	339	0	2008
1809	2	2	263	0	2004
1810	1	2	275	87	2009
1811	1	1	251	88	2005
1812	1	2	0	88	0
1813	1	1	254	105	2005
1814	1	1	266	0	2007
1815	1	2	268	86	2009
1816	1	2	288	88	2008
1817	1	2	268	88	2007
1818	1	2	339	99	0
1819	1	2	339	89	2006
1820	1	2	308	87	2009
1821	1	2	253	0	2006
1822	1	1	256	107	2006
1823	2	2	320	0	2004
1824	1	2	254	86	2007
1825	1	1	252	0	2007
1826	1	2	269	95	2006
1827	1	2	339	0	0
1828	1	2	339	87	2008
1829	1	2	247	0	2006
1830	5	2	262	89	2005
1831	1	2	339	0	2005
1832	1	2	339	87	2008
1833	1	0	303	0	2005
1834	1	2	268	86	2008
1835	1	0	0	0	0
1836	1	1	273	88	0
1837	1	1	251	88	2008
1838	2	1	250	108	2005
1839	1	2	339	0	0
1840	1	0	0	0	0
1841	1	2	254	0	2006
1842	1	2	254	0	2008
1843	1	2	251	0	0
1844	2	1	0	110	0
1845	1	1	254	88	2008
1846	1	2	250	0	2008
1847	1	2	339	88	0
1848	1	2	268	103	2005
1849	1	2	252	87	2008
1850	1	1	251	89	2008
1851	1	2	330	87	2009
1852	5	2	262	0	2005
1853	1	1	256	0	2007
1854	1	1	250	88	0
1855	1	2	268	0	2006
1856	1	2	275	0	2009
1857	1	0	0	0	0
1858	5	2	339	0	2006
1859	1	2	339	88	2008
1860	2	2	339	0	0
1861	1	2	339	0	0
1862	1	2	334	0	2008
1863	1	2	268	90	2007
1864	1	1	251	0	2009
1865	1	2	339	87	2005
1866	1	2	306	87	0
1867	1	2	339	0	2006
1868	1	2	254	0	2006
1869	1	2	339	88	2007
1870	1	1	308	0	2005
1871	1	2	273	0	2008
1872	2	2	339	88	2005
1873	1	2	254	87	0
1874	1	2	252	88	2008
1875	1	1	254	0	2008
1876	1	2	339	90	2007
1877	2	1	278	0	0
1878	5	0	0	0	0
1879	1	1	250	88	2008
1880	1	1	268	89	2007
1881	1	1	0	87	0
1882	1	1	339	88	2007
1883	2	2	252	0	2004
1884	1	2	252	0	2007
1885	2	2	260	0	2005
1886	1	1	0	0	0
1887	1	1	249	0	2007
1888	1	2	268	0	2008
1889	5	1	283	0	0
1890	1	1	249	0	2006
1891	1	1	339	87	2009
1892	1	0	268	89	2005
1893	1	1	250	88	0
1894	1	1	325	88	2009
1895	1	2	339	88	2008
1896	2	2	254	0	2004
1897	1	2	267	0	2008
1898	1	2	339	100	2006
1899	1	2	337	87	2010
1900	1	2	0	88	0
1901	1	2	275	0	0
1902	2	1	328	0	2005
1903	2	2	252	0	2005
1904	1	2	250	87	2009
1905	1	2	339	88	2009
1906	1	2	260	88	2006
1907	1	2	262	87	2006
1908	1	2	254	87	2008
1909	1	1	252	87	0
1910	1	2	258	0	2005
1911	1	0	0	0	0
1912	2	2	251	0	2005
1913	1	1	308	0	2006
1914	1	1	250	89	2006
1915	1	2	261	0	2008
1916	1	0	249	97	0
1917	1	2	339	0	0
1918	2	2	339	0	2005
1919	1	2	249	0	2006
1920	1	2	251	89	2006
1921	2	1	254	110	2004
1922	1	1	339	0	2007
1923	1	2	339	87	2008
1924	1	1	328	0	2006
1925	1	1	252	0	2007
1926	1	2	260	0	2006
1927	1	1	240	0	2008
1928	1	2	249	0	2008
1929	1	2	275	99	2006
1930	1	2	339	102	2006
1931	1	2	268	0	0
1932	1	2	260	87	2008
1933	1	1	0	0	0
1934	1	2	268	0	2006
1935	1	1	249	88	2009
1936	1	2	260	87	2007
1937	1	2	268	0	2005
1938	1	2	261	86	2009
1939	1	2	254	88	2008
1940	1	2	262	0	2007
1941	1	2	339	0	2006
1942	1	2	278	86	2006
1943	1	2	252	0	0
1944	1	2	260	0	2005
1945	1	2	273	88	2009
1946	1	2	339	113	2007
1947	1	2	268	0	2007
1948	1	1	278	0	0
1949	1	2	331	88	2009
1950	1	2	339	0	2005
1951	1	2	249	88	2009
1952	1	2	254	86	0
1953	1	2	275	88	2008
1954	5	2	268	0	2006
1955	1	2	308	88	2007
1956	1	2	339	0	2008
1957	1	2	339	88	2005
1958	1	1	251	0	2009
1959	1	2	339	102	2005
1960	1	2	339	0	2007
1961	1	2	339	92	0
1962	1	2	339	0	2007
1963	1	2	253	0	0
1964	1	1	251	109	2006
1965	1	1	251	0	0
1966	1	0	0	0	0
1967	1	2	330	0	2005
1968	1	2	268	88	2008
1969	1	2	251	0	2005
1970	1	1	251	0	0
1971	1	1	325	0	2006
1972	1	2	251	90	2005
1973	1	2	268	0	2006
1974	1	2	252	87	2009
1975	1	1	339	0	2006
1976	1	2	251	0	2008
1977	1	2	339	0	2007
1978	1	1	306	105	0
1979	1	2	254	86	2006
1980	1	2	339	0	2005
1981	1	2	251	0	2006
1982	1	2	252	87	2005
1983	1	2	262	88	2009
1984	1	2	306	0	2007
1985	2	2	254	0	2005
1986	2	2	268	0	2005
1987	1	1	249	108	2006
1988	1	2	275	0	2008
1989	5	2	339	0	2005
1990	2	2	275	0	2004
1991	1	2	250	0	2008
1992	1	1	250	0	0
1993	2	1	328	0	2005
1994	1	2	339	93	2008
1995	1	1	268	89	2005
1996	1	1	250	87	2008
1997	1	1	249	0	2006
1998	1	2	339	88	2009
1999	1	2	251	0	2009
2000	1	2	273	87	2004
2001	1	1	339	0	2006
2002	1	2	251	0	2008
2003	1	2	339	0	2008
2004	1	2	251	90	2006
2005	1	2	260	0	2007
2006	1	1	252	0	2006
2007	1	2	0	0	0
2008	2	1	253	0	2005
2009	1	2	261	86	2008
2010	1	1	249	0	0
2011	1	1	252	87	2007
2012	1	2	339	90	2007
2013	1	2	306	0	2008
2014	1	2	254	0	2006
2015	1	2	252	88	2008
2016	1	2	251	0	2005
2017	1	2	339	0	2008
2018	1	2	268	87	2009
2019	1	2	262	86	2009
2020	2	2	268	0	2002
2021	1	2	339	0	2006
2022	1	2	339	88	2009
2023	1	2	334	0	2006
2024	1	1	251	0	2006
2025	1	1	249	0	0
2026	2	1	249	0	2005
2027	1	2	260	0	2008
2028	1	2	260	88	2009
2029	1	0	0	0	0
2030	1	2	339	86	2008
2031	2	2	262	0	2004
2032	1	1	286	0	2005
2033	2	2	269	0	2005
2034	1	1	249	0	2007
2035	1	2	250	87	2007
2036	1	2	339	0	2008
2037	1	1	308	88	2009
2038	1	1	251	0	2006
2039	1	2	269	0	0
2040	1	1	339	105	2006
2041	2	1	328	0	2004
2042	1	2	268	0	2008
2043	1	1	251	0	0
2044	1	2	262	88	2007
2045	1	2	339	87	0
2046	1	2	260	0	0
2047	2	1	316	0	2004
2048	1	2	252	102	2008
2049	1	2	0	0	0
2050	1	2	275	0	2006
2051	1	2	252	0	2007
2052	1	1	328	0	2007
2053	1	2	268	0	0
2054	4	2	254	88	0
2055	1	2	254	87	2008
2056	1	2	252	87	2008
2057	1	2	339	0	2006
2058	1	2	254	0	0
2059	1	2	339	0	0
2060	1	2	268	0	2006
2061	1	1	273	87	2009
2062	1	1	278	0	2007
2063	1	2	268	88	2006
2064	1	2	251	0	2007
2065	1	2	262	88	0
2066	1	1	251	88	2007
2067	1	0	0	0	0
2068	2	0	250	0	0
2069	1	2	254	0	2007
2070	1	2	251	86	2007
2071	1	2	339	0	2007
2072	1	2	339	0	2006
2073	1	2	262	0	2008
2074	2	2	262	0	2005
2075	1	2	339	0	2008
2076	1	2	249	86	2010
2077	1	2	254	0	2008
2078	1	2	249	0	2009
2079	2	2	328	0	2004
2080	2	2	250	0	2005
2081	1	2	339	87	2009
2082	1	0	0	0	0
2083	1	1	249	0	2009
2084	1	2	339	88	2007
2085	1	0	0	0	0
2086	1	2	268	0	2005
2087	1	2	254	99	2006
2088	1	2	339	0	0
2089	1	2	328	0	2005
2090	1	2	339	0	2007
2091	2	2	252	0	0
2092	1	2	339	88	2009
2093	1	0	0	0	0
2094	1	2	253	0	2006
2095	1	2	339	87	2008
2096	1	1	273	0	2009
2097	1	2	262	87	2009
2098	1	2	261	0	2006
2099	1	2	262	0	2007
2100	1	2	273	87	2009
2101	5	2	278	0	2005
2102	2	2	262	94	0
2103	1	2	248	88	0
2104	1	1	249	0	0
2105	2	2	339	0	2004
2106	1	2	320	87	2009
2107	1	2	252	87	2007
2108	1	1	306	86	2009
2109	2	1	254	0	2005
2110	1	2	262	88	2009
2111	2	0	0	0	0
2112	1	2	251	0	2007
2113	1	2	268	0	2007
2114	1	2	339	88	2009
2115	2	1	251	0	2005
2116	1	2	307	89	2007
2117	1	0	0	0	0
2118	1	1	260	88	2009
2119	1	2	251	0	2006
2120	1	2	250	0	2008
2121	1	2	339	0	2009
2122	1	2	328	0	0
2123	1	1	278	88	2009
2124	1	2	339	88	2009
2125	2	1	278	107	2004
2126	1	2	254	87	0
2127	1	2	249	0	2009
2128	1	2	268	0	2006
2129	1	1	325	106	2007
2130	1	2	252	0	2006
2131	1	1	251	108	2008
2132	5	2	260	0	2005
2133	1	1	275	104	2005
2134	2	2	262	94	2005
2135	1	1	249	0	0
2136	1	2	306	88	2008
2137	1	2	306	88	2008
2138	1	2	254	0	2006
2139	1	2	339	88	0
2140	1	2	339	0	2006
2141	1	1	339	0	0
2142	1	2	337	87	2007
2143	2	0	0	0	0
2144	1	2	306	87	0
2145	1	2	339	88	0
2146	1	2	339	0	2007
2147	1	2	254	0	2006
2148	2	2	292	0	2005
2149	1	1	250	0	2007
2150	1	2	268	0	0
2151	1	2	339	0	2008
2152	1	2	268	0	2007
2153	1	2	262	86	2009
2154	1	2	251	86	2009
2155	1	2	254	0	2006
2156	1	2	254	0	2007
2157	1	2	254	112	0
2158	1	2	339	92	2007
2159	1	2	262	88	2008
2160	1	2	254	0	2007
2161	1	2	252	88	2008
2162	1	2	339	0	2006
2163	1	2	339	0	2007
2164	1	2	339	89	2008
2165	1	1	252	0	2007
2166	1	2	254	88	2008
2167	1	2	339	87	2009
2168	1	1	325	0	2006
2169	1	2	320	0	2008
2170	1	1	251	109	2007
2171	1	2	253	0	2007
2172	2	0	0	0	0
2173	1	0	0	0	0
2174	1	2	328	0	2006
2175	1	2	339	88	2009
2176	1	2	260	0	2009
2177	1	2	260	0	2006
2178	1	2	254	0	2008
2179	1	2	262	88	2008
2180	1	2	248	86	2007
2181	1	2	273	87	2009
2182	1	2	339	0	2008
2183	1	2	261	86	2007
2184	2	2	237	0	2004
2185	1	1	256	87	2007
2186	1	1	249	105	2008
2187	1	2	339	0	0
2188	1	2	339	98	2006
2189	3	2	250	0	0
2190	1	1	278	86	2008
2191	1	2	307	88	0
2192	1	1	302	88	2009
2193	1	0	0	0	0
2194	1	2	268	86	2009
2195	1	2	339	87	2009
2196	1	2	306	87	2009
2197	1	2	262	87	2008
2198	1	2	260	88	2009
2199	1	0	0	0	0
2200	1	2	249	87	2005
2201	1	2	251	0	2007
2202	1	2	306	0	2007
2203	1	1	240	88	2009
2204	2	2	263	96	2004
2205	1	2	0	0	0
2206	1	2	251	97	2006
2207	1	2	252	0	2008
2208	1	2	275	88	2008
2209	1	2	339	88	2008
2210	1	1	251	0	2008
2211	1	2	339	87	2008
2212	1	2	339	87	2008
2213	1	2	339	87	2007
2214	1	2	268	0	2009
2215	2	2	251	0	2005
2216	1	2	261	0	2006
2217	1	1	250	88	2005
2218	2	2	254	103	2004
2219	1	2	251	93	2006
2220	1	2	282	0	0
2221	1	2	273	93	2007
2222	1	0	254	0	0
2223	1	2	268	0	2008
2224	1	1	278	88	2009
2225	2	2	254	0	2005
2226	1	2	273	86	0
2227	1	2	262	0	2005
2228	1	2	260	87	2005
2229	1	1	253	105	0
2230	1	2	268	0	0
2231	1	2	331	87	2009
2232	1	2	260	88	2008
2233	1	1	0	0	0
2234	1	1	251	89	2007
2235	1	1	328	0	2005
2236	2	2	251	93	2005
2237	1	2	316	0	0
2238	1	1	249	88	2008
2239	1	2	260	0	2008
2240	1	2	339	90	2006
2241	1	2	339	0	2005
2242	1	2	260	0	2008
2243	1	1	330	0	2005
2244	1	2	339	88	2008
2245	1	2	252	0	2008
2246	1	2	252	86	0
2247	1	1	251	88	0
2248	1	2	262	87	2009
2249	1	2	339	101	2007
2250	1	1	278	87	2007
2251	1	2	286	0	2007
2252	1	2	339	0	2006
2253	1	2	339	0	2004
2254	1	2	339	90	2006
2255	1	2	339	87	2009
2256	1	2	268	0	2006
2257	1	1	251	109	2005
2258	1	0	0	0	0
2259	1	2	254	0	2006
2260	1	2	339	88	2009
2261	1	2	339	0	2009
2262	1	2	328	0	2005
2263	1	2	268	88	2009
2264	1	2	273	94	2006
2265	1	1	254	109	0
2266	1	2	270	0	2006
2267	1	2	254	0	0
2268	1	2	339	0	2005
2269	1	1	251	0	2008
2270	1	1	249	0	2007
2271	1	2	261	86	2006
2272	1	0	0	0	0
2273	1	2	339	87	0
2274	1	2	273	87	0
2275	1	2	339	87	2009
2276	1	2	328	88	2006
2277	1	0	0	0	0
2278	1	2	260	87	0
2279	1	2	262	88	2009
2280	1	1	254	0	2007
2281	1	2	273	86	2004
2282	1	2	339	88	2008
2283	1	2	0	0	0
2284	1	2	252	87	2007
2285	2	2	268	0	2005
2286	1	0	0	0	0
2287	5	2	289	94	2006
2288	1	1	253	88	2008
2289	1	2	251	0	2004
2290	5	2	339	0	2003
2291	1	2	339	93	2006
2292	1	1	330	107	2005
2293	1	1	251	86	2008
2294	1	2	262	86	2008
2295	2	2	339	0	2005
2296	1	2	339	87	0
2297	1	2	306	88	2007
2298	2	1	250	89	0
2299	1	1	250	0	2006
2300	1	2	250	88	2008
2301	2	1	339	0	2004
2302	1	2	339	86	2009
2303	1	2	294	88	2007
2304	1	2	339	0	2006
2305	1	2	339	87	2009
2306	2	2	339	0	2005
2307	1	2	268	87	2008
2308	1	2	339	0	2006
2309	1	2	339	0	0
2310	1	2	254	87	2008
2311	1	1	251	88	0
2312	1	2	251	86	2009
2313	1	2	306	0	2006
2314	1	2	237	0	2007
2315	1	1	254	0	2006
2316	1	2	339	93	2007
2317	1	2	339	88	2008
2318	1	0	0	0	0
2319	1	1	328	0	2007
2320	1	1	252	106	2008
2321	2	1	0	0	0
2322	1	2	260	0	0
2323	1	1	250	86	2008
2324	1	2	334	99	2006
2325	1	2	254	0	0
2326	2	2	254	93	2004
2327	2	2	337	0	0
2328	1	2	331	87	2009
2329	1	2	251	0	0
2330	1	2	252	0	2006
2331	1	2	286	0	2006
2332	1	2	339	0	0
2333	1	2	254	0	2005
2334	1	2	337	88	2009
2335	1	2	339	86	2008
2336	1	2	339	0	2006
2337	1	1	254	0	0
2338	1	2	273	87	2009
2339	1	1	339	89	2006
2340	1	2	268	88	2008
2341	1	2	268	88	2009
2342	1	2	286	88	0
2343	2	2	339	0	2004
2344	1	2	339	0	0
2345	1	1	275	0	0
2346	1	2	339	86	2008
2347	1	2	254	0	2008
2348	2	0	0	0	0
2349	1	1	339	108	2005
2350	1	2	273	0	2005
2351	1	2	262	88	0
2352	5	1	286	0	2006
2353	1	2	306	0	2006
2354	1	2	268	87	2009
2355	1	2	262	0	0
2356	1	1	252	88	2008
2357	1	1	328	86	2008
2358	2	1	308	0	2005
2359	1	1	278	0	2006
2360	1	2	339	0	2007
2361	1	2	306	87	2009
2362	1	2	339	0	0
2363	1	1	251	0	2005
2364	1	1	260	0	2008
2365	1	2	278	93	0
2366	1	2	273	88	2009
2367	1	2	261	89	2007
2368	1	2	250	0	2007
2369	1	2	278	0	0
2370	1	2	268	0	2005
2371	1	2	339	0	2008
2372	1	2	254	87	2008
2373	1	2	268	0	2005
2374	1	1	249	0	2008
2375	1	0	0	0	0
2376	1	2	0	0	0
2377	1	2	339	88	2007
2378	2	1	251	106	2004
2379	1	2	339	87	2008
2380	2	1	240	0	2004
2381	1	1	339	87	2006
2382	1	2	236	0	0
2383	1	1	253	88	2009
2384	1	2	269	0	2005
2385	2	0	0	0	0
2386	1	2	251	0	2008
2387	1	2	339	0	2007
2388	1	2	254	0	2008
2389	2	2	339	0	2005
2390	1	2	339	0	2005
2391	1	2	262	88	2004
2392	1	2	339	89	2007
2393	1	2	268	88	2005
2394	1	2	339	0	2005
2395	1	2	339	0	2008
2396	1	2	268	87	2009
2397	2	1	312	109	2004
2398	1	0	0	0	0
2399	1	2	252	88	0
2400	1	2	339	88	2006
2401	1	2	254	0	2005
2402	1	0	0	0	0
2403	1	2	267	0	2008
2404	1	0	0	105	0
2405	1	2	252	88	2009
2406	1	2	252	0	2006
2407	1	2	268	88	2008
2408	1	2	308	88	2007
2409	1	2	268	86	0
2410	1	2	339	0	2007
2411	1	2	252	87	2009
2412	2	1	328	0	2005
2413	1	2	339	88	2009
2414	1	2	306	93	2007
2415	1	2	273	88	2009
2416	1	2	0	0	2007
2417	1	2	262	88	2008
2418	1	2	254	93	2008
2419	1	1	268	88	2009
2420	1	2	0	88	2009
2421	1	2	306	0	2006
2422	1	1	339	86	2005
2423	1	2	307	0	2006
2424	1	1	249	89	2008
2425	1	2	339	0	2008
2426	1	2	308	0	2006
2427	1	2	339	0	2007
2428	2	2	254	0	2004
2429	1	2	268	113	0
2430	1	2	251	93	2005
2431	1	2	339	87	2009
2432	1	2	254	88	2008
2433	1	2	252	87	2009
2434	1	2	268	88	2009
2435	1	2	268	0	0
2436	1	2	251	0	0
2437	1	1	278	88	0
2438	1	2	260	94	2006
2439	1	2	339	88	2008
2440	1	1	273	88	2009
2441	2	2	339	0	2004
2442	1	2	261	0	2008
2443	1	2	288	89	2009
2444	1	2	339	87	2009
2445	1	1	251	0	0
2446	1	2	339	88	2009
2447	1	2	254	88	2008
2448	1	2	262	87	2008
2449	2	2	260	0	2005
2450	1	2	339	87	2009
2451	2	2	260	0	2005
2452	1	2	263	88	2009
2453	1	2	251	88	0
2454	1	2	339	0	2007
2455	1	1	254	108	2006
2456	1	2	254	0	2008
2457	1	2	0	0	0
2458	2	1	250	0	0
2459	1	2	339	0	2005
2460	1	1	325	0	2007
2461	1	2	260	0	2008
2462	1	2	268	88	2007
2463	1	2	268	87	2007
2464	1	1	249	0	2009
2465	1	2	289	87	2005
2466	2	2	268	0	2005
2467	1	2	339	87	2008
2468	2	1	286	0	2005
2469	1	2	251	89	2006
2470	1	2	260	0	2006
2471	1	2	339	88	2009
2472	1	2	252	87	2009
2473	1	2	275	0	2005
2474	1	1	251	0	2009
2475	2	1	252	0	2005
2476	2	2	251	0	2005
2477	2	2	339	0	2004
2478	2	1	288	106	2005
2479	2	2	252	0	2005
2480	1	2	339	0	2007
2481	1	2	251	0	2007
2482	1	2	241	0	2007
2483	5	2	290	0	2005
2484	1	2	269	0	2008
2485	1	2	268	0	2007
2486	1	2	331	88	2009
2487	1	0	0	0	0
2488	1	2	339	88	0
2489	1	2	273	87	2009
2490	1	2	339	86	0
2491	5	1	339	0	0
2492	1	1	254	107	2005
2493	1	1	250	87	2007
2494	1	2	260	0	0
2495	1	2	262	0	2006
2496	2	2	262	0	2005
2497	1	1	251	106	2006
2498	2	2	252	0	2005
2499	1	2	339	0	0
2500	1	0	0	0	0
2501	5	1	289	0	2006
2502	1	1	253	0	2007
2503	2	1	308	0	2004
2504	1	2	254	88	2008
2505	2	1	254	0	2004
2506	1	0	268	87	0
2507	2	2	240	92	0
2508	2	1	0	0	0
2509	1	2	254	0	0
2510	1	1	339	0	0
2511	1	1	249	86	2009
2512	2	1	249	106	2004
2513	1	1	278	0	0
2514	1	2	261	89	2005
2515	1	1	308	0	0
2516	1	2	252	87	2008
2517	2	1	252	0	2005
2518	1	2	273	86	0
2519	1	2	339	86	2009
2520	1	1	250	87	2008
2521	1	2	251	0	2008
2522	1	1	250	87	2007
2523	1	2	268	86	2009
2524	1	0	0	0	0
2525	1	2	252	88	2009
2526	1	2	268	0	2006
2527	1	2	0	0	2005
2528	1	1	339	0	2006
2529	1	2	254	88	0
2530	1	2	339	0	2005
2531	1	2	255	88	2008
2532	1	1	249	86	0
2533	1	2	268	99	2006
2534	1	2	0	89	0
2535	1	0	0	0	0
2536	1	2	242	89	0
2537	1	1	339	88	2006
2538	1	2	254	0	2006
2539	1	2	251	88	2009
2540	4	2	0	0	0
2541	1	2	262	86	2009
2542	1	2	251	88	2008
2543	1	2	252	88	2007
2544	1	1	339	88	2008
2545	1	0	0	0	0
2546	1	2	286	95	2008
2547	2	1	268	0	2005
2548	1	2	339	86	2009
2549	1	1	0	0	0
2550	1	2	268	88	2009
2551	2	2	251	93	2005
2552	1	2	262	0	2008
2553	1	2	275	99	2007
2554	1	1	251	0	2006
2555	1	2	250	0	2007
2556	1	2	273	87	2009
2557	1	2	306	89	2006
2558	1	2	339	88	2008
2559	1	1	250	109	2006
2560	1	2	260	0	2009
2561	1	0	0	0	0
2562	1	2	339	0	2005
2563	1	2	254	0	2007
2564	1	2	260	90	2006
2565	1	2	268	0	2008
2566	2	2	268	87	2005
2567	1	2	252	87	2007
2568	1	2	253	87	2008
2569	1	0	251	0	2006
2570	1	2	260	0	2008
2571	1	2	268	99	2007
2572	1	2	273	87	2005
2573	1	2	269	89	2008
2574	1	2	273	88	2009
2575	1	1	268	0	2007
2576	1	2	262	0	2006
2577	1	0	0	0	0
2578	1	2	339	90	2008
2579	1	1	303	0	2008
2580	1	0	0	0	0
2581	1	2	320	0	2006
2582	2	1	250	0	2004
2583	1	2	251	0	2007
2584	1	2	0	0	2008
2585	1	2	262	0	0
2586	2	2	252	87	2004
2587	1	0	0	0	0
2588	1	2	338	90	2007
2589	1	2	339	87	2007
2590	1	2	339	0	2006
2591	1	1	252	88	2008
2592	1	2	263	89	2006
2593	2	1	278	0	2005
2594	2	2	268	0	0
2595	1	2	251	92	2007
2596	1	2	250	88	2008
2597	1	2	339	0	2006
2598	1	2	339	88	2009
2599	1	2	339	0	2005
2600	2	1	251	0	2005
2601	1	0	0	0	0
2602	2	1	0	112	2004
2603	1	2	339	0	2008
2604	1	2	254	0	0
2605	1	1	339	0	2008
2606	1	1	306	0	0
2607	1	1	325	0	2006
2608	1	2	275	98	0
2609	2	2	260	86	2004
2610	1	2	339	88	0
2611	1	2	308	88	0
2612	1	0	0	0	0
2613	1	2	254	0	2007
2614	1	2	339	0	2006
2615	1	2	339	92	0
2616	1	2	320	0	2007
2617	1	0	249	0	2007
2618	1	2	250	88	2006
2619	2	0	0	0	0
2620	1	2	253	93	2006
2621	1	2	275	0	2007
2622	1	1	250	104	2008
2623	1	2	339	0	2006
2624	1	2	262	88	2008
2625	1	1	255	0	2005
2626	1	1	250	87	0
2627	2	2	268	0	2005
2628	1	2	252	89	2009
2629	1	1	254	88	2008
2630	1	2	339	0	2007
2631	1	2	254	0	2007
2632	1	2	339	0	2006
2633	1	1	251	0	2005
2634	1	2	251	87	2009
2635	2	0	251	0	2004
2636	2	2	251	0	2005
2637	1	2	339	88	2009
2638	1	2	339	0	2006
2639	1	2	261	113	2008
2640	1	1	252	107	2006
2641	1	1	278	0	2006
2642	1	2	252	0	2008
2643	1	2	262	0	2006
2644	1	0	0	0	0
2645	1	1	325	0	2007
2646	1	2	339	86	2008
2647	2	1	249	108	2005
2648	1	1	330	0	2006
2649	2	1	330	108	0
2650	1	2	320	0	0
2651	1	2	254	88	2009
2652	1	2	339	0	2007
2653	1	2	339	88	2008
2654	1	2	260	86	0
2655	1	1	251	0	0
2656	1	2	260	88	2008
2657	1	2	250	0	2007
2658	4	2	0	0	0
2659	2	1	249	0	2004
2660	1	2	249	0	2009
2661	1	2	339	88	2008
2662	1	2	339	0	2006
2663	1	2	252	0	2008
2664	2	0	254	107	2005
2665	5	2	251	0	2005
2666	1	2	260	0	2006
2667	1	2	339	0	2007
2668	1	2	278	102	2008
2669	2	2	250	0	2005
2670	1	0	0	0	0
2671	1	2	251	87	0
2672	1	2	268	0	0
2673	1	1	252	88	2009
2674	1	2	339	86	2009
2675	2	2	254	87	2005
2676	1	2	252	0	0
2677	1	1	251	0	2009
2678	1	2	254	0	2008
2679	2	2	268	0	0
2680	1	1	250	88	2008
2681	1	2	306	0	2007
2682	1	2	339	0	2007
2683	1	1	307	88	0
2684	1	2	339	0	2008
2685	1	2	305	88	2009
2686	1	0	0	0	0
2687	1	2	290	88	2008
2688	2	1	328	0	2004
2689	5	2	252	89	2006
2690	1	2	251	0	0
2691	1	2	260	87	0
2692	1	2	250	0	2007
2693	1	2	253	87	2008
2694	1	2	255	87	2005
2695	1	2	252	0	2007
2696	1	2	278	100	0
2697	1	2	339	86	0
2698	1	2	254	0	2005
2699	1	1	256	89	2006
2700	1	2	252	87	2008
2701	1	2	339	0	2006
2702	1	2	268	0	2006
2703	1	0	254	0	0
2704	1	1	308	0	0
2705	1	2	252	90	2007
2706	1	2	260	89	2007
2707	1	2	251	87	2008
2708	1	2	252	0	2006
2709	1	2	260	88	2009
2710	1	1	251	0	2008
2711	1	2	339	86	2009
2712	1	2	262	88	2007
2713	1	1	260	0	2007
2714	1	2	252	86	2009
2715	1	2	252	0	2005
2716	1	2	275	87	2007
2717	1	2	339	89	0
2718	1	0	0	0	0
2719	1	1	339	86	2008
2720	1	2	260	88	0
2721	2	1	0	110	0
2722	1	2	261	86	2008
2723	1	1	250	88	2008
2724	1	2	273	88	2009
2725	1	2	308	0	2008
2726	1	2	339	0	2005
2727	1	0	0	0	0
2728	1	2	339	0	2005
2729	1	1	286	0	2006
2730	2	2	252	92	2005
2731	1	2	250	88	2009
2732	1	2	249	0	2006
2733	1	2	262	0	2006
2734	1	2	254	0	2007
2735	1	2	273	87	2009
2736	1	2	248	0	2005
2737	1	1	251	88	0
2738	1	2	262	0	2007
2739	1	2	268	88	2009
2740	1	2	325	0	2006
2741	1	1	339	105	2007
2742	1	2	252	88	2005
2743	1	2	252	0	2007
2744	1	2	250	100	2008
2745	1	2	251	99	2005
2746	3	2	309	0	0
2747	2	2	339	0	2005
2748	1	1	253	88	0
2749	1	1	249	88	2004
2750	1	1	251	0	2009
2751	1	2	246	90	2007
2752	1	2	268	86	0
2753	1	2	251	0	2007
2754	1	2	268	88	2009
2755	1	2	251	0	2005
2756	1	2	339	88	2009
2757	1	2	269	87	2008
2758	1	2	254	0	2006
2759	1	2	262	87	2009
2760	1	2	237	88	2009
2761	1	1	339	0	0
2762	1	2	273	88	2009
2763	2	2	251	0	2005
2764	1	2	268	86	2005
2765	1	2	252	99	2009
2766	2	2	254	0	2005
2767	2	2	0	92	2005
2768	1	2	339	87	2009
2769	1	1	288	0	2005
2770	1	1	251	0	0
2771	1	2	269	88	2007
2772	1	2	0	88	2008
2773	1	2	268	88	2009
2774	1	2	339	92	0
2775	2	1	256	0	2005
2776	1	1	240	87	2009
2777	1	2	260	0	2007
2778	1	2	339	0	0
2779	1	1	339	0	2006
2780	1	2	248	0	2005
2781	1	2	306	88	2007
2782	1	1	328	0	2007
2783	2	2	339	93	2005
2784	1	2	0	0	2009
2785	1	2	339	0	2009
2786	1	2	254	88	2009
2787	1	1	0	0	2007
2788	2	2	339	0	2005
2789	1	2	339	88	2009
2790	1	2	339	88	2008
2791	1	1	249	0	2006
2792	1	1	268	89	2006
2793	1	2	339	0	2008
2794	2	2	252	98	2003
2795	1	2	254	88	2008
2796	1	2	339	0	2006
2797	1	2	251	0	2007
2798	1	2	273	87	2009
2799	1	2	269	0	2005
2800	1	2	262	0	2008
2801	1	2	261	88	2008
2802	2	1	0	89	2005
2803	1	2	281	0	2008
2804	2	1	328	111	2005
2805	1	2	339	0	2008
2806	1	2	339	0	2007
2807	1	2	339	87	2008
2808	1	1	251	0	0
2809	1	2	254	88	2006
2810	1	2	339	88	2008
2811	1	2	339	0	2006
2812	1	2	252	0	2008
2813	1	2	284	0	2006
2814	1	2	339	87	2008
2815	1	2	254	0	2008
2816	1	2	260	87	0
2817	1	2	262	0	2008
2818	1	2	268	0	2008
2819	1	1	339	88	2008
2820	1	0	0	0	0
2821	1	2	252	0	2007
2822	1	2	306	88	2007
2823	1	2	255	88	2008
2824	1	1	251	0	0
2825	1	2	273	87	2009
2826	1	2	262	98	0
2827	1	1	251	0	2006
2828	1	2	252	0	0
2829	1	2	339	88	2008
2830	1	2	268	0	2007
2831	1	2	339	88	2006
2832	1	1	249	0	0
2833	2	2	249	0	2005
2834	1	2	268	88	2009
2835	1	2	268	86	0
2836	1	1	251	88	0
2837	1	0	0	0	0
2838	1	2	251	0	0
2839	1	2	251	0	0
2840	1	2	237	0	2009
2841	1	2	273	88	2009
2842	2	1	339	0	2004
2843	1	2	339	0	2006
2844	1	2	339	0	2004
2845	1	2	250	0	2008
2846	1	2	339	0	2006
2847	1	2	251	0	2009
2848	1	2	336	90	2006
2849	1	2	339	93	2007
2850	1	1	328	110	2005
2851	1	2	262	89	2005
2852	1	2	268	0	0
2853	1	2	339	88	2009
2854	1	2	273	87	2009
2855	2	0	0	0	0
2856	1	1	251	107	2006
2857	1	2	339	87	2008
2858	1	1	254	86	2006
2859	1	2	251	88	2005
2860	1	2	339	0	2008
2861	1	1	0	0	0
2862	1	2	273	88	2009
2863	1	2	266	0	0
2864	1	2	267	0	2008
2865	1	2	251	0	2008
2866	1	2	339	0	2007
2867	1	1	249	0	2006
2868	1	2	339	0	2006
2869	1	1	249	104	2008
2870	2	2	339	0	2004
2871	1	1	339	0	2005
2872	1	2	273	87	2009
2873	1	0	0	0	0
2874	1	1	262	0	2005
2875	1	2	339	0	2009
2876	1	0	0	0	0
2877	1	1	289	0	2007
2878	1	1	306	87	2008
2879	2	2	249	93	2005
2880	1	2	260	87	2009
2881	1	2	330	0	2007
2882	1	2	339	0	2006
2883	1	2	262	88	2006
2884	1	1	254	88	0
2885	1	2	250	86	2006
2886	1	2	268	88	2005
2887	2	2	262	0	2005
2888	1	2	268	88	2008
2889	1	2	268	0	2008
2890	1	2	339	88	0
2891	1	2	339	0	0
2892	1	2	263	88	2009
2893	1	2	252	88	2008
2894	1	2	331	87	0
2895	1	2	240	0	2005
2896	1	2	339	0	2007
2897	1	2	262	87	2007
2898	1	2	269	87	2007
2899	1	2	331	0	2007
2900	1	2	273	0	0
2901	1	2	254	93	0
2902	1	2	263	0	2006
2903	1	2	262	0	2006
2904	1	2	339	0	0
2905	1	2	339	86	2005
2906	1	2	275	94	2008
2907	1	1	339	104	0
2908	1	2	306	0	2007
2909	1	2	339	0	2007
2910	1	1	308	0	2006
2911	1	2	254	92	2008
2912	1	2	254	0	2007
2913	1	2	339	87	2008
2914	1	2	252	88	2010
2915	1	2	268	0	0
2916	2	2	251	0	0
2917	1	2	339	88	2007
2918	1	2	289	0	2007
2919	1	2	339	0	2005
2920	1	1	0	86	0
2921	1	1	268	0	2009
2922	1	2	260	88	2007
2923	1	1	278	0	2006
2924	2	2	339	0	2005
2925	1	2	254	89	2008
2926	1	2	260	86	2008
2927	1	2	250	0	2007
2928	1	2	339	0	2006
2929	1	2	273	87	2005
2930	1	2	268	88	2008
2931	1	2	339	86	2010
2932	1	0	0	0	0
2933	1	1	339	0	2005
2934	1	2	339	86	2008
2935	1	2	339	0	2007
2936	2	2	339	95	2004
2937	1	1	249	86	2005
2938	1	1	0	88	0
2939	5	2	313	0	2006
2940	1	2	268	0	2006
2941	1	2	339	0	2007
2942	1	1	248	0	2005
2943	2	0	267	0	2004
2944	1	2	316	97	2007
2945	1	2	269	0	0
2946	1	2	269	0	2006
2947	1	2	252	0	2006
2948	1	2	251	0	2005
2949	5	2	254	0	2005
2950	1	2	254	0	0
2951	1	0	278	0	2007
2952	1	2	339	89	2008
2953	1	1	339	88	2009
2954	1	2	268	0	2008
2955	1	1	251	0	0
2956	1	2	273	88	2008
2957	1	2	262	88	2009
2958	1	2	251	0	2005
2959	2	2	268	0	2005
2960	1	1	251	106	2005
2961	2	2	339	92	0
2962	1	2	251	0	2006
2963	1	1	330	86	2007
2964	1	2	254	0	0
2965	1	2	250	87	2009
2966	1	2	328	0	2007
2967	1	1	250	89	2008
2968	1	2	261	87	2009
2969	1	2	0	0	2007
2970	1	2	339	0	0
2971	1	1	254	0	2006
2972	1	2	339	88	2006
2973	1	1	325	88	2008
2974	1	1	249	0	2007
2975	1	2	339	86	2009
2976	1	2	273	88	2009
2977	1	2	270	88	2006
2978	2	2	306	0	2003
2979	1	2	252	86	0
2980	5	1	272	106	2005
2981	1	1	251	0	2007
2982	1	2	260	87	2008
2983	1	2	339	0	2005
2984	1	1	340	0	2007
2985	1	1	0	0	0
2986	1	2	330	88	2009
2987	1	2	304	0	2008
2988	1	2	251	0	0
2989	1	2	273	101	2008
2990	1	2	268	0	2007
2991	1	2	252	0	2008
2992	1	2	339	0	0
2993	1	2	339	88	2009
2994	1	2	339	86	2007
2995	1	2	254	99	2007
2996	1	1	306	0	2005
2997	1	2	260	0	2006
2998	1	1	250	0	2005
2999	1	1	256	0	2006
3000	1	1	249	0	2008
3001	1	0	0	0	0
3002	1	2	330	87	2005
3003	1	1	249	0	0
3004	1	2	249	0	0
3005	1	2	273	0	2009
3006	1	1	254	0	0
3007	1	1	251	0	2008
3008	1	2	260	88	2009
3009	1	1	251	88	0
3010	1	2	260	0	2006
3011	1	0	0	0	0
3012	1	2	339	88	2007
3013	1	0	339	0	2006
3014	1	1	286	0	2006
3015	2	1	339	0	0
3016	1	1	0	88	2008
3017	1	2	251	0	2005
3018	1	2	288	0	2008
3019	1	1	254	0	0
3020	1	2	275	0	2005
3021	1	0	0	0	2008
3022	1	2	306	87	2007
3023	1	2	339	93	2006
3024	1	2	339	86	2009
3025	1	2	273	87	2009
3026	1	1	250	88	2006
3027	1	2	339	88	2008
3028	1	2	339	0	2008
3029	2	2	268	100	2003
3030	1	1	249	105	2007
3031	1	1	337	88	2009
3032	1	2	340	87	2009
3033	2	2	254	0	2004
3034	1	2	0	0	2008
3035	1	2	260	86	0
3036	1	2	260	88	2009
3037	1	1	268	0	0
3038	1	2	254	0	2008
3039	1	2	260	0	0
3040	2	2	339	0	0
3041	1	2	339	0	2007
3042	1	1	251	88	2009
3043	2	2	268	0	2005
3044	1	1	0	0	0
3045	5	2	339	89	2005
3046	1	2	261	97	2007
3047	1	1	0	107	0
3048	2	2	252	0	2004
3049	1	1	254	86	2009
3050	1	2	268	87	2008
3051	1	0	0	0	0
3052	1	2	339	87	2005
3053	1	2	308	0	2009
3054	1	2	262	101	2006
3055	1	2	252	100	2008
3056	1	2	273	88	2010
3057	1	2	261	88	2005
3058	1	2	339	0	2007
3059	1	2	275	0	0
3060	1	1	252	0	2008
3061	1	1	0	0	2009
3062	1	2	254	88	2005
3063	1	2	268	88	2009
3064	1	1	330	0	2006
3065	1	2	254	88	2008
3066	1	2	308	0	2005
3067	1	2	278	0	2007
3068	2	2	262	0	2001
3069	1	2	268	99	2006
3070	2	1	278	0	2003
3071	1	1	249	107	2006
3072	1	2	253	90	2009
3073	1	1	266	89	2006
3074	1	2	254	0	2007
3075	1	1	303	89	2006
3076	1	2	339	0	2006
3077	1	1	249	0	0
3078	1	1	267	0	0
3079	1	2	339	88	2008
3080	1	2	339	0	2007
3081	1	2	254	0	2007
3082	1	1	249	88	2009
3083	1	2	339	0	2008
3084	1	1	325	0	0
3085	1	2	261	88	2009
3086	1	2	268	86	2005
3087	1	2	330	96	2007
3088	1	1	250	87	2006
3089	1	2	250	87	2009
3090	1	2	252	0	2007
3091	1	2	339	87	2008
3092	2	2	252	0	2005
3093	1	2	252	0	2006
3094	1	2	339	0	2008
3095	1	1	252	0	0
3096	1	2	254	87	2008
3097	2	2	252	92	2005
3098	2	2	262	94	2004
3099	1	1	249	106	2006
3100	1	2	339	0	2005
3101	1	0	0	0	0
3102	1	1	308	110	0
3103	1	2	275	0	2007
3104	1	2	339	0	2008
3105	1	1	256	87	2010
3106	1	2	273	88	2008
3107	1	2	339	92	2006
3108	2	2	339	0	2005
3109	1	2	254	100	2007
3110	1	1	254	88	2007
3111	1	2	268	87	2008
3112	1	1	278	87	2006
3113	1	1	320	88	2008
3114	2	2	278	0	2004
3115	1	0	0	0	0
3116	1	2	339	0	0
3117	2	1	249	0	2004
3118	1	1	252	0	2006
3119	1	1	251	0	0
3120	1	2	339	87	2005
3121	1	1	250	0	0
3122	1	2	254	97	0
3123	2	1	253	0	2004
3124	1	2	320	88	2007
3125	1	1	252	109	2006
3126	1	1	268	110	2005
3127	1	2	269	0	2006
3128	1	2	260	0	0
3129	1	1	260	0	2006
3130	1	2	252	0	2008
3131	1	2	261	87	2008
3132	1	2	261	100	2006
3133	1	2	255	0	2008
3134	1	2	0	0	2006
3135	2	2	253	86	2003
3136	1	2	339	88	2005
3137	1	2	339	99	2007
3138	1	2	268	86	2008
3139	1	2	339	0	2007
3140	1	1	339	107	2006
3141	1	2	339	0	0
3142	1	2	339	0	2008
3143	1	2	268	87	2006
3144	1	2	339	0	2006
3145	1	2	269	88	2007
3146	1	1	0	109	0
3147	2	1	254	109	2004
3148	1	1	0	107	2007
3149	1	2	306	0	2007
3150	1	2	0	0	0
3151	1	1	240	88	0
3152	1	2	0	88	0
3153	1	2	254	0	2006
3154	1	1	249	108	2006
3155	2	2	337	0	2004
3156	1	1	251	0	2007
3157	1	2	339	0	2008
3158	2	2	339	0	2004
3159	1	1	331	88	2009
3160	1	2	334	0	2007
3161	1	2	339	88	2007
3162	5	2	0	0	0
3163	1	1	286	0	2006
3164	1	2	263	0	0
3165	1	2	338	0	2004
3166	5	2	339	0	2006
3167	1	2	262	86	2006
3168	1	2	262	87	2006
3169	1	2	339	0	2007
3170	1	2	275	0	2006
3171	1	2	250	93	2007
3172	1	2	339	87	2008
3173	1	1	339	88	2005
3174	1	2	252	88	2008
3175	1	2	339	0	2007
3176	1	2	339	87	2009
3177	1	1	278	88	2009
3178	1	2	249	0	2009
3179	5	2	0	0	0
3180	1	2	251	0	2008
3181	5	1	250	0	2006
3182	2	1	251	107	2003
3183	1	1	250	87	0
3184	1	2	262	0	2006
3185	1	1	320	0	2007
3186	2	2	252	0	2005
3187	1	2	287	0	2005
3188	1	2	339	87	2008
3189	1	1	306	0	0
3190	1	2	261	0	2007
3191	1	2	339	0	2006
3192	1	2	262	91	2007
3193	1	1	330	108	2005
3194	1	1	268	87	2008
3195	1	2	251	0	2007
3196	1	1	339	0	2007
3197	1	2	268	0	0
3198	2	2	316	0	2005
3199	1	1	250	88	2005
3200	1	2	339	87	2009
3201	1	2	268	0	2006
3202	1	2	254	0	2007
3203	1	2	331	88	2008
3204	1	2	288	0	2006
3205	1	2	254	0	0
3206	1	2	339	0	2006
3207	2	2	252	0	2004
3208	1	2	339	0	2008
3209	1	2	339	0	2009
3210	2	2	268	0	2003
3211	1	2	339	0	0
3212	5	1	339	86	2006
3213	1	2	268	0	2004
3214	1	2	251	0	2007
3215	1	0	0	0	0
3216	1	2	339	0	2007
3217	1	2	252	0	0
3218	1	2	268	87	2009
3219	1	2	248	0	0
3220	1	2	254	0	2008
3221	1	2	254	0	2005
3222	2	1	328	110	2005
3223	1	2	268	88	2008
3224	1	1	278	88	2009
3225	1	1	339	88	2008
3226	1	1	249	0	0
3227	1	2	339	87	2007
3228	1	2	251	0	0
3229	2	1	252	0	2005
3230	1	2	260	0	2008
3231	1	2	262	0	0
3232	1	2	268	0	2006
3233	1	2	275	0	2008
3234	1	0	0	0	0
3235	1	2	254	86	2009
3236	1	1	251	88	2007
3237	1	0	0	0	0
3238	1	2	339	87	2008
3239	1	2	306	0	2008
3240	1	1	304	0	2008
3241	1	2	254	87	0
3242	2	1	330	0	2005
3243	1	2	262	88	2008
3244	1	2	339	99	2005
3245	1	0	328	109	0
3246	1	2	0	0	0
3247	2	1	250	107	2004
3248	1	1	249	0	2007
3249	1	2	275	0	2010
3250	1	2	339	88	2009
3251	1	2	339	86	2008
3252	1	2	268	88	2009
3253	1	1	249	86	2009
3254	1	2	339	87	2007
3255	1	2	254	93	0
3256	1	2	306	89	2008
3257	1	2	339	87	2009
3258	1	2	252	88	2009
3259	1	2	250	0	2007
3260	1	2	275	0	2007
3261	1	2	268	99	0
3262	1	2	306	0	2006
3263	1	1	249	0	2005
3264	1	2	261	88	2009
3265	1	2	254	86	2007
3266	1	1	248	89	2006
3267	1	1	251	0	0
3268	1	2	339	88	2008
3269	1	2	268	88	2007
3270	1	2	339	87	2008
3271	1	1	335	87	2008
3272	1	1	256	0	0
3273	1	2	278	88	2009
3274	1	1	251	107	2006
3275	1	1	325	0	0
3276	1	2	330	0	2005
3277	1	1	273	88	2009
3278	2	2	339	0	2005
3279	1	2	339	0	2007
3280	1	1	306	88	2008
3281	1	2	263	0	2006
3282	1	1	253	88	2009
3283	1	2	339	0	2007
3284	2	2	0	0	2004
3285	1	1	252	88	2009
3286	1	2	260	87	2007
3287	1	1	250	0	2008
3288	1	2	339	88	0
3289	1	1	339	88	2009
3290	1	2	268	0	2008
3291	1	1	250	88	2005
3292	1	2	339	88	2008
3293	2	2	339	0	2005
3294	1	2	275	102	2007
3295	1	2	339	95	0
3296	1	2	262	88	2009
3297	1	2	252	87	2006
3298	1	1	256	0	2008
3299	1	2	339	0	0
3300	1	1	252	87	2009
3301	2	2	254	0	2005
3302	1	2	251	87	2008
3303	1	2	254	0	0
3304	1	2	252	0	0
3305	1	2	261	89	2008
3306	1	2	278	0	2007
3307	1	2	252	86	2008
3308	1	2	339	0	2008
3309	2	2	262	0	2003
3310	2	1	249	0	2004
3311	1	2	254	0	2007
3312	1	2	339	0	2008
3313	1	2	339	86	0
3314	1	2	339	98	2006
3315	2	2	339	0	2005
3316	1	2	261	0	2009
3317	1	2	0	0	2008
3318	1	2	339	87	2007
3319	1	2	339	88	0
3320	1	2	339	87	2010
3321	1	2	339	87	0
3322	1	1	268	0	2007
3323	1	2	268	87	0
3324	1	0	0	0	0
3325	2	1	339	0	2004
3326	1	2	262	88	2007
3327	1	1	288	105	2005
3328	1	1	250	87	0
3329	1	2	262	0	2008
3330	2	1	249	0	1997
3331	1	1	268	87	0
3332	1	2	339	0	2006
3333	1	2	254	87	2009
3334	1	1	325	0	2007
3335	1	2	253	87	2009
3336	1	1	306	0	2006
3337	1	2	250	0	0
3338	2	1	339	108	2005
3339	1	1	268	0	2006
3340	1	2	266	87	2008
3341	1	1	250	0	0
3342	1	2	339	87	0
3343	1	2	268	88	2008
3344	1	2	0	87	2008
3345	1	2	339	0	2006
3346	1	2	261	0	0
3347	1	2	260	87	2008
3348	1	2	273	87	2008
3349	1	2	268	0	2005
3350	1	2	260	0	2004
3351	1	2	268	99	2005
3352	1	1	256	0	2005
3353	1	1	337	88	0
3354	1	0	0	0	0
3355	1	2	269	87	2009
3356	1	1	303	0	0
3357	1	1	249	89	2008
3358	1	1	251	89	2007
3359	1	2	250	87	2009
3360	1	2	252	87	2008
3361	1	2	254	0	2007
3362	1	2	254	88	2005
3363	1	2	252	88	2008
3364	2	1	339	0	2005
3365	1	2	252	88	2009
3366	1	1	250	0	2007
3367	1	1	240	88	2009
3368	2	0	0	0	0
3369	1	2	254	0	2005
3370	1	1	253	0	2008
3371	1	0	0	0	0
3372	1	2	251	92	2005
3373	1	2	339	0	2008
3374	1	2	339	0	0
3375	1	2	278	99	2006
3376	1	2	331	88	2009
3377	1	2	252	86	2009
3378	1	2	268	88	2005
3379	1	2	260	88	2007
3380	1	2	268	88	0
3381	1	2	334	88	2008
3382	1	2	251	0	2008
3383	1	2	273	87	2009
3384	1	2	268	87	2006
3385	1	1	250	0	0
3386	1	2	251	0	2008
3387	1	2	251	0	2006
3388	2	1	254	107	2004
3389	1	2	273	86	2009
3390	1	2	339	0	2007
3391	1	1	249	89	2008
3392	1	2	268	0	2008
3393	1	2	320	87	2009
3394	1	2	263	0	0
3395	1	2	268	0	2007
3396	1	1	325	86	2009
3397	2	2	252	102	2004
3398	1	2	325	89	2006
3399	1	1	0	0	0
3400	1	2	251	86	0
3401	1	2	252	0	2007
3402	2	1	250	0	2005
3403	1	2	339	88	2005
3404	2	2	268	0	0
3405	1	2	339	0	2004
3406	1	2	268	0	2005
3407	1	2	252	112	2007
3408	1	2	275	0	2007
3409	1	2	260	87	2009
3410	1	2	308	0	2008
3411	1	2	339	87	2005
3412	1	2	339	90	2007
3413	1	2	339	87	2007
3414	1	2	339	0	2007
3415	1	1	339	88	2008
3416	1	1	254	88	2009
3417	2	2	328	98	2004
3418	1	2	260	87	2004
3419	1	2	250	0	2006
3420	1	1	249	0	2008
3421	1	2	262	86	2008
3422	1	1	249	88	2009
3423	1	2	275	88	2009
3424	1	2	275	88	2008
3425	1	2	339	0	2008
3426	1	1	268	88	0
3427	1	2	251	89	2006
3428	1	1	334	110	2008
3429	1	2	262	87	2009
3430	1	2	254	0	2008
3431	1	2	339	88	2008
3432	1	0	250	0	0
3433	1	2	308	86	2005
3434	1	2	269	0	2007
3435	1	2	339	0	2005
3436	1	2	262	87	2009
3437	1	2	268	0	0
3438	1	2	268	87	2007
3439	1	2	254	89	2008
3440	1	1	325	88	2009
3441	1	1	260	0	2007
3442	1	1	278	106	0
3443	1	2	0	0	2005
3444	1	1	260	0	2007
3445	1	2	269	0	2007
3446	1	1	251	105	2005
3447	1	2	269	87	0
3448	1	2	262	87	2008
3449	1	2	339	0	2007
3450	1	0	0	0	0
3451	1	1	254	0	2007
3452	1	2	286	96	2008
3453	1	2	251	92	2005
3454	2	2	268	0	2004
3455	1	2	262	87	0
3456	1	2	288	0	2004
3457	1	2	0	0	2007
3458	1	1	240	88	2008
3459	1	2	237	87	2008
3460	2	2	339	0	2004
3461	1	2	254	88	2009
3462	1	2	278	88	0
3463	1	0	0	0	0
3464	1	2	339	102	2006
3465	1	2	260	0	2008
3466	1	1	251	88	2009
3467	1	2	251	0	2008
3468	1	1	278	107	2006
3469	1	2	337	88	2009
3470	1	2	260	86	2005
3471	1	1	339	86	2009
3472	1	2	339	88	2009
3473	1	1	254	86	2005
3474	1	2	249	87	2009
3475	1	2	260	0	0
3476	1	2	260	88	2008
3477	5	1	289	0	0
3478	1	2	262	87	2008
3479	1	2	339	93	0
3480	1	1	339	0	2007
3481	2	2	268	0	2005
3482	1	0	0	0	0
3483	1	1	249	0	2009
3484	1	2	256	89	0
3485	1	0	0	0	0
3486	1	2	260	89	2006
3487	1	2	254	87	2009
3488	1	2	339	88	2007
3489	1	2	240	88	2009
3490	1	2	339	87	0
3491	1	1	250	0	2005
3492	1	1	339	88	0
3493	1	2	268	0	0
3494	4	2	263	0	0
3495	2	2	289	0	0
3496	1	2	262	0	2006
3497	1	1	273	88	2009
3498	1	2	339	87	2008
3499	1	1	252	106	2007
3500	1	2	268	0	2007
3501	1	2	286	0	2007
3502	1	1	251	86	2009
3503	1	2	254	0	2007
3504	1	2	268	0	0
3505	1	2	254	0	2006
3506	1	1	241	87	2008
3507	1	2	309	88	0
3508	1	1	339	88	2008
3509	1	2	339	0	2008
3510	1	1	0	0	0
3511	1	2	339	87	2004
3512	1	1	249	0	2007
3513	1	2	339	0	2007
3514	1	2	339	0	2007
3515	1	1	252	89	2007
3516	1	2	261	87	2007
3517	1	2	254	0	0
3518	1	2	262	88	2006
3519	1	0	250	87	2008
3520	2	1	250	0	2005
3521	2	1	252	0	2005
3522	1	2	268	0	2006
3523	1	1	258	0	2007
3524	2	2	339	0	2005
3525	1	2	260	88	2008
3526	2	2	339	0	2004
3527	2	2	252	0	2004
3528	1	2	334	0	2007
3529	2	2	339	88	2004
3530	1	1	339	0	0
3531	1	2	339	0	2007
3532	1	2	306	89	2006
3533	2	2	328	0	2004
3534	1	1	257	0	2009
3535	1	1	267	0	2009
3536	1	1	249	107	2007
3537	1	2	254	87	2008
3538	1	1	251	87	0
3539	1	2	252	88	2008
3540	1	2	339	0	0
3541	1	2	273	0	0
3542	2	2	339	92	2005
3543	1	2	262	0	0
3544	4	1	0	0	0
3545	1	2	268	0	2006
3546	1	2	339	90	2007
3547	1	2	240	0	2006
3548	1	2	268	87	2009
3549	1	2	307	94	2005
3550	1	2	273	88	2008
3551	2	1	254	0	2004
3552	1	2	268	0	2006
3553	1	0	268	88	0
3554	1	2	260	87	0
3555	1	2	254	93	2006
3556	1	1	251	0	2009
3557	1	2	339	0	2006
3558	1	2	260	0	2007
3559	2	2	305	87	2003
3560	1	2	0	93	2006
3561	1	2	339	0	0
3562	1	2	320	0	0
3563	1	1	249	0	2009
3564	1	2	268	100	2008
3565	1	2	339	0	2006
3566	2	2	254	87	0
3567	1	1	254	87	2009
3568	1	2	250	86	2009
3569	1	2	269	88	2009
3570	1	2	268	0	0
3571	1	2	308	88	2006
3572	1	2	339	88	2009
3573	1	2	254	88	2005
3574	1	2	269	0	2007
3575	1	2	254	0	2006
3576	1	2	249	87	2009
3577	2	0	0	0	0
3578	1	2	319	87	2009
3579	1	0	243	88	2008
3580	1	1	249	89	2006
3581	1	2	254	88	2009
3582	1	1	250	88	0
3583	1	2	254	0	2008
3584	1	0	0	0	0
3585	2	0	0	0	0
3586	1	2	249	97	2006
3587	1	2	268	0	2007
3588	1	1	249	88	2007
3589	1	2	267	88	2008
3590	1	2	339	0	2007
3591	1	2	268	87	2008
3592	1	1	325	0	2009
3593	1	1	254	88	2009
3594	1	2	339	93	0
3595	1	2	339	86	2009
3596	1	2	262	0	2007
3597	1	2	278	0	2006
3598	1	2	254	0	2007
3599	1	2	268	88	2009
3600	1	1	339	87	2008
3601	1	2	328	0	0
3602	1	2	334	0	2007
3603	1	2	330	0	2006
3604	1	2	254	88	2009
3605	1	2	275	88	2008
3606	2	2	268	0	2005
3607	2	2	268	0	2005
3608	1	2	263	0	2006
3609	1	0	0	0	0
3610	1	2	251	0	2007
3611	1	2	328	0	2008
3612	2	2	268	0	2004
3613	1	2	339	93	2007
3614	1	2	268	87	2008
3615	1	1	308	0	2006
3616	1	2	339	0	2006
3617	1	2	306	0	0
3618	1	2	250	0	2006
3619	1	2	255	93	2007
3620	1	2	339	0	0
3621	2	2	251	0	2004
3622	1	2	268	0	0
3623	1	2	339	0	2007
3624	1	2	339	88	2008
3625	1	2	269	90	2006
3626	1	1	251	0	2008
3627	1	2	268	0	2005
3628	1	1	251	0	2006
3629	1	2	320	88	2008
3630	1	1	250	0	2008
3631	1	2	339	93	2007
3632	1	2	278	0	2006
3633	1	2	273	88	2009
3634	2	0	252	0	2005
3635	1	2	254	87	2010
3636	1	1	267	0	0
3637	2	1	251	0	2005
3638	1	2	339	87	0
3639	1	2	331	0	2008
3640	1	1	249	0	2008
3641	1	1	339	111	0
3642	1	2	268	0	2006
3643	1	1	254	0	0
3644	1	1	328	89	0
3645	2	1	328	0	2004
3646	1	2	261	0	2008
3647	1	1	262	0	2010
3648	1	2	273	88	2009
3649	2	1	339	0	2005
3650	2	0	250	106	2003
3651	1	1	268	0	2006
3652	5	1	268	89	2005
3653	1	2	254	0	0
3654	1	2	268	89	2008
3655	1	1	251	0	2006
3656	1	2	320	0	2005
3657	1	2	320	0	2006
3658	1	2	339	86	2008
3659	1	2	339	88	2009
3660	1	2	262	87	2009
3661	2	1	328	0	0
3662	1	2	339	86	2009
3663	1	1	251	0	2006
3664	1	2	268	0	0
3665	1	2	339	88	2009
3666	1	2	278	88	2008
3667	2	2	254	0	2004
3668	2	0	247	94	0
3669	1	1	273	88	2009
3670	1	2	262	89	2008
3671	1	1	251	106	2006
3672	1	2	268	87	2008
3673	1	2	268	0	0
3674	1	2	254	0	2005
3675	1	2	339	87	2008
3676	1	2	339	90	2006
3677	1	2	254	102	2007
3678	2	1	339	0	2005
3679	1	1	251	0	2008
3680	1	2	263	86	2008
3681	2	1	254	0	0
3682	1	2	265	0	0
3683	1	1	250	0	2007
3684	1	1	339	88	2008
3685	1	1	278	89	0
3686	1	1	249	0	2008
3687	2	2	316	0	2005
3688	1	2	331	88	2008
3689	1	1	250	105	2008
3690	1	2	261	92	2004
3691	1	2	339	92	0
3692	1	2	249	97	2005
3693	1	2	339	88	2008
3694	1	1	325	0	2006
3695	1	2	251	0	0
3696	1	2	339	88	2006
3697	1	1	254	106	2006
3698	1	0	268	0	0
3699	1	2	260	88	2009
3700	1	2	251	0	2007
3701	1	2	339	0	0
3702	1	2	254	0	2006
3703	1	1	339	88	0
3704	1	1	339	88	2008
3705	1	2	252	89	2008
3706	1	1	308	0	2006
3707	1	2	262	0	2007
3708	1	2	260	0	2007
3709	1	2	252	88	0
3710	1	2	306	0	2009
3711	1	2	268	87	2009
3712	1	2	262	88	2005
3713	1	2	339	0	2008
3714	1	1	306	88	2009
3715	1	2	252	87	2005
3716	1	2	261	88	2007
3717	1	1	250	0	0
3718	1	2	252	0	2006
3719	2	1	306	111	2005
3720	2	2	325	0	2005
3721	1	2	339	100	2008
3722	1	2	268	0	2007
3723	1	1	339	110	2007
3724	1	2	254	0	0
3725	1	2	250	0	2009
3726	2	2	339	0	2005
3727	1	2	339	0	0
3728	1	2	339	0	2007
3729	1	0	0	0	0
3730	1	2	255	88	2008
3731	1	2	278	88	2006
3732	1	2	278	0	2006
3733	1	2	339	88	0
3734	1	2	339	87	2008
3735	1	1	273	88	0
3736	2	2	339	0	2005
3737	2	0	0	108	2005
3738	1	1	250	0	2008
3739	1	2	337	100	2008
3740	1	0	0	0	0
3741	1	2	320	88	2008
3742	1	1	0	0	0
3743	1	2	330	88	2008
3744	1	2	339	88	2008
3745	1	2	339	87	0
3746	1	2	339	0	2006
3747	1	1	251	0	2006
3748	1	2	250	0	2007
