id	status	gender	major	dorm	year
1	1	2	31	329	2006
2	1	2	0	0	2006
3	1	2	19	329	2009
4	1	2	33	331	2008
5	1	1	14	329	2008
6	1	1	22	330	2006
7	1	1	0	328	2007
8	1	2	1	327	2005
9	1	1	0	327	2008
10	1	2	10	331	2008
11	2	2	0	0	2002
12	2	2	31	0	2005
13	2	2	1	0	2005
14	1	2	10	331	2007
15	1	2	11	330	2006
16	1	2	28	331	2007
17	1	2	22	330	2008
18	1	0	0	0	2009
19	1	2	30	329	2009
20	1	2	14	327	2008
21	2	2	39	328	2005
22	2	0	4	0	2005
23	1	1	1	333	2006
24	1	1	36	0	2005
25	1	1	16	329	2008
26	2	2	1	0	2004
27	2	2	10	0	2005
28	1	0	29	327	2006
29	2	1	1	327	2004
30	1	0	0	0	0
31	2	1	11	0	2005
32	1	0	0	0	0
33	2	1	40	329	2005
34	1	1	0	327	2009
35	2	2	22	330	2004
36	1	1	10	330	2008
37	1	1	19	331	2006
38	2	2	3	0	2004
39	1	2	18	330	2007
40	1	2	19	329	2007
41	2	0	0	0	0
42	1	2	10	330	2006
43	1	2	0	331	2007
44	2	1	22	330	0
45	1	1	0	331	2008
46	4	2	0	0	0
47	1	1	0	329	2009
48	1	2	0	327	2009
49	1	1	22	330	2008
50	1	2	0	331	2007
51	1	2	19	331	2006
52	1	2	5	0	2007
53	1	2	0	331	2008
54	4	1	0	0	0
55	2	1	11	327	2005
56	1	1	22	331	2008
57	1	2	13	330	2008
58	2	0	0	0	0
59	2	2	0	0	0
60	1	1	0	0	2009
61	1	1	0	327	2008
62	1	1	4	331	2007
63	2	1	20	0	2005
64	1	1	0	327	2007
65	1	2	0	0	2008
66	1	1	11	0	2006
67	1	1	26	327	2008
68	1	2	1	329	2007
69	1	2	10	330	2007
70	2	2	11	0	2005
71	1	2	10	331	2007
72	2	1	25	329	2005
73	2	1	11	329	2004
74	1	1	12	327	2006
75	1	2	31	331	2007
76	1	1	21	331	2009
77	1	1	33	331	2008
78	1	2	10	331	2008
79	1	1	33	328	2006
80	1	1	28	329	2005
81	2	2	10	0	2005
82	1	2	21	330	2006
83	1	1	0	328	2008
84	2	1	11	0	2004
85	1	0	0	330	2008
86	1	2	4	0	2005
87	1	1	0	0	2009
88	1	1	22	328	2006
89	2	2	31	0	2005
90	2	2	22	0	2005
91	2	1	38	0	2004
92	1	2	35	331	2006
93	1	1	0	328	2008
94	2	1	26	0	2005
95	1	1	20	328	2006
96	1	1	33	328	2008
97	2	2	1	0	2004
98	1	2	0	331	2009
99	1	1	0	327	2009
100	1	2	31	0	2007
101	1	2	22	328	2008
102	1	2	0	327	0
103	1	1	22	328	2009
104	1	2	0	0	2009
105	1	2	19	333	2006
106	5	1	37	0	2005
107	1	2	30	329	2006
108	1	1	14	328	2004
109	1	1	22	330	2006
110	1	2	0	0	2005
111	1	0	11	327	2006
112	1	2	0	0	2007
113	1	2	10	330	2006
114	2	1	33	0	2005
115	1	2	16	331	2007
116	2	1	33	0	2004
117	1	2	26	331	2006
118	1	2	3	334	2009
119	1	1	20	327	2008
120	1	1	12	329	2009
121	1	0	7	329	2006
122	1	1	20	327	2006
123	2	1	21	328	2004
124	1	1	36	328	2008
125	1	1	0	329	2008
126	1	2	19	330	2009
127	1	2	12	331	2009
128	1	1	0	0	2009
129	1	1	15	329	2009
130	2	1	12	328	2002
131	1	2	0	327	2009
132	1	2	0	330	2008
133	1	2	0	327	2008
134	1	1	33	327	2005
135	1	1	0	331	2009
136	2	1	33	330	2005
137	1	1	12	0	2008
138	2	1	10	0	2005
139	1	1	22	328	2007
140	2	2	21	330	2004
141	1	2	21	327	2008
142	1	1	36	330	2006
143	5	0	0	0	0
144	1	2	31	0	2006
145	1	1	0	331	2008
146	1	2	0	0	0
147	1	1	23	330	2008
148	1	1	35	327	2007
149	1	2	21	329	2006
150	1	1	6	327	2007
151	1	1	20	334	2007
152	2	1	16	0	2005
153	1	1	0	330	2008
154	1	1	15	332	2006
155	1	1	1	330	2006
156	1	1	21	328	2009
157	1	2	31	327	2009
158	2	1	12	0	2005
159	2	1	11	329	2005
160	2	2	21	331	2005
161	1	2	11	0	0
162	1	1	5	327	2009
163	2	2	5	328	2005
164	1	1	31	328	2007
165	1	1	36	327	2007
166	1	2	39	328	2007
167	1	1	32	331	2006
168	1	2	33	330	2008
169	1	1	11	328	2008
170	1	1	10	331	2007
171	1	2	31	330	2007
172	1	2	10	329	2007
173	1	1	1	328	2006
174	1	2	10	335	2006
175	1	1	37	331	2008
176	1	1	0	328	2009
177	1	0	0	0	0
178	1	1	31	329	0
179	1	1	10	329	2006
180	1	2	22	327	2007
181	1	2	0	328	2009
182	1	0	0	0	0
183	1	2	11	327	2006
184	1	2	40	0	0
185	1	1	0	330	0
186	1	2	10	329	2006
187	2	2	25	330	2004
188	1	2	10	330	2008
189	1	1	40	329	2009
190	1	2	14	331	2005
191	1	1	37	329	2008
192	1	1	22	327	2007
193	1	1	33	0	2004
194	1	1	22	331	2007
195	2	2	22	0	2004
196	1	2	29	331	2007
197	1	2	33	331	2006
198	1	1	11	328	2006
199	1	1	0	329	2009
200	1	2	20	331	2007
201	1	1	5	329	2006
202	1	2	8	329	2008
203	1	1	33	0	2007
204	1	1	20	329	2006
205	3	2	0	0	0
206	1	1	33	329	2007
207	1	1	29	327	2008
208	1	0	0	330	2006
209	1	0	30	0	0
210	2	1	39	0	2003
211	1	2	0	0	2009
212	2	2	25	0	2004
213	2	1	33	0	2005
214	2	2	10	330	2005
215	1	2	4	329	2007
216	1	2	0	329	2009
217	2	1	12	0	2005
218	2	0	20	330	2005
219	1	1	0	328	2009
220	2	2	31	330	0
221	1	2	39	328	2008
222	1	1	0	327	2006
223	2	1	10	327	2005
224	1	1	20	327	2005
225	1	0	0	331	2008
226	1	2	21	330	0
227	1	0	0	0	0
228	1	1	0	328	2009
229	2	1	34	327	2004
230	1	2	24	331	2006
231	2	0	10	0	2005
232	1	2	31	328	2006
233	1	2	33	329	2007
234	1	0	11	0	0
235	1	1	22	328	2008
236	2	2	1	0	2004
237	1	1	0	331	2009
238	1	2	0	0	2007
239	2	1	33	0	2005
240	1	2	10	327	2007
241	1	1	8	328	2009
242	1	1	0	328	2008
243	1	1	15	330	2006
244	1	2	31	331	2008
245	1	1	33	330	2006
246	2	1	26	0	2004
247	1	2	26	330	2008
248	1	1	11	331	0
249	2	2	0	0	2002
250	2	2	31	327	2004
251	4	2	1	0	2005
252	1	2	0	328	2008
253	2	2	39	0	2004
254	2	1	11	328	2005
255	1	1	16	0	2008
256	1	1	20	328	2008
257	1	1	18	333	2006
258	1	2	30	331	2007
259	1	1	19	328	2007
260	1	1	11	334	2005
261	1	2	22	329	2009
262	1	2	10	329	2009
263	1	2	20	331	2006
264	1	2	30	331	2006
265	2	2	11	330	2002
266	1	0	0	0	0
267	1	1	24	330	2006
268	1	2	28	329	2006
269	1	1	11	327	2009
270	1	1	0	328	2009
271	1	2	27	328	2006
272	2	1	22	0	2003
273	1	1	13	328	2009
274	1	2	0	331	2008
275	1	1	10	330	2007
276	1	1	0	330	2008
277	1	1	10	331	2007
278	1	1	37	329	2008
279	1	1	19	331	2008
280	1	1	0	330	2009
281	1	2	21	0	2006
282	1	2	0	0	2008
283	1	2	22	0	2005
284	1	1	25	330	2006
285	2	0	31	0	2005
286	1	2	22	333	2006
287	1	1	33	331	2006
288	1	1	17	329	2006
289	1	1	39	329	2006
290	2	2	4	331	2003
291	1	2	10	329	2008
292	2	2	1	327	2005
293	1	1	39	327	2007
294	1	0	33	327	2007
295	1	2	4	331	2008
296	1	2	33	327	2007
297	1	2	21	328	2006
298	1	2	0	327	2009
299	1	1	11	330	2009
300	1	2	0	327	2009
301	1	2	26	330	2008
302	2	1	11	332	2005
303	2	1	10	0	2005
304	1	1	11	327	2006
305	2	1	2	329	2004
306	1	2	0	330	2008
307	1	1	0	331	2008
308	1	1	6	328	2009
309	1	1	33	330	2008
310	1	1	28	328	2008
311	1	1	10	330	2008
312	1	1	28	331	2005
313	1	1	1	327	2008
314	1	1	11	328	2007
315	1	1	19	327	2007
316	2	2	10	331	2004
317	1	2	0	328	2009
318	1	1	4	327	2009
319	1	1	12	331	2008
320	2	2	26	327	2005
321	1	1	10	0	2006
322	1	2	22	327	2006
323	1	2	10	330	2007
324	1	2	11	333	2006
325	1	2	36	331	2007
326	1	2	0	330	2009
327	1	2	10	331	2006
328	1	1	0	327	2009
329	5	1	0	0	2003
330	1	1	19	331	2006
331	1	1	28	331	2007
332	1	2	0	329	2009
333	1	1	39	0	2010
334	1	0	0	0	0
335	1	0	33	0	2006
336	1	2	21	331	2005
337	1	1	10	328	2008
338	1	1	0	327	2008
339	1	2	21	329	2008
340	2	1	26	327	2005
341	1	1	20	327	2008
342	1	2	10	0	2009
343	1	2	22	329	2008
344	2	0	22	0	2005
345	1	2	10	0	2006
346	1	2	10	328	2009
347	1	1	12	331	2009
348	2	2	26	0	2005
349	1	2	29	329	2006
350	1	2	1	0	2006
351	2	0	0	0	0
352	1	1	28	327	2006
353	2	1	33	332	0
354	1	1	20	329	2008
355	1	1	12	330	2007
356	1	2	30	329	2009
357	1	2	19	329	2006
358	1	1	21	0	2009
359	1	2	10	0	2006
360	1	2	10	327	2006
361	1	0	22	327	2008
362	2	2	10	327	2002
363	2	2	11	331	2005
364	1	2	10	327	2008
365	2	2	34	0	2004
366	1	2	0	329	2009
367	2	2	10	0	2005
368	1	2	29	330	2009
369	2	0	0	0	0
370	1	2	10	329	2006
371	1	1	2	328	2007
372	1	2	16	331	2006
373	2	2	0	0	2004
374	1	1	11	328	2006
375	1	1	1	328	2007
376	1	2	10	328	2006
377	1	0	0	0	0
378	1	1	28	331	2007
379	2	0	2	0	2005
380	1	2	10	332	2006
381	2	0	0	0	0
382	2	1	20	0	2005
383	1	0	0	0	0
384	1	2	30	328	2008
385	1	2	37	328	2006
386	1	2	19	329	2008
387	1	1	0	328	2007
388	1	1	33	327	2009
389	1	2	19	328	2009
390	2	1	22	328	2005
391	1	2	5	0	2007
392	1	2	28	330	2008
393	2	0	0	0	2004
394	1	2	18	327	2007
395	1	1	31	328	2008
396	1	1	11	335	2006
397	1	2	11	330	2007
398	1	1	17	327	2008
399	1	2	11	329	2006
400	1	1	11	0	2005
401	1	1	4	330	2006
402	1	1	29	327	2007
403	1	2	33	327	2006
404	1	1	0	0	2008
405	1	2	10	327	2006
406	1	1	0	329	2009
407	1	2	30	330	2009
408	1	2	11	330	2008
409	1	2	5	330	2007
410	1	2	4	329	2006
411	1	2	0	328	2009
412	1	1	36	328	2007
413	1	2	34	329	2006
414	1	1	22	328	2009
415	1	1	39	329	2007
416	1	0	0	0	0
417	1	0	0	0	0
418	1	1	12	331	2007
419	1	2	11	330	2008
420	1	2	29	331	2008
421	1	2	13	327	2008
422	1	2	10	328	2008
423	1	1	22	0	2006
424	1	0	14	329	2006
425	1	2	0	0	0
426	1	1	0	331	2008
427	1	1	0	329	2009
428	2	2	13	0	2005
429	1	2	0	328	2008
430	2	1	11	327	2004
431	2	0	0	0	2003
432	3	2	0	0	0
433	1	1	0	328	2007
434	5	0	0	0	0
435	1	2	31	0	2004
436	2	1	22	0	2005
437	1	2	22	329	2006
438	1	2	11	328	2009
439	1	2	10	330	2007
440	1	2	0	330	0
441	1	2	0	0	2008
442	1	1	19	327	2006
443	2	2	31	330	2005
444	1	1	31	331	0
445	1	1	28	0	2006
446	1	2	5	0	2006
447	1	0	0	0	0
448	1	1	22	327	2008
449	1	2	0	327	2009
450	1	2	22	329	2007
451	1	2	31	331	0
452	1	2	4	328	2009
453	1	1	11	330	2008
454	1	1	0	328	2008
455	1	2	12	328	2009
456	1	1	0	329	2008
457	1	1	11	329	2007
458	1	2	0	328	2009
459	2	1	12	0	2005
460	1	2	21	330	2008
461	1	1	0	327	2009
462	1	2	10	0	2007
463	1	1	0	328	2008
464	1	2	25	329	2007
465	1	2	22	327	2008
466	1	1	25	0	0
467	2	1	31	0	2004
468	1	2	23	329	2009
469	2	2	19	0	2005
470	1	2	0	328	2009
471	1	1	0	329	2008
472	1	1	28	327	2005
473	1	2	10	329	0
474	4	1	1	335	2006
475	2	0	15	0	2004
476	1	1	20	328	2007
477	1	2	0	327	2009
478	1	1	1	329	2008
479	1	1	21	328	2009
480	1	1	31	327	2007
481	1	2	0	330	2006
482	1	1	34	330	2008
483	2	2	39	333	2004
484	1	1	22	329	2007
485	1	2	0	331	2008
486	1	2	0	330	2007
487	1	2	0	328	2009
488	2	2	10	0	2005
489	1	1	31	331	2007
490	1	2	10	331	2006
491	1	2	0	330	2008
492	1	2	5	329	2006
493	1	2	1	335	2006
494	1	0	0	0	0
495	1	2	0	327	2008
496	2	2	12	330	2005
497	1	1	38	331	2009
498	1	1	10	329	2007
499	1	0	13	0	2007
500	2	0	0	0	0
501	1	1	14	328	2008
502	1	2	9	327	2008
503	1	1	11	327	2009
504	1	2	28	330	2007
505	2	2	19	0	2004
506	1	2	1	335	2007
507	1	2	19	327	2008
508	2	2	19	0	2005
509	1	1	28	328	2008
510	1	2	23	330	2007
511	2	2	14	0	2004
512	2	2	30	327	2005
513	1	0	0	0	0
514	1	2	40	327	2008
515	2	2	16	0	2004
516	2	2	21	327	2004
517	1	2	12	328	2008
518	1	1	14	328	2007
519	2	2	8	330	2004
520	1	0	36	0	2006
521	1	1	0	0	2008
522	1	0	0	0	0
523	1	2	24	328	2009
524	1	2	6	328	2007
525	1	1	1	331	2006
526	1	2	12	330	2008
527	1	0	10	0	0
528	1	0	0	0	0
529	1	1	35	330	2007
530	1	0	11	0	0
531	2	2	5	327	2005
532	1	1	10	328	2008
533	1	1	25	0	0
534	2	1	29	330	2003
535	5	1	37	0	0
536	1	2	4	329	2009
537	2	2	20	0	2005
538	1	2	5	329	2006
539	1	2	14	329	2009
540	1	1	0	327	2009
541	1	1	33	0	2006
542	1	1	37	328	2006
543	1	1	0	331	2008
544	1	1	0	330	2009
545	1	1	39	327	2005
546	1	1	28	0	2006
547	1	1	0	328	2008
548	1	1	28	331	2006
549	1	2	21	330	2009
550	1	2	8	328	2006
551	2	2	21	327	2005
552	2	0	10	0	0
553	1	0	0	0	0
554	2	2	10	0	2005
555	1	1	22	330	2005
556	1	2	13	331	2007
557	1	1	12	327	2007
558	1	1	31	328	2007
559	1	2	0	330	2008
560	2	2	29	0	2005
561	1	2	1	327	2007
562	1	1	0	328	2006
563	1	1	11	329	2006
564	1	2	22	330	2007
565	1	2	13	331	2007
566	1	1	5	331	2009
567	1	2	2	328	2007
568	2	1	28	0	2004
569	2	1	10	0	2005
570	2	1	33	0	2005
571	1	2	30	327	2006
572	1	2	4	328	2009
573	2	2	18	0	2004
574	1	2	11	331	0
575	1	2	19	335	2007
576	1	0	35	331	2006
577	2	1	22	0	2004
578	1	2	10	0	2007
579	2	1	11	0	2005
580	2	1	39	328	2004
581	1	1	11	330	2007
582	1	1	0	332	0
583	1	2	0	0	2005
584	1	2	12	327	2005
585	1	1	11	330	2006
586	1	0	0	0	0
587	1	1	0	328	2008
588	2	1	14	0	2005
589	1	1	22	328	2007
590	1	2	10	0	2004
591	1	1	19	329	2006
592	1	2	10	329	2009
593	1	2	11	329	2007
594	3	2	26	329	2009
595	1	2	20	327	2007
596	1	1	0	327	2009
597	2	1	22	0	2005
598	1	2	10	328	2009
599	1	1	36	331	2005
600	1	1	12	327	2007
601	1	1	0	330	2007
602	1	1	21	331	2008
603	1	2	36	330	2008
604	1	1	14	327	2009
605	1	2	17	331	2008
606	2	1	22	0	2005
607	1	1	33	330	2007
608	1	1	33	329	2006
609	2	1	15	0	2003
610	1	2	0	331	2008
611	1	0	10	327	2006
612	2	2	40	327	0
613	1	2	19	331	2004
614	1	2	0	328	2008
615	1	1	22	328	2007
616	1	1	26	328	2008
617	1	1	0	0	2007
618	2	1	0	0	2005
619	1	2	10	327	2007
620	2	0	0	0	0
621	1	2	0	327	2008
622	1	1	0	328	2008
623	1	0	0	0	2009
624	2	1	31	0	2005
625	1	1	33	0	2006
626	2	2	31	0	2004
627	1	2	31	331	2006
628	1	1	0	0	2008
629	1	2	16	0	2007
630	1	2	22	329	2008
631	1	1	28	0	2006
632	3	1	22	327	2007
633	1	1	5	328	2009
634	1	2	21	329	2009
635	1	2	0	327	2008
636	1	1	39	330	2006
637	2	1	40	0	2004
638	1	1	0	329	2009
639	1	1	7	329	2006
640	1	1	0	331	2009
641	1	1	36	331	2008
642	1	2	0	329	2009
643	1	1	0	330	2009
644	1	2	0	0	2008
645	2	1	4	0	2005
646	2	2	22	0	2005
647	1	1	0	330	2009
648	1	1	11	330	2008
649	1	2	26	0	0
650	1	2	11	331	2007
651	1	1	0	328	2007
652	1	1	15	329	2006
653	1	1	33	329	2006
654	1	2	21	327	2009
655	1	2	36	328	2004
656	1	1	22	331	2006
657	1	2	14	331	2007
658	1	1	11	327	2006
659	1	1	28	327	2009
660	1	1	6	330	2006
661	1	1	21	334	2009
662	1	1	33	327	2006
663	1	1	0	329	2009
664	2	2	33	0	2005
665	1	1	26	331	2006
666	2	1	33	331	2004
667	1	2	36	327	2005
668	1	1	20	330	2007
669	1	0	0	0	0
670	1	2	10	0	2009
671	1	1	28	331	2008
672	5	2	21	0	2004
673	1	2	11	328	2008
674	1	1	6	328	2008
675	1	1	24	330	2006
676	1	2	16	327	2007
677	1	2	10	331	2008
678	1	2	3	331	0
679	1	2	11	0	2005
680	1	2	1	330	2007
681	1	1	0	331	2009
682	1	2	31	331	2005
683	1	2	6	331	2007
684	1	1	11	330	2007
685	1	0	0	0	0
686	1	1	36	331	2007
687	1	0	0	0	0
688	4	0	0	0	0
689	1	1	0	328	2009
690	2	2	11	0	2005
691	1	0	19	0	2005
692	2	1	21	330	2004
693	2	2	31	0	2002
694	1	0	13	0	2010
695	2	1	22	0	0
696	1	1	0	0	2007
697	1	2	25	331	2008
698	1	0	0	0	0
699	2	1	25	333	2005
700	2	2	5	330	2004
701	1	2	19	329	2007
702	1	1	5	327	2006
703	1	1	36	329	2005
704	1	2	5	328	2009
705	1	1	31	331	2006
706	1	1	28	330	2007
707	1	1	19	328	2007
708	1	2	22	331	2008
709	1	1	0	0	2009
710	1	2	0	0	0
711	2	2	16	0	2005
712	1	1	0	330	2008
713	1	0	0	0	2007
714	2	2	25	0	2004
715	1	2	0	330	2008
716	1	1	19	327	2006
717	1	1	0	329	2008
718	1	2	0	0	2004
719	1	0	31	335	2007
720	1	0	0	0	0
721	2	1	16	0	2004
722	1	0	0	0	2008
723	1	2	28	331	2007
724	2	1	19	329	2004
725	1	2	0	0	2008
726	1	2	0	327	2008
727	1	2	33	329	2006
728	1	1	30	328	2007
729	1	2	21	330	2007
730	1	2	0	330	0
731	1	2	0	329	2009
732	1	2	6	329	0
733	1	2	19	331	2008
734	1	2	1	330	2006
735	1	1	4	329	2007
736	2	1	22	327	2005
737	1	2	0	331	2009
738	1	1	33	0	2005
739	1	0	0	0	2008
740	1	2	25	0	2006
741	2	0	11	0	2004
742	2	1	1	331	2005
743	1	1	0	331	2008
744	1	1	0	329	2008
745	2	1	20	0	2005
746	1	1	11	330	2008
747	1	1	33	0	0
748	1	1	22	0	2007
749	1	2	29	329	2009
750	1	2	25	335	2007
751	2	2	10	0	2005
752	1	2	10	331	2007
753	1	1	10	335	2006
754	1	1	0	328	2008
755	1	2	31	0	2006
756	1	2	31	329	2006
757	1	1	22	0	2005
758	1	1	22	328	2008
759	1	0	0	0	2008
760	1	2	19	328	2009
761	1	0	0	328	2008
762	2	1	0	0	2004
763	1	2	0	331	2008
764	1	0	11	327	2008
765	2	2	5	331	2005
766	1	0	0	0	0
767	1	2	8	331	2008
768	1	1	19	0	2006
769	1	1	33	335	2006
770	1	1	10	328	2008
771	2	1	22	0	2005
772	2	1	22	0	2005
773	2	1	0	0	2003
774	1	1	29	328	0
775	2	2	11	0	2004
776	1	1	0	331	2008
777	1	1	0	328	2009
778	1	2	30	331	2007
779	2	2	31	0	2004
780	1	2	30	331	2009
781	1	1	28	0	2009
782	1	2	14	329	2009
783	1	1	17	330	2006
784	1	1	11	331	2008
785	1	2	30	331	2007
786	1	1	0	327	2009
787	1	1	0	0	2010
788	2	2	20	0	2004
789	1	1	12	327	2007
790	2	2	5	327	2002
791	1	2	0	330	2009
792	1	1	31	0	2006
793	1	1	0	331	2008
794	1	1	0	330	2008
795	1	0	0	0	0
796	2	1	11	327	2005
797	2	1	19	0	2004
798	1	1	12	327	2005
799	1	2	11	333	2007
800	1	2	10	327	2007
801	1	1	12	327	2007
802	1	2	17	331	2007
803	1	2	30	327	2006
804	1	1	22	0	2007
805	1	2	10	329	2008
806	1	2	11	330	2008
807	1	1	10	0	2006
808	1	1	11	331	2005
809	1	1	10	329	2007
810	1	0	15	331	0
811	1	1	0	330	2008
812	1	2	4	328	2008
813	1	2	5	0	2006
814	1	2	20	331	2005
815	1	0	11	329	2006
816	2	2	10	327	2005
817	1	1	11	329	2008
818	1	2	4	329	2006
819	1	1	28	327	2005
820	1	2	0	0	2008
821	1	2	10	0	2005
822	1	1	20	331	2007
823	1	1	3	330	0
824	2	1	40	0	2005
825	2	2	8	329	2005
826	1	1	10	328	2007
827	1	1	0	330	2008
828	1	1	22	330	2006
829	2	1	22	0	2002
830	2	1	0	0	2004
831	1	0	0	328	0
832	1	1	21	328	2009
833	1	2	10	327	2008
834	2	1	10	0	2005
835	1	1	0	327	2009
836	1	2	30	328	2008
837	2	2	8	334	2005
838	1	2	10	0	2008
839	1	1	1	327	2006
840	1	1	0	331	2009
841	1	1	29	329	2006
842	1	1	22	327	2008
843	1	1	0	328	2008
844	2	2	31	333	2004
845	2	1	31	0	2004
846	1	2	4	330	2008
847	1	2	37	331	2007
848	1	1	15	0	0
849	1	1	22	329	2006
850	1	1	41	331	2008
851	1	2	0	329	2009
852	1	1	41	328	2009
853	1	1	36	328	2007
854	1	2	4	330	2006
855	1	1	8	330	2006
856	1	2	0	331	2006
857	1	2	14	327	2006
858	1	2	12	331	2005
859	1	1	28	328	2007
860	1	0	11	331	2006
861	1	1	17	330	2006
862	2	1	33	329	2005
863	1	2	31	331	2008
864	2	1	14	0	2004
865	1	2	21	329	2009
866	1	2	5	327	2006
867	1	1	0	328	2008
868	1	0	10	327	2005
869	1	0	0	0	0
870	1	1	19	330	2006
871	1	2	0	330	2007
872	1	0	0	0	0
873	1	0	22	330	2008
874	1	2	14	331	2008
875	1	1	0	0	2009
876	1	0	0	0	0
877	1	1	4	327	2008
878	1	1	14	330	2009
879	1	1	33	0	2005
880	1	2	29	0	2008
881	2	1	4	327	2003
882	5	1	23	0	2006
883	1	1	24	329	2008
884	1	1	0	330	2009
885	2	1	11	0	2004
886	1	2	30	327	2006
887	1	1	1	328	2006
888	2	2	28	330	2005
889	1	1	28	328	2009
890	1	2	22	0	2007
891	1	1	0	330	2008
892	1	2	10	327	2006
893	1	2	10	330	2008
894	2	1	33	0	2005
895	2	2	19	0	2005
896	1	1	24	329	2009
897	1	1	37	328	2005
898	1	2	31	331	2007
899	1	2	0	329	2009
900	1	2	11	0	2006
901	1	0	0	0	0
902	1	2	12	327	2007
903	2	1	1	336	0
904	1	2	22	329	2006
905	2	0	11	329	2005
906	2	2	10	0	2005
907	1	1	0	328	2009
908	1	1	36	327	2008
909	1	2	10	331	2009
910	1	1	37	329	2009
911	1	1	6	0	0
912	1	2	10	0	2005
913	1	1	12	331	2007
914	1	2	10	331	2006
915	1	1	11	327	2007
916	2	2	31	0	2004
917	1	0	0	0	0
918	1	0	0	0	0
919	1	1	11	331	2008
920	1	1	0	329	2009
921	1	1	6	330	2007
922	1	1	0	331	2007
923	1	2	39	331	2008
924	1	2	0	0	2007
925	1	2	10	328	2009
926	2	1	28	0	2005
927	1	2	11	327	2006
928	1	2	0	0	2009
929	1	2	10	329	2008
930	1	2	11	330	2008
931	1	2	16	330	2006
932	1	2	0	328	2008
933	2	1	33	0	2003
934	1	1	25	328	2006
935	1	2	10	327	2007
936	1	2	10	327	2005
937	1	0	0	0	2006
938	1	2	31	0	2006
939	2	1	36	334	2005
940	1	2	26	327	2007
941	1	1	0	330	2009
942	2	1	20	0	2005
943	1	1	34	329	2007
944	1	2	22	329	2006
945	2	0	0	0	0
946	1	1	22	328	2006
947	1	2	11	327	2005
948	2	1	26	329	2005
949	2	0	1	330	2005
950	2	1	0	0	0
951	2	2	6	0	2005
952	5	2	23	0	2006
953	1	1	21	0	2006
954	1	2	36	330	2008
955	1	0	0	0	0
956	1	2	11	329	2009
957	1	1	28	327	2007
958	1	1	12	327	2006
959	1	2	10	330	2005
960	1	1	19	331	2007
961	1	2	0	329	2008
962	1	1	34	332	2006
963	1	2	16	0	2005
964	1	2	41	330	2008
965	2	2	34	330	2005
966	2	1	33	327	2005
967	1	1	20	331	2006
968	1	1	22	331	2009
969	2	2	36	0	2005
970	2	2	1	0	2004
971	1	1	31	0	2007
972	1	2	11	330	2008
973	1	1	36	333	2007
974	2	2	30	0	2004
975	1	1	33	330	2008
976	2	1	22	0	2004
977	1	2	24	331	2007
978	1	1	39	328	2007
979	1	1	19	330	2007
980	2	2	21	331	2004
981	1	2	0	327	2008
982	2	0	0	0	2005
983	1	2	11	327	2006
984	1	0	12	0	2006
985	1	2	22	0	2007
986	2	1	33	0	2004
987	2	0	0	0	0
988	1	1	33	330	2007
989	1	1	22	331	2008
990	2	2	10	327	2003
991	4	0	0	0	0
992	1	2	10	328	2009
993	1	2	39	0	2007
994	1	1	0	330	2007
995	1	0	28	327	2007
996	2	1	21	331	2005
997	2	2	35	0	2003
998	1	1	31	329	2009
999	1	1	33	330	2006
1000	1	1	22	0	2006
1001	1	1	9	328	2009
1002	2	1	33	329	2005
1003	2	1	31	327	2005
1004	1	1	12	331	2009
1005	2	1	33	0	2005
1006	1	1	28	0	2007
1007	1	1	22	0	2007
1008	4	1	0	0	0
1009	1	2	9	328	2005
1010	2	1	15	327	2005
1011	1	1	31	328	2006
1012	1	2	0	331	2008
1013	1	2	31	330	2008
1014	2	2	28	0	2005
1015	1	2	10	328	2008
1016	1	1	11	328	2006
1017	1	0	11	329	2006
1018	1	2	0	330	2009
1019	2	2	31	0	2005
1020	1	1	10	328	2008
1021	2	1	31	331	2005
1022	2	1	0	0	2005
1023	1	2	30	329	2007
1024	2	2	25	0	2005
1025	1	1	25	329	2008
1026	1	2	0	331	0
1027	1	2	11	328	2007
1028	1	1	1	327	2006
1029	1	1	12	331	2006
1030	1	2	0	330	2008
1031	1	1	20	327	2008
1032	1	2	11	330	2007
1033	1	1	0	328	2008
1034	1	0	8	0	0
1035	1	2	16	329	2009
1036	2	1	22	0	2005
1037	1	2	5	330	2006
1038	2	1	19	0	2004
1039	1	1	11	329	2008
1040	1	2	5	327	2007
1041	1	1	28	331	2007
1042	1	1	0	0	2008
1043	1	1	12	328	2009
1044	1	1	0	328	2008
1045	1	1	36	0	0
1046	1	1	33	328	2008
1047	1	1	24	329	2006
1048	1	1	0	330	2008
1049	1	1	12	331	2007
1050	2	1	1	327	2005
1051	1	1	12	330	2008
1052	2	1	31	327	2005
1053	1	1	20	330	2007
1054	1	2	22	328	2006
1055	1	1	1	330	2006
1056	2	1	22	0	2005
1057	1	1	31	331	2008
1058	1	0	24	0	2007
1059	1	1	31	328	2007
1060	1	1	33	330	2007
1061	1	1	31	327	2007
1062	1	1	0	331	2009
1063	2	1	37	328	2005
1064	1	0	21	330	0
1065	2	2	23	0	2004
1066	1	2	22	0	2006
1067	1	2	14	329	2006
1068	2	1	33	330	2005
1069	1	2	0	328	2009
1070	1	1	5	329	2009
1071	2	0	0	0	2004
1072	1	0	0	0	2006
1073	1	1	4	328	2007
1074	1	2	31	328	2009
1075	2	1	21	327	0
1076	1	1	37	0	2007
1077	1	2	10	329	2008
1078	1	1	22	328	2009
1079	1	1	21	328	2009
1080	1	1	33	331	2008
1081	1	1	21	328	2009
1082	1	2	33	0	2007
1083	1	1	31	330	2006
1084	2	1	0	0	2003
1085	1	1	11	330	2007
1086	1	2	21	327	2007
1087	1	2	28	331	2008
1088	1	0	0	0	0
1089	2	2	0	0	2004
1090	1	2	10	328	2006
1091	1	1	0	331	2007
1092	1	1	20	327	2008
1093	1	2	11	328	2007
1094	1	2	10	331	2008
1095	1	2	10	329	2007
1096	2	0	3	0	2004
1097	1	1	31	331	2007
1098	1	1	0	327	2008
1099	2	2	4	327	2005
1100	2	1	31	0	2005
1101	1	1	7	331	2007
1102	1	2	21	0	2006
1103	1	2	9	0	2008
1104	2	1	22	0	2005
1105	1	1	1	327	2007
1106	1	1	15	331	2008
1107	1	1	14	331	2006
1108	4	2	33	0	2005
1109	1	1	12	328	2008
1110	1	2	0	330	2009
1111	1	0	0	0	0
1112	1	1	0	328	2009
1113	1	0	0	0	0
1114	1	0	21	331	2007
1115	1	1	33	333	2006
1116	1	1	0	327	2007
1117	1	2	35	329	2007
1118	1	2	10	329	2007
1119	2	2	26	0	2005
1120	1	1	33	327	2007
1121	1	1	11	329	2009
1122	2	2	14	0	2002
1123	1	2	0	331	2008
1124	1	1	0	328	2009
1125	2	1	10	0	2005
1126	1	2	21	0	2009
1127	1	1	38	328	2007
1128	1	1	0	0	2006
1129	1	2	33	330	2007
1130	1	1	0	330	2008
1131	2	2	20	0	2004
1132	1	1	28	0	2006
1133	1	1	12	0	0
1134	2	2	34	0	2005
1135	1	1	31	331	2006
1136	2	2	31	0	2005
1137	1	2	14	330	2006
1138	1	2	12	0	2006
1139	1	1	33	333	2007
1140	1	1	28	331	2006
1141	1	1	19	331	2008
1142	1	2	10	329	2007
1143	1	1	33	331	2006
1144	2	1	28	0	0
1145	1	2	10	0	2006
1146	1	1	0	331	2008
1147	1	2	26	329	2006
1148	1	2	9	0	2005
1149	3	1	11	329	2005
1150	1	2	10	331	2007
1151	1	2	12	330	2008
1152	2	1	10	0	2004
1153	1	2	9	328	2008
1154	1	1	31	330	2006
1155	1	1	12	331	2004
1156	1	1	33	0	2005
1157	1	2	10	335	2006
1158	1	1	0	330	2008
1159	1	1	10	0	2005
1160	2	1	33	0	2004
1161	1	1	11	329	2006
1162	1	2	4	327	2009
1163	1	1	5	329	2007
1164	2	1	21	0	2004
1165	1	2	4	329	0
1166	1	1	33	327	2005
1167	1	2	0	329	2009
1168	1	1	11	330	2006
1169	1	1	4	328	2006
1170	1	2	21	328	2007
1171	2	2	16	0	2005
1172	1	2	0	330	2009
1173	2	1	11	0	2004
1174	1	1	0	330	2006
1175	1	1	0	0	2009
1176	1	1	10	331	2007
1177	1	0	19	0	2006
1178	1	2	10	328	2009
1179	1	2	8	329	2005
1180	1	1	15	328	2008
1181	1	0	0	0	0
1182	1	1	33	330	2005
1183	1	2	22	327	2009
1184	2	2	5	328	2004
1185	2	1	14	330	2005
1186	2	1	39	0	0
1187	1	1	18	0	0
1188	1	0	0	0	0
1189	2	2	31	328	2004
1190	2	1	4	330	2003
1191	1	1	20	329	2007
1192	1	1	11	328	2006
1193	2	1	28	0	2005
1194	1	1	11	336	2005
1195	1	0	36	327	0
1196	1	1	1	331	2006
1197	1	1	33	328	2006
1198	2	2	10	328	2005
1199	1	2	10	328	2007
1200	1	1	0	328	2009
1201	2	2	19	327	2003
1202	1	1	0	327	0
1203	1	1	0	327	2008
1204	1	1	5	331	2009
1205	1	1	0	330	2008
1206	1	1	19	331	2008
1207	1	1	12	330	2007
1208	1	1	0	329	2008
1209	1	1	21	331	2005
1210	1	1	12	327	2009
1211	1	1	11	332	2007
1212	2	2	0	0	2004
1213	1	0	0	0	0
1214	1	0	0	0	0
1215	1	1	1	328	2006
1216	1	1	0	331	2009
1217	1	1	16	330	2006
1218	1	2	11	332	2007
1219	1	2	11	331	2007
1220	1	2	16	331	2007
1221	1	1	22	327	2008
1222	2	0	33	335	2005
1223	2	2	33	0	2004
1224	1	2	34	329	2007
1225	1	1	10	329	2007
1226	1	1	36	0	2006
1227	1	2	21	327	2009
1228	2	2	10	0	2004
1229	1	1	11	328	2008
1230	1	0	0	0	0
1231	1	2	10	330	2007
1232	1	1	26	331	2007
1233	2	2	31	330	2005
1234	1	2	0	328	2008
1235	2	1	33	0	2004
1236	1	2	29	328	2006
1237	2	1	19	0	2005
1238	2	1	27	0	2004
1239	1	0	0	0	0
1240	1	1	34	331	2006
1241	1	1	10	330	2007
1242	2	2	11	331	2005
1243	1	2	0	0	2009
1244	4	2	10	0	2007
1245	1	0	22	329	2007
1246	1	2	8	329	2008
1247	1	2	0	331	2008
1248	1	1	36	331	2007
1249	1	1	31	331	2006
1250	2	2	14	0	2004
1251	1	0	25	0	0
1252	1	2	0	0	2009
1253	2	1	37	330	2005
1254	1	1	0	331	2008
1255	2	1	22	332	2005
1256	1	1	20	327	2005
1257	1	2	22	329	2006
1258	1	2	19	328	2008
1259	1	1	20	331	2007
1260	2	1	15	0	2005
1261	2	2	10	329	2004
1262	1	2	0	329	2009
1263	1	1	19	329	2006
1264	1	1	20	330	2007
1265	1	2	26	332	2006
1266	1	1	0	327	2008
1267	1	0	0	0	0
1268	2	1	29	0	2005
1269	3	2	13	327	2008
1270	1	2	12	331	2008
1271	1	1	0	328	2007
1272	1	1	5	327	2009
1273	1	1	12	327	2007
1274	1	2	0	328	2009
1275	1	2	0	328	2008
1276	2	2	22	329	2004
1277	2	2	33	327	2005
1278	1	1	12	330	2007
1279	2	1	33	0	2004
1280	1	2	36	328	2007
1281	1	2	25	327	2006
1282	2	2	10	0	2005
1283	1	1	2	330	2007
1284	1	1	22	331	0
1285	1	2	0	331	2007
1286	1	2	21	328	2007
1287	1	2	33	329	2009
1288	2	2	22	327	2005
1289	1	1	0	330	2008
1290	2	2	10	0	0
1291	1	1	14	0	2006
1292	1	1	36	329	2008
1293	1	2	21	330	2006
1294	1	1	25	330	2008
1295	1	2	33	331	2008
1296	1	2	31	328	2006
1297	1	2	31	329	2007
1298	1	2	14	331	2006
1299	1	2	27	0	0
1300	1	2	31	329	2006
1301	1	1	0	328	2009
1302	1	2	0	331	2008
1303	1	2	22	331	2005
1304	1	2	10	332	2006
1305	1	2	33	327	2009
1306	2	1	20	329	2005
1307	2	2	20	331	2005
1308	1	1	11	0	2005
1309	1	2	0	330	2009
1310	1	2	28	329	2008
1311	1	2	5	331	2008
1312	2	2	29	0	2005
1313	1	1	11	327	2008
1314	2	1	0	0	2004
1315	2	2	10	0	2004
1316	1	1	0	327	2009
1317	1	2	8	0	2006
1318	1	1	30	327	2007
1319	2	1	28	0	0
1320	1	0	22	329	2006
1321	1	2	0	331	2008
1322	1	2	28	329	2006
1323	1	1	36	0	2005
1324	1	1	0	327	2009
1325	1	1	26	327	2009
1326	1	2	24	328	2009
1327	1	2	19	327	2009
1328	2	1	33	0	2004
1329	1	1	33	331	2007
1330	1	1	33	327	2007
1331	1	2	0	328	2009
1332	1	1	0	329	2007
1333	1	1	33	327	2008
1334	1	2	40	327	2006
1335	2	1	20	330	2005
1336	2	2	12	0	2005
1337	1	1	36	0	2006
1338	1	1	3	328	2008
1339	1	1	0	330	0
1340	2	2	39	0	2002
1341	1	1	22	327	2006
1342	1	2	16	329	2007
1343	1	1	0	328	2008
1344	1	1	33	329	2006
1345	1	1	31	333	2006
1346	1	1	0	328	2008
1347	4	1	0	0	0
1348	1	2	19	0	2006
1349	1	2	0	331	2008
1350	1	1	36	328	2006
1351	1	1	11	327	2006
1352	1	0	0	0	0
1353	1	1	14	329	2006
1354	2	2	12	331	2002
1355	2	1	33	331	2005
1356	1	2	22	0	2007
1357	2	1	28	330	2005
1358	2	2	11	0	2005
1359	1	1	36	328	2007
1360	1	2	22	331	2008
1361	1	0	0	0	2008
1362	2	2	14	0	2004
1363	2	1	36	0	2005
1364	1	2	0	328	2008
1365	1	1	22	331	2006
1366	1	1	2	327	2008
1367	1	1	11	0	2006
1368	1	1	0	328	2009
1369	1	2	0	329	2009
1370	1	1	0	330	2007
1371	1	1	0	328	2008
1372	1	1	0	327	2009
1373	1	1	10	328	2009
1374	1	2	0	331	2007
1375	2	2	4	329	2005
1376	1	1	11	0	2007
1377	1	0	11	331	0
1378	1	1	0	327	2008
1379	1	2	22	332	2006
1380	2	1	33	0	2005
1381	1	2	28	328	2008
1382	1	2	14	331	2005
1383	5	1	23	0	2006
1384	2	1	33	0	2005
1385	1	2	0	328	2009
1386	1	1	10	330	2006
1387	1	2	0	331	2009
1388	2	2	14	332	2004
1389	1	2	0	330	2009
1390	1	1	19	328	2009
1391	1	2	10	329	2008
1392	1	2	8	328	2007
1393	1	2	12	327	0
1394	1	2	10	0	0
1395	1	1	26	327	2006
1396	2	2	19	327	2005
1397	1	2	27	331	2007
1398	2	1	10	0	2005
1399	1	1	22	0	2009
1400	2	1	22	0	2003
1401	1	1	16	327	2007
1402	2	1	33	0	2004
1403	1	1	22	329	2009
1404	1	2	11	327	2008
1405	1	2	1	331	2007
1406	2	1	37	327	2005
1407	2	1	33	0	2004
1408	1	0	42	0	2007
1409	1	2	5	330	2006
1410	1	0	21	0	2007
1411	1	1	28	0	2006
1412	1	1	11	331	2005
1413	1	1	33	327	2009
1414	1	2	11	331	2006
1415	1	1	0	331	2008
1416	2	2	22	0	2004
1417	1	2	28	327	2006
1418	1	1	21	331	2008
1419	1	1	16	331	2006
1420	1	2	0	328	2009
1421	1	1	12	330	2007
1422	4	2	0	0	0
1423	1	1	31	329	2009
1424	2	2	25	333	2004
1425	1	1	33	327	2008
1426	1	1	19	327	2006
1427	1	1	12	327	2008
1428	4	2	0	0	0
1429	2	1	31	0	2004
1430	1	1	22	330	2008
1431	1	1	0	327	2008
1432	2	1	36	0	2005
1433	1	1	11	327	2004
1434	1	2	12	331	2008
1435	2	2	11	329	2003
1436	1	1	12	0	2006
1437	1	1	28	327	2007
1438	1	1	0	330	2008
1439	2	2	26	330	2004
1440	1	0	0	0	0
1441	1	1	11	329	2007
1442	2	2	21	0	2005
1443	1	2	31	328	2008
1444	2	1	26	0	2003
1445	1	2	27	329	2006
1446	1	1	11	329	2006
1447	1	1	12	331	2007
1448	2	1	20	329	2005
1449	2	2	31	328	2003
1450	2	2	25	0	2004
1451	1	2	0	327	2009
1452	1	1	33	330	2006
1453	1	1	0	331	2009
1454	1	1	0	330	2009
1455	1	2	19	0	2005
1456	1	1	0	328	0
1457	1	1	4	327	2009
1458	1	2	31	327	2004
1459	1	1	0	328	2008
1460	1	2	19	330	2006
1461	1	1	39	330	2007
1462	1	1	31	330	2007
1463	1	2	26	329	2007
1464	1	1	11	328	2007
1465	2	1	10	331	2005
1466	1	2	0	330	2009
1467	1	1	0	331	2006
1468	1	2	33	327	2008
1469	1	2	0	329	2007
1470	1	2	0	328	2009
1471	1	2	29	331	2009
1472	1	2	31	327	2006
1473	1	0	0	0	0
1474	1	1	15	329	2008
1475	2	1	33	0	2004
1476	1	1	21	0	2006
1477	2	1	28	0	2005
1478	2	2	31	330	2005
1479	1	2	31	0	2006
1480	2	2	10	328	2005
1481	1	1	17	329	2006
1482	1	1	0	328	2008
1483	2	1	10	0	2004
1484	2	2	31	333	2003
1485	2	0	0	0	0
1486	2	1	30	0	2004
1487	1	2	10	327	2007
1488	1	2	10	329	2009
1489	1	2	15	330	2006
1490	1	2	1	335	2006
1491	1	0	0	0	0
1492	1	2	11	327	2007
1493	1	1	0	327	2007
1494	2	2	19	0	2005
1495	1	1	35	331	2007
1496	1	0	0	0	2006
1497	2	2	25	329	2004
1498	1	1	12	0	2007
1499	1	2	10	330	2005
1500	1	2	0	327	2008
1501	2	1	4	0	2004
1502	1	2	17	329	2009
1503	1	1	2	328	2008
1504	2	2	10	0	2005
1505	1	1	29	329	2009
1506	1	2	12	327	2008
1507	1	2	26	330	2008
1508	1	1	20	331	2006
1509	1	1	0	331	2008
1510	1	2	21	329	2009
1511	1	1	33	331	2006
1512	2	0	0	0	0
1513	1	1	15	0	2007
1514	2	1	21	0	2003
1515	2	2	28	0	2004
1516	1	0	0	0	0
1517	2	2	10	328	2005
1518	1	1	11	330	2008
1519	1	2	30	329	2007
1520	1	2	24	329	2007
1521	1	1	22	328	2007
1522	1	1	15	331	2006
1523	1	2	10	330	2009
1524	1	0	33	327	2006
1525	1	1	28	330	2006
1526	1	2	0	328	2008
1527	1	1	31	331	2009
1528	1	1	11	0	2006
1529	1	2	13	330	2010
1530	1	1	10	328	2006
1531	1	2	22	327	2008
1532	1	2	36	328	0
1533	1	1	4	328	2007
1534	2	1	10	0	2002
1535	2	1	31	0	2004
1536	2	2	16	0	2004
1537	1	2	0	328	2009
1538	2	0	33	0	2004
1539	2	2	21	0	2005
1540	1	1	35	328	2006
1541	1	1	12	327	2006
1542	1	0	0	0	0
1543	1	0	0	0	0
1544	1	0	0	0	0
1545	1	0	33	329	2006
1546	1	1	0	327	2008
1547	1	2	15	328	2007
1548	1	1	22	328	2009
1549	1	2	21	329	2008
1550	1	2	12	330	2007
1551	1	2	0	331	2008
1552	2	1	5	0	2004
1553	1	1	11	328	2008
1554	1	1	20	328	2007
1555	1	1	0	327	2009
1556	1	0	10	0	2005
1557	1	1	2	331	2008
1558	1	2	24	328	2010
1559	2	2	10	0	2004
1560	1	1	33	329	2007
1561	1	2	26	328	2007
1562	1	1	4	327	2006
1563	2	1	33	328	2004
1564	2	2	10	0	2005
1565	2	1	11	0	2004
1566	1	2	17	0	0
1567	1	2	1	330	2008
1568	2	2	11	0	2005
1569	2	0	0	0	0
1570	1	2	4	327	2009
1571	1	1	4	328	2008
1572	1	2	10	328	2006
1573	2	1	22	0	2004
1574	1	1	22	330	2005
1575	1	1	19	332	2006
1576	1	1	0	329	2009
1577	2	0	31	0	2005
1578	1	1	22	329	2008
1579	1	0	0	0	0
1580	1	1	24	330	2006
1581	1	1	12	331	2006
1582	1	2	4	328	2006
1583	1	2	12	327	2005
1584	1	2	0	331	2008
1585	1	1	12	327	2007
1586	2	2	11	0	2004
1587	1	1	22	329	2006
1588	5	0	10	0	2003
1589	1	1	26	330	2005
1590	1	1	0	331	2009
1591	1	2	15	328	2008
1592	1	1	4	327	2008
1593	1	1	20	327	2006
1594	1	2	0	327	2007
1595	1	2	14	327	2008
1596	1	2	0	330	2005
1597	2	1	33	328	2004
1598	1	0	0	0	0
1599	1	1	22	328	2009
1600	1	1	11	0	2006
1601	2	0	0	0	0
1602	2	2	31	0	2004
1603	1	1	22	0	2007
1604	1	1	0	327	2009
1605	1	0	33	328	0
1606	1	2	19	335	2007
1607	1	1	0	330	2008
1608	1	1	12	327	2006
1609	1	2	11	331	2007
1610	1	2	37	330	2006
1611	1	1	6	328	2007
1612	1	0	10	327	2009
1613	2	1	33	0	2004
1614	1	1	21	0	2006
1615	2	0	0	0	0
1616	1	1	33	331	2006
1617	1	1	4	327	2007
1618	2	2	0	0	0
1619	2	1	0	0	2005
1620	1	1	4	327	0
1621	1	1	2	328	2007
1622	1	1	24	331	2008
1623	1	1	20	331	2009
1624	5	2	37	330	0
1625	1	1	0	331	2009
1626	1	1	33	329	2007
1627	3	1	0	0	0
1628	1	0	21	330	2009
1629	1	2	11	327	2006
1630	1	2	12	329	2009
1631	1	1	0	0	0
1632	1	1	14	328	2007
1633	1	2	0	327	2007
1634	2	2	0	0	0
1635	1	1	0	329	2008
1636	1	2	30	328	2007
1637	5	2	37	0	2005
1638	1	2	25	329	2006
1639	1	2	22	329	2007
1640	1	2	0	329	2009
1641	1	2	0	331	2008
1642	2	2	0	0	2004
1643	1	1	22	331	2006
1644	1	1	0	329	2009
1645	1	1	33	0	2004
1646	1	1	22	329	2006
1647	1	2	31	331	2006
1648	1	2	10	330	2007
1649	1	1	22	330	0
1650	2	2	10	0	2004
1651	1	1	39	331	2008
1652	1	2	21	327	2006
1653	2	2	0	0	2003
1654	1	2	19	327	2008
1655	2	1	33	330	2004
1656	1	1	37	331	2009
1657	1	1	4	327	2005
1658	1	1	11	331	2007
1659	1	0	0	0	0
1660	1	2	16	327	2008
1661	1	2	12	328	2007
1662	1	1	12	331	2008
1663	2	1	1	0	0
1664	2	2	0	333	2004
1665	1	2	21	329	2008
1666	1	2	10	329	2009
1667	1	0	4	327	2008
1668	2	1	28	331	2004
1669	1	1	31	330	2007
1670	2	1	31	0	0
1671	1	1	34	327	2006
1672	1	2	39	330	2006
1673	1	2	10	0	2006
1674	1	1	31	328	2007
1675	1	1	0	330	2009
1676	2	1	20	327	2005
1677	1	1	30	330	2006
1678	2	1	4	0	2005
1679	1	2	22	331	2008
1680	1	1	32	329	2008
1681	1	1	0	327	2009
1682	1	2	2	0	2005
1683	1	1	0	0	2006
1684	1	1	19	330	2006
1685	4	2	0	0	0
1686	1	1	13	327	2007
1687	1	1	12	330	2007
1688	1	1	36	0	2007
1689	1	1	0	329	2008
1690	1	1	0	331	2008
1691	1	1	0	328	2009
1692	2	2	10	330	2004
1693	2	2	0	0	2002
1694	1	1	1	329	2006
1695	2	0	33	0	2005
1696	1	1	38	331	0
1697	1	2	5	327	0
1698	1	2	20	329	2006
1699	2	2	21	0	2005
1700	1	2	0	0	0
1701	1	2	2	0	0
1702	1	2	0	327	2008
1703	1	2	26	331	2007
1704	1	2	21	328	2009
1705	1	2	30	334	2006
1706	1	2	20	330	2008
1707	1	1	5	328	2008
1708	1	1	31	328	0
1709	1	2	26	329	2007
1710	2	2	31	331	2005
1711	1	2	22	327	2009
1712	2	1	0	0	2004
1713	1	1	20	330	2008
1714	1	1	26	328	2008
1715	2	1	31	328	2005
1716	1	2	13	327	2007
1717	1	2	12	329	2005
1718	1	1	0	328	2008
1719	1	1	10	331	2007
1720	2	1	26	0	2004
1721	1	2	36	330	2006
1722	1	1	11	328	2007
1723	1	2	0	328	2009
1724	1	2	4	330	2006
1725	1	1	0	327	2008
1726	1	2	4	329	2008
1727	1	2	5	331	2008
1728	1	2	11	331	2007
1729	1	1	34	329	2007
1730	1	2	1	335	2006
1731	1	0	25	330	2006
1732	2	2	35	0	2005
1733	1	2	10	331	2009
1734	1	0	0	0	0
1735	2	1	25	0	2005
1736	1	1	7	329	2006
1737	1	2	2	332	2006
1738	2	1	33	0	2005
1739	1	1	5	327	2008
1740	1	1	4	328	2009
1741	1	1	22	0	2007
1742	1	2	10	329	2008
1743	1	2	0	329	2009
1744	1	1	22	0	2007
1745	1	2	33	0	2006
1746	1	1	11	330	2007
1747	1	1	28	327	2009
1748	1	1	0	329	2009
1749	1	1	41	330	2008
1750	1	1	0	330	2009
1751	1	1	31	331	2006
1752	1	2	23	331	2007
1753	1	1	12	331	2006
1754	1	1	0	330	2009
1755	1	1	11	331	2007
1756	1	1	15	331	2007
1757	1	2	1	0	2008
1758	2	1	12	329	2004
1759	2	1	31	0	2003
1760	1	2	31	329	2006
1761	2	0	30	0	2002
1762	1	2	0	330	2009
1763	5	2	22	0	0
1764	1	0	1	0	0
1765	1	2	12	329	2008
1766	1	1	4	331	2006
1767	2	2	26	0	2005
1768	1	1	24	327	2008
1769	1	1	28	327	2006
1770	1	1	21	331	2008
1771	1	1	0	330	2007
1772	2	1	33	329	2005
1773	1	1	21	327	2006
1774	1	2	0	329	2008
1775	1	0	0	331	0
1776	1	2	10	335	2007
1777	1	1	0	0	2009
1778	1	1	29	329	2007
1779	1	2	0	330	2008
1780	1	1	0	328	2009
1781	2	1	28	333	2004
1782	1	1	4	329	2009
1783	1	2	10	327	2008
1784	1	1	1	331	2009
1785	1	2	31	331	2006
1786	2	2	11	0	2005
1787	1	0	0	0	0
1788	1	1	10	0	2005
1789	1	2	0	327	2009
1790	1	2	19	327	2006
1791	1	2	31	328	2008
1792	2	1	16	330	2004
1793	1	2	31	328	2009
1794	1	1	0	327	2009
1795	1	1	4	331	2008
1796	2	1	33	0	2003
1797	1	2	11	330	2007
1798	1	1	0	329	2009
1799	1	1	2	327	2008
1800	1	2	0	0	2008
1801	1	2	28	328	2009
1802	1	2	21	331	2009
1803	1	1	0	331	2009
1804	1	1	39	331	2008
1805	1	1	11	327	2007
1806	1	1	0	329	2008
1807	2	0	16	0	0
1808	1	1	0	328	2008
1809	1	2	0	327	2008
1810	1	1	0	329	2007
1811	3	2	27	0	0
1812	1	1	27	331	2008
1813	2	0	0	0	2004
1814	1	1	20	0	2007
1815	1	1	42	330	2009
1816	1	2	11	328	2009
1817	1	2	11	331	2007
1818	2	2	10	330	2004
1819	1	1	22	329	2007
1820	1	2	11	327	2007
1821	1	1	5	327	2006
1822	1	2	41	330	0
1823	1	1	0	0	2009
1824	2	1	12	0	0
1825	1	0	0	0	0
1826	2	1	16	0	2001
1827	1	1	26	0	2005
1828	1	2	30	327	2006
1829	1	2	0	327	2009
1830	1	2	0	327	2008
1831	1	2	0	331	2008
1832	1	1	31	328	2007
1833	1	2	0	327	2009
1834	1	1	39	330	2009
1835	2	1	31	0	0
1836	1	2	11	333	2006
1837	2	2	10	0	2004
1838	1	1	10	330	2005
1839	1	0	0	0	0
1840	1	2	0	330	2008
1841	1	2	20	330	2009
1842	1	2	0	330	0
1843	1	1	10	0	2006
1844	1	1	22	331	2008
1845	1	1	10	331	2006
1846	1	1	21	331	2009
1847	1	2	7	331	2008
1848	1	2	33	327	2008
1849	2	1	20	0	2005
1850	1	1	22	329	2007
1851	1	0	10	332	2007
1852	1	2	21	328	2009
1853	1	0	33	0	2006
1854	1	0	0	0	0
1855	1	2	5	328	2009
1856	1	2	10	331	2007
1857	1	0	0	0	0
1858	1	1	31	331	2007
1859	1	1	28	331	2007
1860	2	1	36	327	2004
1861	1	1	10	0	2005
1862	1	2	20	331	2008
1863	1	2	10	329	2009
1864	1	1	4	327	2006
1865	1	1	4	329	2009
1866	2	2	10	0	2005
1867	1	2	12	330	2007
1868	2	1	20	0	2005
1869	1	1	11	330	2005
1870	1	2	16	330	2007
1871	1	1	26	327	2007
1872	1	1	19	328	2007
1873	2	2	10	0	2004
1874	1	2	5	329	2008
1875	1	1	6	331	2006
1876	1	2	0	331	2009
1877	1	1	11	327	2008
1878	1	2	29	330	2008
1879	1	1	25	0	2009
1880	2	2	19	0	2005
1881	2	1	22	0	2005
1882	1	1	31	328	2007
1883	2	1	28	330	2004
1884	1	2	11	328	2008
1885	1	2	12	329	2009
1886	1	1	28	334	2006
1887	2	2	0	0	2004
1888	1	1	0	328	2009
1889	1	1	22	327	2007
1890	1	1	11	330	2009
1891	1	1	0	327	2008
1892	1	2	22	329	2006
1893	1	2	25	330	2006
1894	1	1	7	0	2006
1895	1	1	15	328	2006
1896	1	2	0	0	2009
1897	1	1	36	0	2007
1898	2	2	10	330	2005
1899	1	0	12	331	2007
1900	1	1	20	329	2008
1901	1	2	0	328	2009
1902	1	1	0	329	2009
1903	2	1	20	0	2004
1904	2	1	37	331	2005
1905	1	1	10	0	2008
1906	2	1	14	328	2005
1907	2	1	19	327	2005
1908	1	1	33	331	2008
1909	1	1	0	329	2008
1910	2	1	10	328	2004
1911	1	2	0	327	2008
1912	1	1	10	328	2008
1913	1	1	0	328	2008
1914	1	2	30	328	2005
1915	1	1	17	0	2006
1916	1	1	33	331	2006
1917	1	1	15	327	2007
1918	1	1	12	0	2007
1919	2	1	1	0	2005
1920	1	2	26	327	2008
1921	1	0	0	0	0
1922	1	1	0	0	2008
1923	2	2	41	0	0
1924	2	1	11	329	2005
1925	1	2	20	327	2006
1926	2	2	0	0	0
1927	1	2	31	330	2006
1928	1	2	19	328	2007
1929	1	1	21	328	2006
1930	1	2	0	327	2009
1931	1	1	42	0	2008
1932	1	2	0	329	2009
1933	1	1	36	329	2007
1934	2	1	22	0	2005
1935	1	1	0	331	2009
1936	1	1	0	0	0
1937	1	2	0	331	2009
1938	1	0	21	328	2008
1939	1	0	0	0	0
1940	1	1	36	331	0
1941	1	2	11	332	2006
1942	1	1	0	328	2008
1943	1	1	11	328	2008
1944	1	2	0	0	2007
1945	1	1	33	328	2009
1946	2	2	4	331	2004
1947	1	1	0	329	2009
1948	1	1	16	327	2006
1949	1	2	39	330	2008
1950	1	2	0	334	2006
1951	1	1	0	331	2009
1952	1	0	0	0	0
1953	1	1	11	331	2007
1954	1	1	11	328	2007
1955	1	0	7	329	2005
1956	1	1	0	0	2008
1957	1	2	10	332	2010
1958	1	1	31	328	2006
1959	1	0	0	0	0
1960	2	2	31	0	2005
1961	1	2	4	327	2009
1962	2	2	0	329	2004
1963	1	2	22	327	2006
1964	1	1	22	0	2007
1965	1	2	0	328	2008
1966	2	1	10	0	2004
1967	2	2	10	0	2003
1968	1	2	11	0	2006
1969	1	2	0	330	2008
1970	1	1	12	0	2006
1971	1	2	11	330	2007
1972	2	2	0	327	2005
1973	2	1	22	0	2005
1974	1	2	8	328	2008
1975	2	0	11	0	2004
1976	1	2	12	327	2008
1977	1	1	22	329	2008
1978	1	2	19	327	2007
1979	1	1	0	328	2008
1980	1	1	0	327	2009
1981	1	0	31	329	2005
1982	1	2	10	327	2008
1983	2	1	33	0	2005
1984	1	2	31	329	2009
1985	1	1	36	0	2007
1986	1	1	0	0	2006
1987	1	1	22	329	2008
1988	1	1	25	328	2006
1989	1	2	3	330	2009
1990	1	1	9	328	2007
1991	1	2	0	331	2009
1992	1	2	26	327	2006
1993	1	1	0	331	0
1994	2	2	12	330	2003
1995	2	1	22	0	2005
1996	1	2	31	330	2008
1997	1	1	16	332	2005
1998	1	1	39	327	2005
1999	1	1	33	329	2007
2000	2	2	28	329	2005
2001	2	1	39	331	2003
2002	2	1	22	0	2004
2003	1	2	15	330	2006
2004	1	0	0	0	0
2005	2	2	26	0	2005
2006	2	2	10	0	2005
2007	2	1	19	0	2005
2008	1	2	39	329	2009
2009	1	2	0	327	2009
2010	2	2	11	0	2005
2011	2	1	11	0	2005
2012	1	1	26	331	2006
2013	1	1	36	328	2007
2014	2	2	39	330	2005
2015	2	1	11	330	2005
2016	2	0	5	0	2005
2017	2	1	0	0	2004
2018	1	1	0	0	2006
2019	2	2	20	0	2004
2020	1	2	21	334	2007
2021	1	1	11	327	2005
2022	1	1	0	330	2008
2023	1	2	25	331	2006
2024	1	0	0	0	0
2025	1	2	19	331	2007
2026	1	2	21	331	2009
2027	1	0	0	329	2008
2028	1	1	22	327	2006
2029	1	1	33	328	0
2030	1	2	25	330	2008
2031	1	1	26	330	2007
2032	1	2	0	0	2005
2033	1	1	33	327	2007
2034	1	1	0	327	2008
2035	2	2	6	331	2005
2036	1	2	38	331	2007
2037	1	1	0	328	2009
2038	2	1	33	330	2004
2039	1	2	33	330	2006
2040	2	2	0	0	2004
2041	1	2	14	331	2007
2042	2	1	10	0	2005
2043	1	2	33	331	2008
2044	2	2	27	332	2005
2045	1	1	36	327	2007
2046	1	1	26	330	2006
2047	2	1	10	0	2005
2048	1	2	4	0	2007
2049	1	2	31	335	2006
2050	1	2	10	328	2008
2051	1	2	32	328	2009
2052	2	1	10	0	2004
2053	5	2	29	0	0
2054	1	2	22	327	2008
2055	1	2	31	329	2006
2056	1	1	20	331	2007
2057	1	1	21	327	2005
2058	1	2	11	329	2009
2059	1	2	19	327	2006
2060	1	2	40	330	2007
2061	1	1	31	329	2007
2062	1	1	37	329	2007
2063	1	2	0	0	2006
2064	2	1	10	0	2005
2065	1	2	0	327	2009
2066	1	1	25	330	2008
2067	2	2	22	330	2005
2068	1	1	22	330	2005
2069	2	2	10	328	2005
2070	1	1	12	330	2007
2071	1	2	19	330	2006
2072	1	2	0	329	2007
2073	1	2	11	328	2008
2074	1	1	22	329	2007
2075	1	2	25	332	2006
2076	1	2	36	328	2007
2077	1	1	11	329	2007
2078	1	1	22	327	2009
2079	1	2	0	328	2008
2080	1	2	16	331	2006
2081	3	1	15	0	0
2082	1	1	20	331	2008
2083	2	0	0	0	2004
2084	1	2	10	327	2005
2085	1	0	0	0	0
2086	2	2	33	330	2005
2087	1	2	10	327	2005
2088	2	2	27	330	2005
2089	1	1	11	0	2006
2090	1	2	28	331	2006
2091	1	1	22	328	2007
2092	2	1	31	329	2004
2093	1	1	0	329	2009
2094	1	2	0	329	2008
2095	1	1	28	327	2009
2096	1	0	0	0	0
2097	2	2	11	327	2005
2098	1	2	0	0	0
2099	1	1	11	331	2008
2100	2	0	0	0	0
2101	1	1	22	0	2006
2102	1	1	21	330	2007
2103	2	2	0	0	2004
2104	1	1	36	329	2006
2105	1	0	0	330	2008
2106	1	1	12	327	2006
2107	1	0	11	327	2007
2108	2	2	10	331	2005
2109	1	2	30	327	2009
2110	1	2	10	328	2009
2111	1	2	37	329	2006
2112	1	1	19	330	2006
2113	1	1	10	331	2006
2114	1	1	39	331	2006
2115	1	2	0	327	0
2116	1	1	19	0	2006
2117	1	1	33	329	2006
2118	1	1	20	331	2008
2119	2	1	33	0	2003
2120	1	1	10	331	2008
2121	1	1	11	331	2005
2122	1	0	33	329	2007
2123	1	2	7	331	2008
2124	1	2	10	331	2007
2125	2	1	11	0	2005
2126	1	2	11	328	2008
2127	1	1	22	329	2005
2128	4	2	0	0	0
2129	1	2	15	327	2006
2130	2	2	18	327	2005
2131	2	1	12	328	2004
2132	1	1	0	329	2009
2133	1	1	0	328	2008
2134	1	2	31	328	2007
2135	1	2	41	328	2007
2136	2	1	28	330	2005
2137	1	1	34	329	2007
2138	2	2	30	330	2003
2139	1	0	0	0	0
2140	1	2	25	330	0
2141	1	2	21	327	2009
2142	1	2	0	329	2009
2143	2	2	22	329	2005
2144	1	1	19	329	2007
2145	1	2	28	331	2006
2146	2	1	12	327	2004
2147	1	0	0	0	0
2148	2	1	33	331	2005
2149	1	2	10	329	2009
2150	1	2	31	330	2007
2151	1	1	0	330	2007
2152	1	1	19	330	2009
2153	1	2	16	330	2005
2154	1	2	33	331	2006
2155	1	2	0	331	2008
2156	1	1	7	328	2009
2157	1	1	0	327	2008
2158	1	1	0	330	2008
2159	1	1	0	328	2008
2160	1	2	0	328	2008
2161	1	2	16	328	2006
2162	1	1	31	328	2006
2163	1	2	0	331	2009
2164	1	1	0	328	2009
2165	1	2	4	327	2009
2166	1	2	9	330	2007
2167	2	2	10	0	2005
2168	1	1	22	328	2006
2169	1	1	10	330	2006
2170	1	1	33	330	2006
2171	1	1	22	327	2009
2172	1	2	34	330	2006
2173	1	1	31	329	2005
2174	2	1	35	330	2003
2175	2	2	1	328	2004
2176	2	2	10	0	2004
2177	1	2	14	0	2005
2178	1	1	0	328	2009
2179	1	2	0	328	2008
2180	2	1	11	331	2005
2181	1	0	30	329	2006
2182	4	1	19	331	2005
2183	1	2	10	0	2006
2184	1	2	7	328	2007
2185	3	2	22	330	1991
2186	1	1	22	0	2006
2187	1	2	31	329	2006
2188	1	1	0	330	2008
2189	1	1	19	0	2007
2190	1	1	21	328	2008
2191	1	0	19	328	2007
2192	1	0	36	0	2007
2193	1	2	16	330	2005
2194	1	1	36	328	0
2195	1	2	4	330	2008
2196	2	1	40	331	0
2197	1	2	21	328	2008
2198	1	2	11	331	2006
2199	2	0	0	0	2006
2200	2	0	0	0	0
2201	1	2	10	328	2008
2202	1	2	30	327	2007
2203	1	0	19	327	2006
2204	1	2	0	331	2009
2205	2	2	30	0	2004
2206	1	2	0	329	2009
2207	1	2	37	329	2006
2208	1	2	10	330	2006
2209	1	2	31	328	2008
2210	1	1	0	330	2008
2211	1	1	15	327	2009
2212	1	1	22	330	2008
2213	1	2	0	327	2008
2214	2	1	16	0	2004
2215	1	1	12	329	2007
2216	1	2	21	328	0
2217	1	2	11	331	2006
2218	2	1	10	0	2005
2219	1	2	28	331	2006
2220	2	2	19	0	2005
2221	1	1	22	333	2006
2222	1	1	0	331	2009
2223	1	1	20	329	2007
2224	2	1	31	0	2004
2225	1	1	19	328	2008
2226	2	2	39	334	2004
2227	1	1	30	330	2009
2228	1	1	31	330	2007
2229	1	1	12	328	2008
2230	2	1	22	333	2005
2231	1	1	0	329	2009
2232	1	2	10	0	2007
2233	2	0	11	0	0
2234	1	1	20	330	2008
2235	1	2	19	328	2006
2236	1	1	10	327	2005
2237	1	0	7	330	2007
2238	1	1	33	329	2006
2239	1	2	19	0	2005
2240	1	2	27	330	2008
2241	1	2	29	328	2007
2242	1	1	0	331	2009
2243	1	1	33	328	2007
2244	1	2	22	328	2008
2245	1	1	4	0	2007
2246	2	1	36	0	2004
2247	1	2	0	327	2009
2248	1	1	0	0	2009
2249	1	1	20	327	0
2250	1	1	22	329	2007
2251	1	0	13	331	0
2252	1	2	16	331	2005
2253	1	1	39	328	2007
2254	1	2	10	329	2006
2255	1	2	28	331	2006
2256	1	1	11	334	2006
2257	1	1	19	328	2008
2258	1	2	19	328	2009
2259	2	2	10	330	2005
2260	1	1	0	328	2009
2261	1	2	31	328	2006
2262	1	1	22	331	2006
2263	2	2	14	330	2005
2264	2	1	33	0	2004
2265	2	1	33	0	2004
2266	1	1	30	330	2007
2267	1	1	37	327	2009
2268	1	2	33	327	2007
2269	1	2	11	330	2006
2270	1	1	22	329	2009
2271	1	1	5	328	2008
2272	1	2	0	329	0
2273	1	1	31	330	2004
2274	2	1	0	0	2004
2275	1	1	34	330	2008
2276	1	1	0	331	2009
2277	1	1	31	328	2007
2278	1	2	0	329	2008
2279	1	1	0	328	2008
2280	5	2	15	0	2004
2281	1	1	0	329	2009
2282	2	2	23	331	2005
2283	1	1	33	330	2005
2284	2	1	27	331	2004
2285	2	0	0	0	0
2286	1	1	11	331	2007
2287	2	2	15	0	2005
2288	1	0	0	0	0
2289	1	1	0	331	2008
2290	1	1	22	331	2008
2291	2	0	0	0	0
2292	2	0	33	0	2005
2293	1	2	0	327	2008
2294	1	2	21	331	2008
2295	1	2	10	327	2006
2296	1	1	0	329	2007
2297	2	2	11	334	2005
2298	1	2	19	329	2008
2299	1	1	11	328	2008
2300	1	2	0	331	2009
2301	1	1	16	331	2006
2302	1	2	0	0	2006
2303	2	1	0	0	2004
2304	2	2	21	0	2004
2305	1	2	7	331	2006
2306	1	2	2	331	2009
2307	1	1	12	331	2007
2308	1	2	0	327	2009
2309	1	1	0	329	2008
2310	1	2	10	330	2007
2311	2	1	10	0	2005
2312	1	1	28	327	2008
2313	1	1	0	327	2009
2314	1	2	5	329	2007
2315	1	2	19	0	2007
2316	1	2	10	0	2007
2317	1	1	11	327	2009
2318	1	2	10	330	0
2319	1	2	19	327	0
2320	1	0	33	333	2006
2321	1	1	0	330	2007
2322	1	0	0	0	0
2323	1	2	25	332	2006
2324	1	1	33	330	2007
2325	1	1	28	327	2006
2326	1	2	9	330	2007
2327	1	1	10	329	2008
2328	1	1	0	328	0
2329	1	2	11	327	2006
2330	1	1	11	328	2008
2331	2	2	10	329	2005
2332	1	1	21	0	2009
2333	1	1	0	328	2007
2334	2	1	33	328	2005
2335	1	1	0	328	2007
2336	1	1	12	331	2006
2337	1	1	33	329	2006
2338	1	2	11	330	2008
2339	1	1	12	329	2009
2340	1	2	31	330	2008
2341	1	1	37	327	2006
2342	1	2	0	327	2009
2343	1	2	10	330	2008
2344	2	2	31	0	2004
2345	1	2	0	331	2009
2346	1	2	20	327	2008
2347	2	1	11	331	2005
2348	2	1	0	327	2005
2349	1	2	12	327	0
2350	2	0	31	0	2004
2351	2	2	10	0	2005
2352	2	0	0	0	0
2353	1	1	11	328	2009
2354	1	1	0	331	2009
2355	1	0	0	327	2008
2356	1	1	31	0	2007
2357	1	1	11	330	2006
2358	1	2	0	329	2009
2359	1	2	21	335	2007
2360	1	2	10	330	2007
2361	1	2	31	331	2005
2362	1	1	39	331	2006
2363	1	2	28	327	2006
2364	1	2	28	331	2008
2365	1	1	20	329	2006
2366	1	1	31	331	2005
2367	1	1	31	330	2006
2368	1	1	0	330	2009
2369	1	2	5	328	2006
2370	1	2	0	327	2008
2371	1	0	0	0	2008
2372	2	2	21	0	2005
2373	1	1	23	331	2007
2374	1	0	0	331	2008
2375	1	1	16	0	2005
2376	1	1	28	329	2007
2377	1	1	11	330	2007
2378	1	2	0	327	2008
2379	2	1	10	329	2002
2380	1	1	0	331	2008
2381	1	1	0	328	2008
2382	1	1	11	328	2009
2383	2	1	39	0	2004
2384	1	1	28	328	2008
2385	1	2	40	329	2008
2386	2	1	10	329	2004
2387	2	1	10	327	2005
2388	1	1	11	328	2007
2389	1	1	22	329	2006
2390	1	1	34	331	2006
2391	1	2	28	329	2009
2392	1	1	6	330	2007
2393	1	1	33	329	2009
2394	2	1	15	331	2005
2395	1	0	0	0	0
2396	2	1	27	0	2008
2397	2	2	0	0	0
2398	2	2	31	330	2005
2399	1	1	33	329	2007
2400	2	2	20	330	2005
2401	1	2	0	328	2009
2402	1	1	0	328	2008
2403	1	2	0	328	2009
2404	1	1	0	327	2009
2405	1	2	16	329	2007
2406	2	2	8	0	2003
2407	1	1	23	327	2007
2408	1	1	31	329	2007
2409	2	1	10	0	2005
2410	2	2	10	330	2004
2411	1	1	39	328	2008
2412	2	2	10	0	2005
2413	1	1	22	331	2009
2414	1	2	12	327	2008
2415	1	1	22	327	2006
2416	1	1	33	330	2008
2417	2	1	15	331	2004
2418	1	1	22	329	2007
2419	1	2	11	328	2008
2420	1	2	10	329	2005
2421	1	1	0	327	0
2422	1	2	19	328	2007
2423	1	1	3	330	2008
2424	1	2	0	0	2007
2425	1	1	20	330	2007
2426	1	1	12	328	2008
2427	1	0	0	0	0
2428	1	2	14	328	2009
2429	1	2	0	329	2008
2430	1	2	10	0	2007
2431	1	1	19	329	2007
2432	2	2	7	0	2005
2433	1	2	21	331	2009
2434	1	0	0	0	0
2435	1	2	21	0	2006
2436	1	1	0	327	2009
2437	2	1	22	0	2003
2438	1	1	33	331	2006
2439	1	1	14	330	2007
2440	1	1	25	331	2006
2441	2	1	20	0	2004
2442	1	0	0	0	0
2443	1	1	1	331	2008
2444	1	1	22	327	2009
2445	1	1	0	0	2008
2446	2	1	33	330	2005
2447	1	2	11	0	2007
2448	2	2	10	0	2004
2449	2	0	0	0	2004
2450	3	0	0	0	0
2451	1	1	0	328	2009
2452	1	1	0	329	2008
2453	1	2	12	0	2005
2454	1	1	28	327	2009
2455	1	2	19	329	2007
2456	1	2	0	0	2007
2457	1	2	31	327	2007
2458	2	2	4	332	2003
2459	1	1	0	329	2009
2460	1	2	4	328	2009
2461	1	2	4	330	2008
2462	1	1	11	328	2007
2463	1	2	10	328	2009
2464	2	2	0	0	2005
2465	1	1	0	331	2007
2466	1	2	0	0	2009
2467	1	2	27	327	2009
2468	1	2	0	331	2009
2469	1	2	0	327	2009
2470	1	2	6	330	2008
2471	1	1	0	327	2008
2472	1	1	34	0	2006
2473	1	2	0	329	2007
2474	1	1	36	330	2007
2475	1	1	12	327	2005
2476	3	2	9	336	1969
2477	1	1	10	329	2005
2478	1	1	6	328	2008
2479	1	2	2	330	2008
2480	1	1	29	331	2008
2481	1	2	28	327	2009
2482	1	1	21	329	2009
2483	1	1	0	327	2008
2484	1	2	31	329	2007
2485	1	1	0	329	2009
2486	1	2	36	327	2005
2487	1	1	28	331	2009
2488	1	1	20	328	2007
2489	1	1	34	330	2007
2490	1	1	11	328	2009
2491	1	1	11	331	2006
2492	1	0	0	0	0
2493	1	2	22	0	2006
2494	4	0	0	0	0
2495	2	0	0	0	2004
2496	1	2	34	331	2006
2497	1	1	28	331	2009
2498	1	2	37	329	2007
2499	2	0	20	0	2005
2500	1	2	0	331	2009
2501	1	2	10	329	2008
2502	2	1	37	0	2003
2503	2	2	14	0	2004
2504	1	1	22	0	2008
2505	1	1	0	331	2008
2506	1	2	19	0	2006
2507	5	0	0	0	0
2508	1	2	0	331	2009
2509	2	2	0	0	2005
2510	2	0	31	0	0
2511	1	1	10	331	0
2512	1	1	24	327	2006
2513	1	1	33	328	2008
2514	1	1	0	331	2009
2515	2	0	0	0	0
2516	2	1	26	0	2005
2517	1	2	0	329	2007
2518	2	1	11	329	2005
2519	2	2	22	0	2005
2520	2	1	21	0	2004
2521	1	0	0	0	0
2522	2	2	7	329	2002
2523	1	1	22	331	2005
2524	2	1	11	329	2004
2525	1	1	20	331	2006
2526	1	0	33	327	2005
2527	1	1	4	328	2009
2528	1	1	0	330	2009
2529	1	0	0	0	0
2530	1	2	31	327	2006
2531	1	2	25	327	2006
2532	2	2	27	329	2004
2533	2	2	10	0	2005
2534	2	1	22	0	2005
2535	1	2	28	327	2008
2536	1	1	33	0	2006
2537	1	1	19	328	2009
2538	1	2	10	330	2008
2539	1	1	34	334	2005
2540	1	1	31	330	2006
2541	1	1	22	331	2008
2542	1	2	11	327	2006
2543	2	1	39	0	2004
2544	1	0	0	0	0
2545	1	2	12	331	2007
2546	1	2	12	331	2007
2547	2	2	10	0	2005
2548	1	1	22	330	2006
2549	1	1	22	327	2009
2550	1	2	21	330	2008
2551	1	1	39	330	2008
2552	1	2	0	330	2008
2553	1	2	16	329	2006
2554	1	1	20	331	2006
2555	2	2	10	0	2005
2556	1	1	33	0	2007
2557	1	2	22	329	2008
2558	1	2	22	327	2009
2559	1	2	16	329	2006
2560	1	1	0	329	2009
2561	1	2	6	0	2007
2562	1	2	0	0	2007
2563	1	1	28	331	2006
2564	1	1	0	328	2008
2565	1	1	11	329	2007
2566	1	1	33	330	2007
2567	1	1	10	327	2007
2568	1	1	7	331	2006
2569	2	0	11	0	2004
2570	2	1	10	327	2005
2571	1	2	25	327	2009
2572	1	1	31	330	2007
2573	2	1	12	0	2004
2574	1	2	0	327	2008
2575	1	2	10	332	2006
2576	2	2	11	328	2005
2577	1	1	0	331	2007
2578	1	1	0	327	2006
2579	1	2	0	327	2006
2580	1	2	1	330	2007
2581	1	2	10	330	2008
2582	1	2	11	330	2008
2583	1	2	0	328	2008
2584	1	0	0	0	0
2585	1	2	0	331	2009
2586	1	1	33	0	2007
2587	2	2	23	0	2003
2588	1	1	26	328	2006
2589	1	2	10	327	2007
2590	2	1	11	327	2005
2591	2	2	10	0	2004
2592	2	1	26	0	2005
2593	1	1	0	328	2008
2594	1	1	29	0	2007
2595	1	1	1	330	2007
2596	1	2	0	330	2008
2597	1	1	31	328	2007
2598	1	2	0	329	2009
2599	1	1	21	328	2008
2600	1	2	19	328	2008
2601	1	2	31	331	0
2602	1	1	0	330	2009
2603	1	1	33	0	2009
2604	1	2	10	330	2006
2605	2	1	31	330	2004
2606	1	1	0	0	0
2607	1	1	0	329	2008
2608	1	1	0	329	2008
2609	1	2	6	331	2009
2610	1	2	10	327	2006
2611	1	1	0	327	0
2612	2	0	0	0	2004
2613	1	1	11	330	2007
2614	1	1	40	330	2006
2615	1	1	0	329	2006
2616	1	2	0	327	2009
2617	2	2	33	330	2005
2618	2	1	37	0	2005
2619	1	1	11	331	2006
2620	2	2	5	0	2004
2621	1	2	0	330	2008
2622	2	0	11	0	0
2623	1	1	31	328	2009
2624	1	1	21	331	2007
2625	5	2	23	0	2005
2626	2	2	10	330	2003
2627	2	2	1	0	2003
2628	2	2	21	0	2005
2629	1	0	33	327	0
2630	2	1	5	327	2005
2631	1	2	10	329	2007
2632	2	0	40	0	2005
2633	1	2	10	329	2008
2634	2	2	10	330	2004
2635	1	1	19	0	2007
2636	1	2	0	329	2009
2637	1	2	0	328	2008
2638	1	1	29	331	2005
2639	2	1	36	330	2005
2640	1	1	0	331	2008
2641	1	2	39	331	2007
2642	1	2	10	330	2006
2643	1	2	34	331	2007
2644	1	0	19	327	2008
2645	1	2	10	331	2006
2646	1	1	22	329	2006
2647	2	1	15	327	2005
2648	1	2	19	330	2006
2649	1	1	33	329	2006
2650	2	1	16	0	2003
2651	1	2	19	0	0
2652	1	1	12	329	2008
2653	1	2	1	332	2006
2654	1	0	39	0	2007
2655	1	1	15	0	2006
2656	2	2	0	330	2000
2657	2	1	33	0	2005
2658	1	1	36	330	2007
2659	1	2	10	329	2007
2660	2	2	31	0	2003
2661	1	1	0	331	2007
2662	1	1	2	328	2007
2663	1	2	14	330	2008
2664	1	2	22	331	2007
2665	1	2	0	0	0
2666	1	1	19	328	2007
2667	2	1	11	330	2005
2668	2	2	21	0	2005
2669	1	1	33	331	2007
2670	1	1	19	327	2005
2671	1	1	12	330	2007
2672	1	2	0	327	2008
2673	1	1	1	0	2006
2674	2	1	31	0	2004
2675	1	2	15	327	2009
2676	1	1	11	329	2006
2677	1	0	0	0	0
2678	1	2	22	331	2009
2679	1	2	6	329	2007
2680	1	1	11	330	2006
2681	2	1	22	327	2005
2682	1	2	10	330	2008
2683	1	1	33	327	2006
2684	1	2	19	335	2006
2685	2	2	22	0	2004
2686	1	2	42	329	2010
2687	1	2	10	329	2008
2688	1	1	0	330	2009
2689	1	0	0	0	0
2690	2	1	39	327	2005
2691	1	1	33	330	2007
2692	1	1	11	0	2009
2693	1	2	8	328	2008
2694	2	2	25	0	2005
2695	1	2	0	331	2009
2696	1	2	31	331	2008
2697	1	2	26	327	2008
2698	1	1	10	328	2008
2699	1	2	36	0	2006
2700	1	1	33	329	2007
2701	1	1	22	331	2009
2702	2	1	22	0	2004
2703	1	1	37	0	2006
2704	4	0	0	0	0
2705	1	2	21	327	2006
2706	1	2	10	0	2005
2707	1	2	0	0	2007
2708	2	0	19	0	2004
2709	1	2	0	329	2009
2710	2	2	24	0	2004
2711	2	2	31	0	2005
2712	1	2	6	331	2008
2713	1	2	14	329	2009
2714	1	2	0	0	0
2715	2	2	7	332	2005
2716	1	1	0	331	2008
2717	1	1	33	329	2008
2718	2	1	22	0	2005
2719	2	1	29	0	2005
2720	1	1	31	330	2007
2721	1	2	19	330	2008
2722	1	1	19	329	2008
2723	1	1	4	0	2009
2724	1	0	0	0	0
2725	1	2	29	327	2007
2726	1	2	0	328	2008
2727	1	1	12	327	2006
2728	1	1	31	328	2007
2729	1	2	0	331	2008
2730	1	2	19	329	2006
2731	1	2	0	331	2007
2732	1	2	10	329	2007
2733	1	2	30	328	2008
2734	1	1	0	0	2008
2735	2	0	0	0	0
2736	1	1	15	331	2005
2737	1	1	25	329	2007
2738	2	2	18	331	2004
2739	2	2	17	0	2005
2740	1	0	37	330	2007
2741	1	2	19	328	2009
2742	1	2	5	333	2007
2743	1	0	42	0	2007
2744	1	2	19	330	2008
2745	1	1	0	331	2008
2746	1	2	10	0	2004
2747	1	2	40	328	2008
2748	1	2	7	329	2007
2749	1	1	34	328	2008
2750	1	1	0	0	2010
2751	1	2	33	327	2008
2752	1	1	0	331	2009
2753	2	1	34	331	2005
2754	1	1	11	327	2007
2755	1	2	27	0	0
2756	1	1	12	331	2009
2757	1	2	10	327	2008
2758	1	2	31	335	2006
2759	1	0	0	0	0
2760	1	2	31	0	2008
2761	1	1	33	330	2005
2762	1	1	0	327	2008
2763	1	2	21	330	2007
2764	1	1	25	331	2007
2765	1	1	20	330	2006
2766	1	1	0	0	2009
2767	2	2	30	330	0
2768	2	1	0	0	2004
2769	1	1	39	327	2007
2770	1	2	12	332	2007
2771	2	1	0	327	2003
2772	1	2	1	329	2007
2773	2	1	31	0	2005
2774	2	2	20	327	2005
2775	1	2	0	329	2009
2776	1	1	0	327	2009
2777	1	2	10	328	2006
2778	2	1	39	0	2005
2779	1	1	31	0	2007
2780	2	1	2	0	2004
2781	1	0	10	0	2006
2782	1	2	4	331	2008
2783	4	2	0	0	0
2784	1	1	0	331	2009
2785	1	0	0	0	2006
2786	2	1	15	0	2004
2787	2	2	21	0	2004
2788	1	2	11	329	2006
2789	2	2	10	0	2004
2790	1	2	31	332	2006
2791	1	0	0	329	2006
2792	1	1	2	328	2006
2793	1	1	10	331	2008
2794	1	1	0	330	2008
2795	1	1	20	329	2006
2796	1	1	1	327	2007
2797	1	1	31	328	2008
2798	1	1	34	331	2008
2799	1	0	0	0	2008
2800	2	2	6	331	2004
2801	1	2	11	328	2009
2802	1	2	28	330	2006
2803	1	2	0	330	2008
2804	1	1	10	327	2008
2805	1	1	21	329	2007
2806	1	1	31	331	2006
2807	1	1	30	331	2007
2808	1	1	8	329	2008
2809	1	2	16	327	2007
2810	2	0	22	0	2004
2811	1	1	33	328	2009
2812	1	1	0	331	2006
2813	1	2	36	330	2006
2814	1	1	22	328	2009
2815	1	1	34	331	2008
2816	2	2	30	0	2005
2817	1	1	31	328	2008
2818	2	1	33	0	2003
2819	1	1	0	329	2008
2820	1	2	30	331	2006
2821	2	2	21	331	2004
2822	1	1	28	330	2008
2823	1	2	21	329	2006
2824	2	2	19	0	2005
2825	1	0	0	0	0
2826	1	1	33	329	2007
2827	1	1	34	329	2007
2828	2	1	28	330	2004
2829	1	2	21	329	2006
2830	1	0	0	0	0
2831	1	1	33	330	2007
2832	1	2	10	0	2006
2833	1	1	4	330	2009
2834	2	2	0	0	0
2835	1	1	33	330	2006
2836	2	1	31	332	2005
2837	1	1	14	330	2009
2838	1	2	0	327	0
2839	1	1	11	330	2006
2840	2	1	14	0	2004
2841	1	1	15	327	2008
2842	2	2	31	329	2004
2843	2	1	22	330	2005
2844	1	2	10	331	2006
2845	2	0	10	333	0
2846	1	1	0	329	2008
2847	1	1	11	328	2006
2848	2	2	31	0	2004
2849	1	1	0	329	2009
2850	1	1	0	331	2008
2851	1	1	10	327	2007
2852	1	2	31	328	2007
2853	1	2	0	330	2008
2854	5	0	0	0	0
2855	1	1	0	328	2008
2856	1	2	2	331	2007
2857	1	2	11	327	2007
2858	1	2	0	329	2008
2859	2	2	12	0	0
2860	1	1	0	328	2009
2861	1	0	0	0	0
2862	1	1	22	327	2007
2863	2	1	28	327	2005
2864	1	1	0	327	2009
2865	2	2	22	0	2003
2866	1	1	7	330	2006
2867	1	0	36	329	2007
2868	1	2	31	0	2005
2869	1	0	14	329	2007
2870	1	1	0	331	2008
2871	1	2	0	330	2008
2872	2	2	10	328	2003
2873	1	2	10	329	2008
2874	2	1	10	330	2005
2875	1	1	0	329	2007
2876	1	1	4	330	2006
2877	2	2	33	0	2005
2878	1	2	10	0	2005
2879	1	0	0	0	0
2880	2	2	0	0	0
2881	1	1	12	329	2007
2882	1	0	0	0	0
2883	1	1	11	331	2007
2884	1	1	0	327	2008
2885	2	2	26	331	2004
2886	1	1	22	328	2007
2887	1	1	11	328	2007
2888	1	2	10	327	2007
2889	1	1	34	333	2007
2890	1	1	16	327	2005
2891	1	1	16	331	2007
2892	1	1	11	327	2006
2893	1	0	0	0	0
2894	2	2	22	0	2004
2895	1	1	0	329	2008
2896	1	1	12	331	2008
2897	1	1	0	0	2008
2898	1	1	0	328	2009
2899	1	1	0	328	2009
2900	1	1	22	331	2008
2901	1	0	0	0	0
2902	1	2	39	329	2006
2903	2	0	28	0	2004
2904	1	1	34	331	2009
2905	1	2	31	330	2007
2906	1	1	21	328	2007
2907	1	1	5	330	2007
2908	2	2	10	0	2005
2909	2	1	11	331	2005
2910	1	0	0	0	0
2911	1	1	14	329	2008
2912	1	2	0	328	2009
2913	1	1	0	330	2008
2914	2	2	28	329	2005
2915	1	2	31	329	2008
2916	1	2	10	331	2008
2917	1	1	22	331	2007
2918	1	1	4	327	2009
2919	1	2	0	328	2008
2920	2	1	22	0	2005
2921	1	1	0	331	2009
2922	2	2	7	0	2005
2923	1	2	30	331	2008
2924	1	1	15	330	2007
2925	1	2	31	330	2006
2926	1	2	0	327	2008
2927	1	2	0	330	2009
2928	2	2	31	0	2003
2929	2	1	22	0	2005
2930	1	2	33	330	2006
2931	5	2	18	0	2005
2932	1	0	19	0	2005
2933	1	0	0	0	0
2934	1	0	0	0	0
2935	1	2	26	331	2008
2936	2	2	26	331	2003
2937	1	2	28	331	2006
2938	1	2	21	330	2008
2939	1	1	11	327	2009
2940	1	1	10	329	2006
2941	1	2	10	329	2007
2942	1	1	39	330	2007
2943	2	2	6	332	2003
2944	1	1	31	328	2008
2945	1	1	22	328	2008
2946	1	2	0	331	2007
2947	2	2	10	327	2004
2948	1	2	19	328	2008
2949	2	2	0	0	2004
2950	2	1	28	0	2005
2951	2	2	25	0	2003
2952	1	2	5	329	2007
2953	1	2	19	330	2009
2954	1	1	0	327	2009
2955	1	1	10	327	2007
2956	1	2	10	0	2005
2957	1	2	26	330	2006
2958	1	1	33	328	2008
2959	1	1	22	0	2005
2960	1	1	33	330	2007
2961	1	2	19	330	2006
2962	1	1	21	327	2009
2963	2	2	33	330	2004
2964	1	2	2	328	2006
2965	1	2	21	327	2007
2966	1	1	33	0	2005
2967	1	1	0	331	2008
2968	1	0	0	0	0
2969	1	0	0	0	0
2970	1	2	22	327	2008
2971	1	1	0	328	2009
2972	2	1	37	0	2005
2973	1	1	25	329	2008
2974	1	2	22	328	2007
2975	2	2	21	0	2005
2976	1	1	0	331	2009
2977	1	2	22	329	2007
2978	1	1	28	328	2007
2979	1	1	31	329	2007
2980	1	1	3	329	2006
2981	1	2	5	0	2008
2982	1	0	0	0	0
2983	1	1	1	327	2006
2984	1	2	0	331	2009
2985	1	1	11	331	2006
2986	1	1	4	331	2007
2987	1	2	25	328	2008
2988	1	2	11	327	2008
2989	1	2	20	330	2007
2990	2	2	21	0	2005
2991	2	2	10	0	2004
2992	1	1	0	327	2009
2993	3	1	11	0	0
2994	1	2	10	329	2007
2995	1	2	22	330	2005
2996	1	2	0	331	2008
2997	1	2	31	327	2009
2998	1	1	0	328	2009
2999	1	1	34	328	2007
3000	2	1	33	0	2004
3001	1	1	10	330	2006
3002	2	2	31	330	2005
3003	1	1	11	331	2007
3004	2	1	36	327	2004
3005	1	1	25	331	2007
3006	1	1	15	330	2007
3007	1	2	10	328	2009
3008	1	1	24	331	2009
3009	1	2	11	329	2009
3010	1	1	20	331	2005
3011	1	1	0	328	2008
3012	1	1	33	331	2009
3013	1	1	20	328	2007
3014	1	1	22	329	2009
3015	1	2	19	327	2006
3016	1	1	0	0	2007
3017	1	2	16	330	2008
3018	1	1	0	328	2009
3019	1	2	10	331	2008
3020	1	1	22	327	2007
3021	1	1	0	329	2007
3022	1	2	11	329	2008
3023	1	2	28	330	2009
3024	1	1	12	327	2009
3025	1	2	10	331	2006
3026	1	2	10	327	2007
3027	1	1	22	330	2009
3028	1	1	33	329	2006
3029	1	1	30	328	2006
3030	1	1	12	0	2005
3031	1	2	17	327	2008
3032	1	2	31	0	2005
3033	1	2	0	0	2008
3034	1	1	3	331	2010
3035	1	2	10	331	2008
3036	1	2	22	328	2007
3037	2	2	0	0	2005
3038	2	1	14	0	2004
3039	2	2	10	0	2005
3040	1	2	0	331	2007
3041	2	1	10	0	2005
3042	2	1	18	0	2004
3043	1	1	10	327	2008
3044	1	1	19	331	2006
3045	1	0	0	0	0
3046	1	2	37	328	2008
3047	1	0	0	327	2005
3048	1	2	31	327	2006
3049	1	1	23	327	2006
3050	1	2	0	330	2009
3051	2	2	10	0	2005
3052	1	2	22	331	2008
3053	2	1	33	0	2004
3054	1	0	0	0	0
3055	2	2	11	0	0
3056	2	2	21	0	2004
3057	2	2	19	0	2004
3058	1	2	10	0	2007
3059	2	2	22	330	2005
3060	1	1	10	0	2006
3061	1	0	0	0	0
3062	1	2	0	329	2008
3063	1	2	23	0	2007
3064	1	2	0	330	2008
3065	2	2	22	330	2005
3066	1	2	11	333	2006
3067	1	1	13	329	2008
3068	1	2	10	330	2008
3069	1	2	16	331	2005
3070	1	1	10	327	2006
3071	1	2	10	330	2009
3072	1	2	20	331	2006
3073	1	2	21	331	2006
3074	1	1	11	336	2006
3075	1	1	0	0	2009
