id	status	gender	major	dorm	year
1	2	2	118	0	0
2	1	1	105	330	2008
3	1	1	130	347	2007
4	1	1	139	331	2008
5	1	2	153	0	2006
6	1	1	133	334	2007
7	2	2	152	0	2005
8	1	2	105	331	2007
9	1	1	97	331	2007
10	1	1	113	329	2007
11	2	1	98	0	2005
12	1	1	99	328	2009
13	1	1	106	327	2007
14	1	2	97	0	2006
15	1	2	114	0	2007
16	1	1	118	0	2007
17	1	1	101	333	2005
18	1	2	0	347	2009
19	1	2	139	0	2007
20	2	1	145	0	2004
21	1	1	109	346	0
22	2	1	125	0	2004
23	1	2	153	335	2008
24	1	2	112	0	2006
25	1	1	99	330	2009
26	1	1	98	331	2006
27	1	1	97	346	2007
28	2	1	152	0	2005
29	3	2	152	0	0
30	1	2	139	332	2008
31	2	1	135	0	2004
32	1	2	120	333	2008
33	1	2	147	331	2007
34	1	0	114	0	0
35	1	1	114	350	2007
36	1	1	98	335	2008
37	1	1	0	350	2008
38	1	2	153	334	0
39	1	1	97	331	2008
40	2	1	99	330	2004
41	2	2	115	0	2005
42	1	2	136	336	2008
43	2	2	152	0	2004
44	1	0	0	0	0
45	1	2	97	334	2007
46	1	1	152	341	2009
47	1	2	152	343	2008
48	1	2	152	0	2008
49	1	1	146	329	2009
50	2	2	108	347	1967
51	1	1	99	335	2009
52	1	2	125	339	2008
53	1	1	145	346	2008
54	1	2	114	331	2007
55	1	2	94	344	2008
56	2	1	139	0	2005
57	1	1	98	0	2007
58	1	2	143	335	2006
59	1	1	146	328	2008
60	1	1	98	0	2005
61	1	1	0	328	2008
62	1	1	98	350	0
63	1	1	97	0	2007
64	1	1	135	0	2006
65	2	2	0	0	0
66	2	1	97	0	2005
67	1	1	105	329	2008
68	1	2	106	333	2007
69	1	1	139	335	0
70	1	1	109	329	2008
71	1	1	102	0	2006
72	1	1	97	0	2006
73	2	1	123	0	2005
74	1	2	114	0	2006
75	1	1	146	335	2007
76	2	1	97	0	2005
77	1	2	122	0	2007
78	1	0	114	329	2007
79	4	2	0	0	0
80	1	1	0	331	2008
81	2	1	105	0	2005
82	1	2	139	346	2009
83	2	1	106	0	2005
84	1	1	105	340	0
85	1	2	0	339	2009
86	1	1	99	348	2005
87	1	1	106	334	2007
88	1	0	0	0	0
89	1	2	146	345	2010
90	1	1	90	344	2006
91	2	2	114	0	2005
92	1	1	133	0	2006
93	1	1	109	331	2008
94	1	1	122	339	2008
95	1	0	0	0	0
96	1	1	152	338	2008
97	2	2	92	331	2005
98	1	0	0	0	0
99	1	1	112	349	2009
100	1	0	0	0	0
101	1	2	122	329	2007
102	1	2	147	333	2008
103	1	2	152	333	2008
104	2	1	117	0	2005
105	1	0	109	329	2008
106	1	2	108	0	2006
107	1	2	134	333	2007
108	1	2	117	349	2008
109	1	0	0	0	2008
110	1	1	152	0	0
111	1	1	0	0	0
112	1	1	152	335	2008
113	1	0	0	0	0
114	1	2	148	331	2007
115	1	2	152	0	2008
116	1	1	151	333	2007
117	1	2	141	0	2006
118	1	2	152	0	2008
119	5	0	123	0	0
120	1	1	104	0	2006
121	2	2	103	0	0
122	1	2	152	336	2007
123	1	1	99	329	2009
124	1	1	0	330	2008
125	1	0	0	335	2010
126	1	1	101	335	2007
127	2	0	151	0	2005
128	1	0	0	0	0
129	1	1	106	336	2007
130	3	0	126	0	0
131	1	2	147	338	2007
132	2	0	0	0	0
133	1	1	117	329	2008
134	1	1	152	0	2008
135	1	2	0	328	2008
136	1	2	106	0	2007
137	1	0	0	0	0
138	1	2	152	333	2008
139	1	2	92	337	2008
140	1	1	92	0	2006
141	1	1	139	329	0
142	1	2	141	0	2004
143	1	1	152	347	2010
144	1	1	0	330	0
145	1	0	114	329	2008
146	4	1	96	0	0
147	1	2	111	0	2006
148	1	1	152	332	2008
149	2	2	151	0	2005
150	1	1	98	347	2007
151	1	2	152	0	2006
152	1	1	123	333	2007
153	1	1	0	341	2005
154	1	0	0	0	0
155	2	2	125	0	2005
156	1	2	152	334	2008
157	1	1	0	341	2009
158	1	2	153	0	2006
159	1	2	152	335	2008
160	1	2	152	343	2007
161	1	1	117	0	0
162	1	0	152	0	0
163	2	1	152	0	2005
164	2	2	141	0	2003
165	1	2	105	0	2006
166	1	1	123	0	2007
167	2	1	125	0	2005
168	1	1	139	0	2007
169	1	2	99	329	2009
170	1	2	157	330	2010
171	2	1	98	0	2005
172	1	2	114	351	2005
173	2	2	143	335	2005
174	1	2	146	350	2005
175	1	1	109	330	2009
176	1	2	147	0	2005
177	1	2	157	335	2009
178	1	2	135	346	2007
179	2	2	152	0	2004
180	1	1	154	336	2008
181	1	1	114	349	0
182	1	1	152	332	2007
183	1	2	109	349	2006
184	1	2	109	0	2007
185	1	1	106	346	2007
186	1	2	152	0	0
187	1	1	130	0	2006
188	1	2	125	349	2007
189	2	1	141	0	2003
190	1	2	105	344	2007
191	2	2	92	0	2005
192	1	1	112	331	2008
193	1	2	153	336	2008
194	1	1	152	343	2008
195	5	0	124	0	1995
196	1	2	92	0	2006
197	1	2	0	329	2009
198	1	2	152	333	2008
199	3	2	125	0	0
200	1	1	98	328	2008
201	1	1	92	330	2008
202	1	2	155	0	2004
203	1	2	0	0	2007
204	1	1	130	345	2008
205	1	2	113	333	2010
206	1	2	125	0	2007
207	1	2	96	331	2009
208	2	1	0	0	2004
209	1	0	91	0	0
210	1	1	152	331	2007
211	1	2	114	329	2008
212	1	1	152	332	2006
213	1	1	97	0	2008
214	1	2	111	348	2008
215	1	2	153	330	2009
216	1	1	0	0	2007
217	1	0	0	0	0
218	1	1	152	336	2007
219	1	2	152	335	2008
220	1	1	125	329	2008
221	2	2	136	0	2002
222	1	1	0	328	2009
223	1	1	97	327	2009
224	2	1	113	0	2005
225	1	2	114	351	2006
226	1	1	98	0	2006
227	1	1	152	342	2008
228	1	1	117	331	2007
229	1	1	0	0	2006
230	1	2	109	331	2007
231	2	1	109	0	0
232	1	1	0	328	2009
233	1	2	125	0	2006
234	1	1	114	335	2009
235	1	1	0	0	0
236	1	1	136	334	2007
237	1	1	106	344	2006
238	1	2	152	0	2006
239	2	0	104	0	0
240	1	2	139	330	2009
241	1	2	152	0	2006
242	1	0	97	334	2008
243	1	1	116	0	2005
244	1	2	92	333	2008
245	1	2	125	0	2006
246	1	1	141	328	2008
247	2	2	114	0	2005
248	1	2	97	342	2008
249	1	1	117	329	2008
250	5	1	91	0	2006
251	1	2	123	335	2007
252	2	2	141	0	2004
253	2	1	152	0	2005
254	1	0	0	0	0
255	1	2	152	335	2008
256	1	1	151	0	2007
257	1	1	128	330	2009
258	1	2	124	0	2006
259	1	1	97	0	2007
260	2	1	98	0	2005
261	1	1	139	328	2005
262	1	2	147	328	2008
263	1	1	152	333	2007
264	2	1	135	0	2005
265	1	1	125	333	2007
266	1	1	151	333	2007
267	1	1	152	330	2009
268	1	2	147	0	2007
269	1	2	109	330	2008
270	1	2	114	0	2007
271	1	2	136	346	2008
272	1	0	0	0	0
273	1	2	99	329	2009
274	1	2	0	328	2009
275	1	1	0	327	2008
276	2	2	121	328	2005
277	1	1	0	333	2007
278	1	1	97	329	2008
279	1	0	97	329	2007
280	1	2	152	328	2009
281	1	1	105	330	2009
282	1	1	118	328	2009
283	1	2	139	344	2007
284	2	2	113	0	2005
285	1	0	115	333	2007
286	2	2	152	0	2005
287	1	1	105	331	2008
288	1	1	105	330	2009
289	2	2	135	0	2005
290	2	2	153	332	2005
291	1	2	114	0	2005
292	1	1	117	329	2008
293	2	2	153	0	2005
294	1	1	139	0	2005
295	1	2	133	330	2005
296	1	1	114	0	2007
297	1	1	99	0	0
298	1	1	102	333	2008
299	1	1	114	0	2006
300	1	2	109	329	2008
301	1	1	151	335	2008
302	1	1	105	0	2006
303	2	2	152	0	0
304	1	1	139	333	2008
305	1	1	109	328	2009
306	1	0	0	0	0
307	1	1	93	328	2009
308	1	1	97	0	2007
309	2	1	141	0	2004
310	1	2	147	0	2008
311	1	2	114	340	2009
312	1	1	141	0	2007
313	1	1	139	330	2009
314	2	2	105	0	2004
315	1	2	92	349	2008
316	1	2	0	333	2008
317	1	1	97	341	2007
318	1	2	114	0	2006
319	1	0	0	0	0
320	1	0	153	0	0
321	2	1	109	0	2005
322	1	1	155	333	2009
323	1	1	98	331	2007
324	1	1	0	328	2009
325	1	1	152	345	0
326	1	1	154	0	2007
327	1	2	109	331	2009
328	2	1	139	0	2005
329	2	2	96	0	2005
330	1	2	146	327	2008
331	1	2	152	333	2009
332	1	1	135	330	2009
333	4	1	152	0	2006
334	1	1	0	333	2008
335	2	1	152	0	2005
336	1	1	123	0	2006
337	1	1	134	338	2007
338	1	2	118	349	2008
339	1	2	105	330	2009
340	1	1	114	0	2006
341	1	0	0	334	0
342	1	2	136	0	2005
343	1	1	139	340	2009
344	3	2	152	0	0
345	1	2	152	336	2007
346	2	2	103	337	0
347	4	2	91	0	0
348	1	1	130	335	2008
349	1	2	125	330	2009
350	1	2	128	335	2008
351	1	2	112	333	2008
352	2	2	109	0	2005
353	1	2	156	336	2006
354	2	1	123	0	2004
355	1	1	113	0	2006
356	2	2	90	0	2005
357	1	1	149	0	2008
358	1	2	147	346	2005
359	1	1	152	334	2008
360	1	1	99	329	2009
361	1	2	108	347	2007
362	1	1	93	346	2008
363	1	1	0	332	2009
364	1	2	109	0	2006
365	2	1	106	0	2004
366	1	2	152	330	2005
367	2	2	147	0	2005
368	1	1	125	349	2007
369	1	2	125	331	2007
370	2	2	122	0	2005
371	1	1	123	328	2009
372	2	2	0	0	0
373	1	1	109	330	2009
374	1	1	125	0	2006
375	1	1	152	346	2007
376	1	0	0	0	0
377	1	2	145	330	2009
378	1	1	0	349	2008
379	1	1	110	329	2010
380	1	1	0	329	2009
381	1	1	105	346	2006
382	1	2	109	333	2008
383	1	2	0	331	0
384	1	1	125	0	2006
385	1	1	109	329	2007
386	1	2	114	0	0
387	1	2	114	0	2006
388	1	2	115	331	2007
389	5	0	152	0	2006
390	1	2	152	0	2006
391	1	2	136	336	2008
392	1	1	152	339	2010
393	1	1	98	350	2008
394	1	1	152	335	2008
395	1	1	130	344	2006
396	1	2	96	329	2005
397	2	2	152	0	2005
398	1	2	114	333	2009
399	1	1	97	329	2008
400	1	1	109	348	2007
401	1	1	0	0	0
402	1	2	152	335	2008
403	1	2	125	0	2007
404	1	1	0	0	0
405	1	1	0	328	2009
406	1	1	152	333	2008
407	1	2	103	0	2010
408	1	2	153	331	2008
409	1	2	136	333	2007
410	2	1	152	331	2002
411	1	1	151	329	2009
412	1	0	159	0	2006
413	1	1	0	333	0
414	1	1	139	0	2007
415	1	1	123	333	2007
416	1	2	141	331	2007
417	2	1	108	0	2005
418	1	1	152	330	2008
419	1	2	109	330	2009
420	1	0	0	0	0
421	1	1	98	0	0
422	1	2	117	333	2008
423	1	1	154	333	2008
424	1	1	105	0	0
425	2	1	98	334	2005
426	1	1	105	329	2008
427	1	2	152	0	2008
428	1	1	97	349	2008
429	5	2	152	0	2006
430	1	1	0	332	0
431	1	2	125	0	2006
432	1	2	152	335	2009
433	1	1	99	0	2006
434	2	2	98	0	2005
435	1	1	97	329	2009
436	1	0	128	0	0
437	1	2	109	346	2008
438	1	1	136	334	2008
439	1	1	0	332	2008
440	1	1	152	341	2007
441	1	1	123	348	2008
442	1	1	102	0	2007
443	1	2	111	346	2009
444	2	2	106	0	2005
445	1	1	105	336	2007
446	5	2	108	351	0
447	1	1	93	331	0
448	1	2	118	0	2007
449	1	1	149	0	2007
450	1	1	123	328	2009
451	1	1	152	0	0
452	1	1	151	0	2006
453	5	1	0	0	2005
454	1	1	0	330	2009
455	1	1	122	332	2008
456	2	2	111	0	2002
457	1	2	112	0	2006
458	1	2	113	329	2008
459	1	1	109	0	2008
460	1	1	113	0	2006
461	1	1	145	0	2006
462	1	1	139	333	2008
463	1	1	117	0	2006
464	1	1	0	333	0
465	1	1	125	337	2007
466	1	2	0	0	2008
467	1	1	109	331	2007
468	1	1	0	0	2008
469	1	2	118	0	2006
470	1	2	136	335	2006
471	2	2	115	0	2005
472	1	1	107	340	2007
473	1	2	152	346	2009
474	1	2	97	351	0
475	4	1	104	0	2004
476	1	1	0	330	2009
477	1	2	156	330	2009
478	1	1	117	328	2008
479	1	1	152	347	2007
480	2	1	0	0	2005
481	1	2	156	335	0
482	2	1	115	0	2005
483	1	1	152	0	2006
484	1	2	139	0	2006
485	2	1	93	0	2005
486	1	1	114	0	0
487	1	1	98	343	2006
488	1	1	145	343	2007
489	2	1	114	0	2005
490	1	1	141	0	2006
491	1	2	0	0	0
492	1	1	0	333	2009
493	1	0	0	0	0
494	1	1	152	351	2006
495	1	1	108	333	2007
496	1	2	109	351	2007
497	1	1	117	335	0
498	1	1	0	328	0
499	1	2	114	337	2008
500	2	2	101	0	2004
501	2	2	150	0	2005
502	2	2	93	0	2005
503	1	0	0	0	0
504	1	2	152	351	2006
505	1	1	152	341	2008
506	1	1	113	336	2006
507	2	1	90	0	2005
508	1	2	112	331	2007
509	1	1	114	334	2007
510	1	1	147	344	2008
511	1	2	114	0	2008
512	1	1	151	329	2008
513	1	0	0	0	0
514	1	1	109	0	2006
515	1	0	104	0	0
516	1	1	152	338	2009
517	2	2	130	327	2005
518	1	1	122	327	2008
519	1	1	0	328	2009
520	1	1	130	341	2008
521	1	1	0	329	2008
522	1	2	0	329	2009
523	2	1	0	0	0
524	1	2	120	328	2008
525	1	1	141	334	2008
526	3	2	134	0	0
527	1	1	97	334	2006
528	1	1	0	329	2009
529	1	1	105	335	2007
530	1	1	99	330	2009
531	1	1	117	327	2007
532	1	1	152	335	2008
533	1	1	97	337	2007
534	1	1	98	329	2007
535	1	1	139	330	2008
536	1	2	145	0	2008
537	1	1	134	341	2006
538	1	1	109	0	2006
539	1	2	99	331	2007
540	4	2	152	0	0
541	2	2	132	327	2005
542	1	1	123	336	2007
543	1	1	121	335	0
544	1	1	97	331	2008
545	2	1	97	0	0
546	1	1	98	328	2005
547	1	1	139	342	2008
548	1	2	117	0	2006
549	1	2	106	333	2008
550	1	1	97	329	2008
551	1	1	125	335	2006
552	1	1	99	351	2006
553	1	2	112	328	2009
554	1	1	97	0	2006
555	1	2	123	347	2007
556	1	1	114	329	2007
557	1	1	147	337	2008
558	1	1	135	327	2009
559	1	2	92	0	2005
560	2	2	119	0	2004
561	1	1	156	0	2006
562	3	0	0	0	0
563	1	2	137	0	2008
564	1	0	110	0	2010
565	2	1	135	0	2005
566	1	2	114	0	2007
567	1	1	152	331	2008
568	1	2	147	333	2008
569	1	1	125	346	2008
570	1	1	117	329	2008
571	1	1	97	328	2009
572	1	2	0	0	0
573	1	2	157	335	2008
574	1	2	114	329	2009
575	1	1	152	330	2009
576	1	2	111	332	2009
577	1	1	0	332	2009
578	1	0	130	0	2005
579	1	1	114	0	2006
580	1	2	0	329	2009
581	1	2	114	333	2008
582	1	0	105	336	0
583	1	2	157	333	2007
584	2	2	103	0	1993
585	1	2	151	346	2007
586	1	1	109	344	0
587	1	2	96	346	2009
588	2	1	115	328	2004
589	1	1	97	346	2008
590	1	1	97	0	2006
591	1	1	152	335	2008
592	1	1	0	0	2008
593	1	1	0	330	2009
594	1	1	108	342	2006
595	1	1	112	329	2007
596	2	1	139	0	2005
597	1	1	157	329	2007
598	1	1	0	330	2009
599	1	1	111	0	2005
600	1	2	123	0	2005
601	1	1	109	333	2007
602	1	2	116	0	2005
603	1	2	105	337	2008
604	1	1	99	348	2006
605	1	2	145	0	2007
606	1	0	152	331	2008
607	1	1	97	329	0
608	1	2	147	333	2007
609	1	1	98	333	2008
610	2	1	115	0	2004
611	1	1	109	329	2009
612	1	2	127	0	0
613	1	1	105	328	2009
614	1	1	102	345	2008
615	1	1	109	0	2007
616	2	0	0	0	2005
617	2	1	98	0	2005
618	2	1	105	0	2002
619	1	1	137	331	2007
620	2	2	156	0	1998
621	1	1	130	345	2009
622	2	1	109	0	2005
623	1	0	141	336	2008
624	1	0	0	0	0
625	2	1	90	0	2005
626	1	0	109	347	0
627	1	1	117	329	2006
628	1	1	109	332	2008
629	1	2	141	0	2008
630	2	1	147	0	2005
631	1	2	98	330	2009
632	2	1	105	0	2004
633	2	1	118	0	2005
634	1	2	152	0	2007
635	1	2	139	344	2006
636	1	2	147	337	2008
637	2	1	117	0	2003
638	1	2	125	328	2009
639	1	1	109	330	2009
640	1	2	112	339	2008
641	3	0	0	0	0
642	1	2	114	0	2005
643	1	1	123	0	2007
644	1	2	0	0	0
645	2	1	109	0	2005
646	1	1	145	0	2005
647	1	2	117	331	2008
648	1	0	0	332	2008
649	1	2	152	0	2006
650	1	1	118	0	2007
651	1	1	99	0	2007
652	1	1	114	0	2006
653	1	2	157	331	2008
654	1	1	114	0	2007
655	1	2	139	334	2008
656	1	2	0	333	2008
657	1	1	0	339	2009
658	1	1	97	329	2007
659	1	1	150	328	0
660	1	2	152	0	2005
661	1	2	0	0	2008
662	1	0	0	0	0
663	2	2	123	0	2005
664	1	1	0	346	2006
665	1	0	97	335	2006
666	1	2	109	333	2005
667	1	2	152	0	2006
668	1	1	115	0	2006
669	1	2	0	340	2008
670	1	0	109	0	2006
671	1	1	97	335	2006
672	1	2	125	334	2007
673	1	1	123	342	2007
674	1	2	139	333	2008
675	2	2	105	345	2003
676	1	2	125	334	2007
677	1	1	152	0	2006
678	1	1	99	349	2009
679	2	2	107	0	2005
680	2	2	0	0	2004
681	1	1	125	0	2009
682	1	0	0	0	0
683	1	2	104	328	2008
684	3	2	121	335	2008
685	1	0	144	0	0
686	1	1	142	0	2005
687	2	0	0	0	0
688	1	1	97	342	2007
689	1	1	97	350	2007
690	1	1	0	330	2009
691	1	1	152	335	2008
692	2	1	145	0	2005
693	1	1	0	333	2008
694	1	0	0	0	0
695	1	1	152	328	2009
696	1	2	126	333	2008
697	1	2	114	344	2008
698	1	1	0	0	0
699	1	1	117	335	2008
700	1	1	123	0	2006
701	2	2	109	0	2005
702	1	2	117	330	2009
703	2	2	145	0	2005
704	1	1	0	328	0
705	1	1	98	335	2008
706	1	1	141	328	2009
707	1	1	152	344	2008
708	1	1	135	331	2009
709	1	2	152	333	2007
710	2	1	108	0	2005
711	1	2	154	0	2005
712	1	2	152	328	2009
713	1	1	114	334	2007
714	2	1	99	337	2004
715	1	2	93	334	2007
716	1	2	94	336	2008
717	1	1	0	328	2009
718	2	1	102	0	2005
719	1	1	109	331	2008
720	1	2	0	350	2008
721	1	1	152	335	2007
722	1	1	97	329	2007
723	2	2	153	0	2004
724	1	1	109	341	2008
725	2	2	147	336	2005
726	1	1	125	0	2007
727	1	1	120	349	2009
728	0	1	134	0	2005
729	1	2	152	0	2005
730	1	0	139	0	2007
731	1	2	152	0	0
732	1	2	0	330	2009
733	1	1	0	0	2007
734	1	1	0	331	2008
735	5	1	111	0	2005
736	1	0	0	349	2008
737	2	2	0	0	2005
738	1	2	109	333	2007
739	1	1	151	346	2007
740	1	1	139	333	2008
741	1	1	123	0	2007
742	1	2	111	0	0
743	1	2	143	335	2008
744	2	1	151	0	2004
745	1	1	152	344	2008
746	1	1	152	0	2006
747	1	2	0	331	2008
748	1	0	103	0	0
749	1	1	128	347	2009
750	1	1	105	332	2008
751	1	1	0	330	2009
752	2	1	111	0	2005
753	1	2	108	351	2007
754	2	1	114	0	2005
755	1	2	108	0	0
756	1	0	0	0	0
757	2	1	97	0	2005
758	1	1	99	0	2006
759	2	2	151	0	2004
760	1	2	97	0	2005
761	1	1	110	0	2006
762	1	1	117	0	2006
763	3	1	150	0	0
764	1	0	0	0	0
765	1	1	0	331	2005
766	1	2	102	330	2009
767	1	1	152	335	2008
768	1	1	153	0	0
769	1	1	154	0	2006
770	1	2	109	331	2008
771	2	1	102	0	2005
772	1	2	147	333	2009
773	2	1	130	0	2005
774	1	2	152	335	2008
775	4	0	0	0	0
776	1	1	0	342	2009
777	1	0	0	0	0
778	1	2	117	328	2009
779	1	1	157	336	2007
780	2	1	117	336	2005
781	1	2	97	331	2006
782	1	1	152	335	2008
783	1	1	99	336	2005
784	1	2	0	328	2008
785	1	0	151	0	2007
786	1	2	134	0	2007
787	1	1	135	339	2008
788	1	1	98	335	2007
789	1	2	0	0	2006
790	2	1	125	0	2005
791	1	1	97	328	2009
792	1	1	97	329	2008
793	1	2	145	0	2006
794	2	1	133	0	2005
795	1	1	97	328	2009
796	1	2	125	0	2007
797	1	1	90	0	2005
798	1	1	109	351	2005
799	1	0	0	0	0
800	2	0	0	0	0
801	1	2	147	333	2007
802	1	1	128	330	2009
803	1	2	0	329	2008
804	1	1	152	0	2006
805	1	1	139	330	2009
806	1	2	141	341	2007
807	1	2	114	331	2006
808	1	1	139	328	2009
809	1	1	114	331	2008
810	2	2	91	0	2001
811	2	2	152	0	2005
812	1	1	97	346	2007
813	2	1	114	0	2005
814	1	0	97	0	2006
815	1	1	0	333	2009
816	1	1	114	333	2008
817	2	0	0	0	0
818	1	1	0	329	2008
819	1	1	105	328	2008
820	1	1	115	0	0
821	1	2	99	0	2006
822	1	1	123	0	2006
823	1	2	157	344	2007
824	1	2	102	333	2008
825	1	1	134	0	2006
826	1	1	135	351	2007
827	1	2	143	336	2007
828	1	1	92	331	2006
829	2	1	125	0	2005
830	1	0	0	346	0
831	1	1	152	343	2006
832	1	1	97	342	2006
833	1	1	152	335	2008
834	1	1	152	351	2006
835	1	0	0	0	0
836	1	1	152	0	2006
837	1	2	91	344	2010
838	1	2	111	349	2007
839	1	2	99	330	2009
840	2	2	110	0	0
841	1	2	145	0	2007
842	1	1	142	331	2007
843	1	2	104	0	2006
844	1	1	109	336	2007
845	1	1	152	0	2006
846	1	1	105	0	2006
847	2	1	101	0	2005
848	1	2	153	342	2007
849	1	2	143	328	2008
850	1	1	145	0	0
851	1	2	99	0	2007
852	1	2	0	329	2008
853	1	2	136	336	2007
854	1	0	115	0	0
855	1	1	132	331	2008
856	1	2	0	337	2007
857	1	1	0	334	2008
858	1	2	152	333	2006
859	1	1	97	331	2007
860	1	2	0	337	2008
861	1	0	0	335	2008
862	2	0	0	0	0
863	1	2	0	335	2008
864	1	1	105	0	2006
865	1	2	156	336	2007
866	1	1	97	0	2006
867	2	1	105	0	2005
868	1	1	109	0	2007
869	2	0	153	0	2005
870	1	2	105	0	2005
871	1	1	0	0	2009
872	1	1	151	0	2006
873	1	2	108	345	2009
874	1	2	151	0	2006
875	2	0	0	0	0
876	1	2	0	0	2008
877	1	1	147	332	2007
878	1	1	0	342	2008
879	1	2	0	347	2009
880	1	1	152	0	0
881	4	0	0	0	0
882	1	1	92	342	2007
883	1	2	108	333	2008
884	1	1	99	328	2009
885	1	1	0	346	2008
886	1	2	106	331	2007
887	1	1	139	334	2007
888	1	2	152	0	2006
889	1	2	109	0	2007
890	2	2	154	332	2003
891	1	1	123	341	2008
892	1	1	134	346	2008
893	1	1	105	0	2006
894	1	1	106	330	2009
895	1	2	152	328	2009
896	1	0	98	349	2007
897	1	1	135	0	2008
898	1	1	98	339	2006
899	1	1	121	0	0
900	1	2	105	332	2009
901	1	2	109	346	2008
902	2	1	115	0	2004
903	1	2	109	330	2009
904	1	1	114	331	2007
905	2	1	97	0	0
906	1	1	99	329	2007
907	1	1	97	328	2009
908	1	1	0	329	2007
909	1	1	121	332	2007
910	1	0	0	0	0
911	2	2	152	342	2005
912	2	2	108	0	2005
913	1	2	141	0	2006
914	1	1	102	0	2006
915	1	2	117	328	2009
916	5	0	152	330	2007
917	1	1	109	328	2009
918	1	1	98	328	2009
919	1	2	0	330	2009
920	1	2	145	346	2007
921	1	1	109	0	2006
922	1	1	152	331	2007
923	1	1	0	350	2009
924	1	2	92	342	2007
925	1	1	98	346	0
926	1	2	118	0	2007
927	1	1	122	0	2006
928	1	1	114	334	2007
929	1	1	0	330	2008
930	2	1	139	0	2004
931	1	2	147	0	2005
932	1	2	0	330	2009
933	1	1	114	344	2007
934	1	2	112	331	2008
935	1	2	152	351	2006
936	1	0	0	0	0
937	2	2	0	0	0
938	1	1	152	329	2007
939	1	1	0	347	2008
940	1	1	152	338	2005
941	1	2	134	0	2007
942	1	2	111	335	2009
943	1	1	109	331	2007
944	1	2	0	335	2009
945	1	2	0	0	2008
946	1	1	0	334	2008
947	1	1	139	332	2007
948	1	1	117	328	2009
949	1	2	0	333	2009
950	1	0	114	0	0
951	1	1	97	329	2007
952	2	1	90	0	2004
953	1	1	139	332	2009
954	1	2	157	350	2008
955	1	1	97	0	2006
956	2	1	109	0	2004
957	1	2	99	330	2008
958	1	1	151	328	2009
959	1	2	105	349	2008
960	2	1	151	0	2005
961	2	1	152	0	0
962	1	0	0	0	2007
963	1	1	108	334	2007
964	2	2	99	328	2005
965	1	1	123	0	0
966	1	2	106	0	2007
967	2	2	125	0	2005
968	1	2	114	347	2008
969	1	2	114	333	2008
970	1	0	0	0	0
971	1	0	0	0	0
972	1	1	99	335	2009
973	1	0	0	0	0
974	1	2	0	333	0
975	1	2	0	329	0
976	1	1	0	332	2008
977	1	1	0	330	2008
978	1	2	156	0	2010
979	1	2	115	0	2006
980	1	1	113	0	2006
981	1	1	0	333	2007
982	1	1	114	336	2005
983	1	2	152	338	2009
984	1	1	141	335	2009
985	2	2	97	0	2005
986	1	2	112	351	2006
987	1	0	152	0	0
988	1	1	114	334	2008
989	1	0	103	0	0
990	1	1	152	0	2006
991	1	1	141	333	2007
992	1	2	105	329	2008
993	1	0	0	0	0
994	1	2	0	351	2005
995	1	0	0	0	2007
996	1	2	152	336	2006
997	1	1	125	333	2007
998	1	2	136	331	2007
999	1	2	118	335	2008
1000	1	1	141	334	2008
1001	1	2	139	0	2006
1002	1	2	134	333	2006
1003	1	1	153	343	2008
1004	1	0	0	0	0
1005	1	1	0	0	2008
1006	1	1	114	0	2006
1007	4	1	0	332	0
1008	2	1	109	0	2005
1009	1	1	0	333	2007
1010	2	0	106	0	0
1011	3	2	123	0	0
1012	1	2	0	331	2009
1013	2	1	105	0	2005
1014	1	1	92	328	2009
1015	1	1	125	332	2006
1016	1	1	90	344	2008
1017	1	1	117	328	2009
1018	1	2	114	328	2008
1019	1	1	141	333	2006
1020	1	1	0	331	2008
1021	2	2	147	0	2003
1022	1	2	109	331	2009
1023	1	1	109	351	2006
1024	1	1	109	331	2009
1025	4	1	0	0	0
1026	1	1	117	0	2007
1027	1	1	139	333	2008
1028	1	2	119	0	0
1029	1	1	92	345	2007
1030	1	2	123	0	2006
1031	2	1	97	0	2005
1032	1	0	99	0	2010
1033	1	2	106	331	2008
1034	1	2	153	336	0
1035	1	1	109	0	0
1036	1	2	0	329	2007
1037	1	0	0	0	0
1038	1	1	97	0	2006
1039	1	1	109	0	2007
1040	1	2	95	0	0
1041	1	2	157	327	2010
1042	1	2	135	339	2008
1043	1	2	155	342	2005
1044	1	2	121	327	2006
1045	1	2	136	351	2006
1046	1	2	157	335	2009
1047	1	2	97	328	2008
1048	1	1	99	349	2008
1049	1	1	98	328	2009
1050	1	2	105	336	2008
1051	1	1	0	0	2007
1052	1	2	130	0	2006
1053	1	1	151	330	2007
1054	1	1	97	0	2006
1055	1	1	152	0	2007
1056	1	2	152	333	0
1057	1	2	152	333	2007
1058	2	2	115	346	2005
1059	1	2	125	351	2007
1060	1	1	145	0	2008
1061	1	1	152	337	2008
1062	1	2	157	0	0
1063	1	1	154	335	2009
1064	1	2	114	335	2009
1065	2	2	152	0	2005
1066	1	2	152	0	2006
1067	1	1	152	335	2006
1068	1	1	151	0	2007
1069	1	2	158	335	2008
1070	1	1	121	0	2007
1071	2	1	114	0	2004
1072	1	2	152	331	2008
1073	1	1	114	327	2006
1074	1	1	152	0	2006
1075	1	1	0	329	2008
1076	1	2	156	329	2009
1077	1	1	114	335	2008
1078	1	2	147	0	2006
1079	3	1	105	0	2006
1080	1	1	156	0	2008
1081	1	1	0	333	2009
1082	1	1	129	338	2009
1083	1	1	114	0	0
1084	1	2	109	0	2007
1085	2	1	97	0	2005
1086	1	0	0	0	0
1087	4	2	0	0	0
1088	1	2	0	344	2008
1089	1	1	0	339	2009
1090	1	2	147	331	2007
1091	1	2	0	336	2008
1092	2	0	0	0	0
1093	1	1	125	330	0
1094	1	2	0	330	2009
1095	1	2	0	0	0
1096	1	2	125	328	2009
1097	2	1	110	0	2005
1098	1	1	109	329	0
1099	1	2	152	335	0
1100	1	1	114	0	2006
1101	1	1	114	333	2009
1102	1	1	105	329	2008
1103	1	1	109	0	0
1104	2	1	97	336	2005
1105	1	2	152	330	2005
1106	1	2	139	330	2009
1107	1	1	139	0	2006
1108	1	2	102	346	2006
1109	1	1	93	0	2007
1110	1	1	106	345	0
1111	1	1	123	335	2006
1112	1	0	0	0	0
1113	1	2	145	333	2008
1114	2	1	105	0	2004
1115	1	2	153	333	2009
1116	1	2	153	330	2009
1117	2	1	141	0	2004
1118	1	0	0	0	0
1119	1	1	134	346	2008
1120	2	2	114	329	2002
1121	1	1	152	335	2006
1122	1	2	152	340	2008
1123	1	1	120	342	2008
1124	1	2	152	335	2008
1125	1	0	0	0	0
1126	2	2	125	351	2005
1127	1	2	152	331	2008
1128	2	2	152	0	2005
1129	1	1	152	336	2007
1130	5	2	0	328	2008
1131	1	1	114	329	0
1132	1	2	114	335	2008
1133	1	2	152	332	2008
1134	1	2	155	0	2006
1135	2	1	158	348	2003
1136	1	2	0	333	2009
1137	2	1	117	0	1999
1138	2	1	151	0	2005
1139	2	0	109	0	0
1140	1	2	152	342	2007
1141	2	1	117	0	2005
1142	1	2	99	331	2007
1143	2	1	109	0	2005
1144	1	2	125	330	2009
1145	1	1	106	333	2008
1146	1	1	112	0	0
1147	1	2	0	350	2008
1148	1	2	117	330	2009
1149	1	1	105	0	2006
1150	1	1	141	0	2007
1151	1	1	97	335	2008
1152	1	2	111	330	2008
1153	1	2	125	327	2006
1154	2	1	97	0	2004
1155	2	1	114	0	2005
1156	1	1	123	351	2006
1157	1	1	152	340	2007
1158	1	0	0	0	0
1159	1	2	97	335	2008
1160	1	0	133	329	2007
1161	1	1	152	333	2007
1162	1	1	145	346	2007
1163	1	1	97	329	2009
1164	1	1	139	344	2009
1165	2	1	109	0	2005
1166	1	1	0	330	2009
1167	1	1	92	0	2007
1168	1	0	0	0	0
1169	1	1	125	329	2007
1170	1	1	151	0	0
1171	1	1	122	0	2007
1172	1	2	117	0	2006
1173	1	1	0	330	2009
1174	2	2	134	0	2005
1175	1	1	0	329	2008
1176	5	1	152	0	2005
1177	1	2	114	333	2008
1178	2	2	147	0	2005
1179	1	1	98	329	2009
1180	1	2	98	0	0
1181	1	2	0	333	2008
1182	1	1	135	0	2004
1183	1	0	108	0	2006
1184	1	1	141	331	2005
1185	1	2	125	330	2008
1186	2	2	102	0	2005
1187	1	2	147	329	2009
1188	1	1	143	0	2006
1189	1	1	0	333	2008
1190	2	1	152	0	2005
1191	1	2	157	329	2009
1192	1	1	117	335	2007
1193	1	1	140	349	0
1194	1	1	140	332	2009
1195	1	1	117	351	2006
1196	1	2	152	344	2007
1197	1	2	141	334	2008
1198	1	1	141	0	2006
1199	1	1	154	0	0
1200	1	1	152	343	2008
1201	1	1	99	0	2005
1202	1	1	0	333	2008
1203	1	2	153	332	0
1204	2	1	151	333	2005
1205	1	2	125	351	2006
1206	1	0	116	337	2007
1207	1	1	114	0	2006
1208	1	2	136	351	2006
1209	1	1	0	333	2008
1210	1	1	97	0	2006
1211	1	2	0	350	0
1212	2	0	125	0	0
1213	1	1	154	342	2008
1214	1	1	135	329	2009
1215	1	1	101	333	2009
1216	1	1	109	329	2008
1217	2	1	105	0	2005
1218	1	2	152	340	2008
1219	1	2	0	345	2007
1220	1	2	153	333	2009
1221	1	2	106	333	2008
1222	1	2	123	347	2007
1223	1	1	152	0	2006
1224	1	1	0	332	2009
1225	2	2	114	0	2005
1226	1	1	0	0	2007
1227	1	1	0	329	2008
1228	1	1	0	329	0
1229	1	1	0	333	2008
1230	1	2	152	328	2009
1231	4	1	0	0	0
1232	1	1	117	0	2006
1233	1	1	139	334	2007
1234	1	1	0	349	2008
1235	1	1	125	329	2009
1236	1	1	106	0	2006
1237	1	1	152	347	2008
1238	1	1	152	347	2009
1239	1	2	146	337	2009
1240	1	0	0	0	0
1241	1	2	125	328	0
1242	2	1	99	0	2004
1243	1	2	114	331	2007
1244	1	1	97	330	0
1245	1	2	153	339	2010
1246	1	2	114	351	2005
1247	1	1	122	0	0
1248	1	2	113	340	2008
1249	1	0	101	335	2007
1250	1	0	0	0	2006
1251	1	2	97	0	2007
1252	3	0	123	0	0
1253	1	2	123	346	2007
1254	1	1	146	0	0
1255	1	1	109	333	2008
1256	1	1	109	350	2008
1257	1	1	123	338	2007
1258	1	1	0	0	0
1259	2	0	147	0	0
1260	1	0	152	0	0
1261	1	2	152	332	2008
1262	2	0	108	0	2005
1263	1	2	118	0	2005
1264	1	2	114	340	2006
1265	1	0	152	348	0
1266	1	1	93	333	2007
1267	1	1	0	330	2008
1268	1	1	0	330	0
1269	1	1	122	0	2006
1270	1	1	108	330	2009
1271	2	1	111	341	2004
1272	1	0	123	328	2007
1273	1	1	0	332	2009
1274	1	2	147	333	2007
1275	1	2	135	333	2007
1276	1	1	128	340	2005
1277	1	1	0	328	0
1278	1	1	121	0	2007
1279	1	1	117	329	2008
1280	1	1	152	330	2009
1281	1	1	113	339	2007
1282	1	2	109	330	2007
1283	1	2	145	329	2009
1284	1	1	122	339	2009
1285	4	1	0	0	0
1286	1	2	90	0	2007
1287	4	1	0	0	0
1288	1	2	0	336	2008
1289	1	1	125	0	2006
1290	1	1	114	329	0
1291	1	2	127	0	0
1292	1	1	109	351	2006
1293	1	1	152	0	2006
1294	1	2	152	330	2009
1295	1	2	152	0	2005
1296	1	1	0	344	2008
1297	2	1	109	0	2005
1298	1	1	99	335	2007
1299	3	0	0	0	0
1300	1	2	105	346	2007
1301	1	1	109	329	2008
1302	1	2	156	330	2008
1303	2	1	152	0	2005
1304	1	1	145	333	2008
1305	1	1	152	335	2007
1306	1	1	90	0	2006
1307	1	1	146	344	2008
1308	1	1	117	344	2005
1309	1	0	0	331	2008
1310	2	1	98	0	2005
1311	1	2	152	0	2005
1312	1	1	0	336	2008
1313	2	1	152	0	2003
1314	2	1	155	0	2004
1315	1	2	98	328	2008
1316	1	1	98	0	2006
1317	1	2	153	331	2008
1318	1	2	152	334	2008
1319	1	1	134	0	2006
1320	1	2	152	0	2006
1321	1	1	152	0	2007
1322	1	1	156	328	2008
1323	1	2	139	350	2007
1324	1	2	109	0	2006
1325	1	2	157	335	2007
1326	2	2	152	0	2005
1327	1	2	0	329	2009
1328	2	1	155	0	2005
1329	1	1	99	0	2007
1330	1	2	114	329	2008
1331	1	1	152	341	2008
1332	2	0	118	0	2005
1333	1	0	114	0	2007
1334	1	1	0	331	2009
1335	1	2	125	0	2007
1336	1	2	152	335	2005
1337	2	1	148	0	0
1338	1	1	99	349	2007
1339	1	0	142	0	2007
1340	1	1	152	0	2006
1341	1	2	0	351	0
1342	1	2	0	0	2007
1343	1	1	98	351	2006
1344	1	2	141	333	2006
1345	2	2	97	0	2004
1346	1	1	130	0	2007
1347	2	2	114	0	2004
1348	1	2	152	0	2006
1349	1	1	109	330	2008
1350	2	2	114	331	2005
1351	2	1	101	0	2005
1352	1	2	0	329	2008
1353	1	1	0	350	2008
1354	1	1	92	0	2006
1355	1	0	0	0	0
1356	2	2	99	0	2005
1357	2	2	123	0	2005
1358	1	1	147	347	2008
1359	2	2	152	0	2005
1360	1	2	141	346	2006
1361	1	2	103	351	2006
1362	1	2	97	329	2009
1363	1	1	116	341	2007
1364	1	1	0	0	2008
1365	1	2	100	0	2006
1366	1	1	146	0	2007
1367	1	2	153	335	2007
1368	1	1	93	351	2006
1369	1	1	123	0	2006
1370	1	1	152	330	2009
1371	1	2	140	339	2006
1372	1	0	142	0	2006
1373	1	2	108	0	0
1374	1	2	99	337	2007
1375	1	2	120	333	2007
1376	1	2	98	0	2006
1377	1	2	102	333	2006
1378	1	0	99	0	2006
1379	1	2	147	342	2006
1380	1	1	135	329	2008
1381	1	1	117	329	2008
1382	2	2	114	0	2003
1383	1	1	152	0	2008
1384	1	2	106	333	2008
1385	3	2	114	0	0
1386	1	1	106	329	2007
1387	1	1	154	330	2007
1388	1	1	97	332	2008
1389	1	2	152	335	2008
1390	1	0	0	0	0
1391	1	2	105	0	2010
1392	4	2	0	0	0
1393	1	2	136	336	2007
1394	1	1	132	334	2008
1395	1	2	152	335	2008
1396	2	2	106	0	0
1397	1	1	0	328	2008
1398	1	2	157	0	2006
1399	1	2	152	0	2007
1400	1	1	106	329	2008
1401	2	1	125	0	2004
1402	1	1	0	331	2008
1403	1	2	152	332	0
1404	1	1	151	0	2006
1405	1	0	113	349	0
1406	2	2	92	0	2005
1407	1	0	0	0	0
1408	1	1	106	0	2006
1409	1	2	147	333	2006
1410	1	0	98	0	2007
1411	1	2	152	344	2009
1412	1	1	145	0	0
1413	1	2	152	0	2005
1414	1	0	99	0	0
1415	1	2	140	0	0
1416	1	1	117	0	2006
1417	1	2	114	328	2008
1418	1	1	128	328	2009
1419	1	2	152	0	2007
1420	1	1	152	343	2008
1421	1	1	113	0	2006
1422	1	1	105	0	2006
1423	1	0	98	0	2007
1424	1	2	112	329	2008
1425	1	1	152	0	0
1426	1	2	109	329	2009
1427	1	1	97	329	2009
1428	1	1	141	349	2007
1429	1	1	114	0	2007
1430	1	1	151	0	2005
1431	1	1	133	330	2009
1432	2	1	114	0	2005
1433	1	1	125	0	2006
1434	3	1	122	339	0
1435	1	1	0	333	0
1436	1	2	139	0	2006
1437	1	1	152	341	2008
1438	1	2	125	0	0
1439	1	2	139	333	2009
1440	1	2	147	0	2006
1441	1	1	98	333	2008
1442	1	0	0	0	0
1443	1	2	109	329	2008
1444	2	1	0	0	2006
1445	1	1	118	330	2009
1446	1	1	109	0	2007
1447	1	2	139	334	2008
1448	1	2	153	335	2009
1449	1	2	122	0	2006
1450	2	0	109	0	2005
1451	1	2	157	0	2006
1452	2	1	104	341	2004
1453	1	0	98	0	2005
1454	1	1	114	327	2007
1455	1	1	109	329	2008
1456	1	1	152	335	0
1457	1	1	123	348	2007
1458	1	0	97	331	2007
1459	1	0	0	0	0
1460	1	2	0	0	2006
1461	2	1	97	0	2004
1462	1	2	114	0	2006
1463	1	1	98	349	2008
1464	1	2	99	329	2007
1465	1	1	114	0	2006
1466	1	2	151	0	2006
1467	2	1	92	331	2004
1468	1	0	141	349	2007
1469	1	0	97	0	2006
1470	1	1	105	333	2008
1471	1	2	152	0	2005
1472	2	1	147	0	2005
1473	1	0	141	330	2008
1474	1	2	111	0	2006
1475	1	2	0	331	2008
1476	2	2	0	0	0
1477	1	2	118	344	2007
1478	1	2	123	0	2006
1479	1	1	152	330	2010
1480	1	2	0	333	2008
1481	2	0	0	0	0
1482	3	1	115	0	0
1483	2	2	125	0	2005
1484	1	2	114	328	2009
1485	1	2	105	333	2007
1486	1	1	151	0	0
1487	1	2	109	337	2008
1488	2	1	106	331	2005
1489	1	2	158	0	2006
1490	2	1	141	0	2005
1491	1	1	114	0	2006
1492	1	1	111	331	2006
1493	1	0	0	0	0
1494	1	2	117	0	2006
1495	2	1	97	0	2005
1496	1	1	0	332	2008
1497	2	2	114	0	2004
1498	1	1	152	335	2007
1499	1	2	135	333	2008
1500	2	1	97	0	2004
1501	1	1	92	0	2006
1502	1	0	151	329	2007
1503	1	1	117	0	2006
1504	1	1	121	340	2008
1505	1	1	109	343	2009
1506	1	1	152	334	2007
1507	2	1	109	0	2005
1508	1	2	111	331	2008
1509	1	1	152	331	0
1510	1	1	139	335	2009
1511	2	0	0	0	0
1512	1	1	105	328	2009
1513	2	2	139	0	2005
1514	1	1	0	0	2008
1515	1	2	98	337	2007
1516	1	2	152	0	2006
1517	1	2	136	346	2006
1518	1	1	114	330	2008
1519	1	1	145	331	2006
1520	1	2	114	0	2006
1521	2	1	109	0	2005
1522	2	2	125	0	2005
1523	1	2	94	328	2008
1524	1	2	147	333	2007
1525	1	2	97	0	2007
1526	1	1	97	0	2005
1527	1	1	114	329	2008
1528	1	1	114	330	2009
1529	1	2	152	335	2008
1530	2	1	97	0	2004
1531	1	1	145	332	2008
1532	1	2	108	333	2006
1533	2	2	153	0	2005
1534	1	1	145	345	2008
1535	1	1	123	0	2006
1536	1	2	143	0	2006
1537	1	2	0	347	2008
1538	1	2	0	0	0
1539	1	2	143	335	2008
1540	1	0	141	329	2008
1541	1	2	99	330	2008
1542	1	2	125	333	2006
1543	1	2	111	335	2008
1544	1	2	114	351	2006
1545	1	2	114	0	2005
1546	1	2	152	332	0
1547	3	1	142	0	0
1548	1	2	111	335	2009
1549	2	1	109	0	2005
1550	1	2	114	333	2007
1551	2	2	101	330	2004
1552	3	1	0	0	0
1553	1	1	98	0	2008
1554	2	1	109	0	2004
1555	1	1	105	336	2006
1556	1	0	0	0	0
1557	1	2	141	351	2007
1558	1	2	105	351	0
1559	1	2	92	0	2005
1560	2	2	152	0	2005
1561	1	0	0	0	0
1562	2	0	92	0	2005
1563	1	1	0	333	2008
1564	1	1	135	0	2006
1565	1	1	152	329	2006
1566	1	1	107	0	2006
1567	1	1	98	347	2009
1568	1	2	0	333	0
1569	1	2	157	335	2009
1570	1	1	114	330	2009
1571	2	1	111	0	2005
1572	1	1	117	346	2006
1573	1	2	0	346	2009
1574	1	2	156	336	2008
1575	1	0	152	0	0
1576	1	2	117	335	2006
1577	1	1	115	0	2005
1578	1	2	109	330	2009
1579	1	0	0	0	0
1580	1	1	152	335	2008
1581	1	2	152	331	2008
1582	1	1	0	331	2008
1583	1	0	0	0	0
1584	1	1	137	332	2007
1585	1	2	151	0	2006
1586	1	1	118	333	2008
1587	1	1	97	333	2009
1588	1	1	133	347	2007
1589	2	1	152	0	2004
1590	1	0	0	0	0
1591	1	2	141	329	2008
1592	1	1	125	331	2006
1593	1	0	0	0	0
1594	1	0	0	0	0
1595	1	1	139	330	2009
1596	1	2	147	336	2006
1597	1	1	123	335	2007
1598	2	1	96	0	2005
1599	2	1	154	0	2005
1600	1	0	0	0	0
1601	2	2	136	335	2003
1602	1	1	109	329	2009
1603	1	2	152	0	2005
1604	1	2	97	328	2009
1605	2	2	92	0	0
1606	1	2	156	351	2007
1607	4	0	0	0	0
1608	1	0	0	0	0
1609	1	1	152	341	2009
1610	1	1	0	330	2008
1611	1	1	139	335	2008
1612	1	2	92	0	2006
1613	1	1	116	0	2007
1614	1	1	117	333	2007
1615	1	1	0	347	0
1616	2	1	152	0	2005
1617	1	1	97	333	2008
1618	1	2	0	345	2008
1619	1	1	0	330	2009
1620	1	1	152	329	2009
1621	1	2	109	347	2007
1622	2	0	0	0	2005
1623	1	1	0	0	2005
1624	1	2	92	333	2006
1625	1	2	111	0	2007
1626	1	1	0	335	0
1627	1	2	147	0	2006
1628	2	1	109	330	2003
1629	1	1	152	0	2007
1630	1	2	101	351	2007
1631	2	1	109	0	2005
1632	1	1	139	336	2006
1633	1	1	0	346	2008
1634	1	2	114	342	0
1635	1	2	146	330	2005
1636	1	1	152	344	2009
1637	1	2	111	0	2006
1638	1	2	99	0	2006
1639	2	2	0	0	0
1640	2	2	152	351	2005
1641	1	2	114	336	0
1642	1	1	0	333	2009
1643	1	1	111	332	2006
1644	1	2	114	329	2008
1645	2	2	156	0	2003
1646	1	1	0	332	2009
1647	1	1	152	335	2006
1648	1	1	101	0	2006
1649	1	2	0	335	2008
1650	2	1	109	0	2005
1651	1	1	135	344	2006
1652	1	1	139	0	2006
1653	2	1	125	0	2004
1654	1	1	0	336	2008
1655	1	1	114	0	2006
1656	2	2	105	0	2005
1657	1	2	108	331	2008
1658	2	2	156	0	2004
1659	1	2	98	335	2007
1660	1	1	139	333	2007
1661	1	1	0	329	2008
1662	1	2	0	328	2009
1663	2	2	152	0	2003
1664	2	1	110	0	0
1665	2	1	97	0	2005
1666	1	2	92	337	2007
1667	1	1	113	0	2006
1668	1	1	105	0	2006
1669	1	1	130	345	0
1670	1	2	105	337	0
1671	2	2	0	0	2004
1672	1	2	105	0	2006
1673	1	1	152	0	2007
1674	1	1	118	329	2008
1675	1	1	125	0	2006
1676	2	2	98	351	2005
1677	1	2	152	343	2008
1678	1	2	105	333	2008
1679	1	1	156	351	2007
1680	4	1	0	0	0
1681	1	0	0	0	0
1682	1	1	145	331	2008
1683	2	1	97	0	2005
1684	1	2	152	330	2009
1685	1	2	97	334	2005
1686	1	1	144	333	0
1687	1	2	109	330	2009
1688	2	1	147	0	2005
1689	2	2	151	0	2005
1690	2	1	0	0	0
1691	1	1	105	347	2008
1692	1	1	152	335	2009
1693	1	2	157	337	2008
1694	1	1	106	331	2009
1695	1	2	0	329	2009
1696	2	1	152	0	2005
1697	1	1	117	0	2007
1698	1	1	141	0	2006
1699	2	1	109	0	2004
1700	1	2	130	347	2008
1701	1	1	0	328	2008
1702	2	1	152	0	2005
1703	1	0	92	0	2007
1704	1	2	155	0	2006
1705	1	1	144	0	2006
1706	1	1	139	332	2009
1707	1	2	152	330	2008
1708	1	1	105	333	2008
1709	1	2	111	351	2006
1710	1	1	139	0	2005
1711	1	2	0	330	2009
1712	2	1	109	0	2003
1713	3	0	152	0	2010
1714	1	2	152	344	2008
1715	1	2	114	0	2006
1716	1	1	152	335	2008
1717	1	1	92	337	0
1718	1	1	121	335	2009
1719	1	1	152	335	2009
1720	1	1	109	0	2006
1721	1	1	112	331	2009
1722	1	2	105	344	2008
1723	1	1	112	0	2007
1724	1	1	154	0	2007
1725	1	0	0	334	0
1726	1	0	0	0	0
1727	1	1	117	333	2007
1728	1	1	141	0	2006
1729	1	1	152	331	2008
1730	1	0	0	0	0
1731	1	2	152	0	2007
1732	1	1	139	343	2009
1733	1	1	120	333	2009
1734	1	1	96	0	2006
1735	1	2	108	334	2007
1736	1	2	152	343	2008
1737	1	1	105	346	2008
1738	2	1	152	0	2004
1739	1	0	141	0	0
1740	1	1	152	0	2007
1741	2	2	106	0	2005
1742	1	2	105	344	0
1743	1	0	0	0	0
1744	2	1	97	0	2005
1745	1	2	136	0	2006
1746	1	1	110	0	2007
1747	2	1	146	0	2004
1748	2	2	106	334	2004
1749	1	2	97	334	2005
1750	1	1	139	327	2008
1751	1	1	109	0	0
1752	1	1	98	0	2007
1753	2	2	114	336	2005
1754	2	2	152	0	2005
1755	1	1	139	330	2009
1756	1	0	0	0	0
1757	1	1	146	0	2006
1758	1	1	152	0	2006
1759	1	1	152	338	2010
1760	1	2	154	335	2007
1761	1	1	98	351	2005
1762	1	2	98	329	2008
1763	2	2	153	0	2005
1764	2	2	134	0	2005
1765	2	2	109	0	2004
1766	1	2	99	331	2009
1767	2	1	113	328	2004
1768	1	1	151	329	2007
1769	2	2	136	0	2004
1770	1	1	139	332	2007
1771	1	1	99	0	2007
1772	1	1	114	0	2006
1773	2	0	151	0	0
1774	1	1	152	331	2009
1775	4	0	0	0	0
1776	2	2	147	0	2005
1777	1	2	125	0	2006
1778	1	2	122	336	2006
1779	1	1	109	346	2009
1780	1	2	152	335	2008
1781	1	2	158	329	2008
1782	1	1	109	0	2008
1783	1	0	0	0	0
1784	1	2	157	344	2004
1785	4	0	0	0	0
1786	2	1	121	0	2005
1787	1	1	147	0	2006
1788	1	2	134	337	2008
1789	1	1	142	339	0
1790	1	1	139	329	2007
1791	1	1	125	349	2007
1792	3	0	0	0	0
1793	2	0	0	0	0
1794	1	1	152	0	2005
1795	1	2	152	330	2008
1796	2	1	154	0	2005
1797	1	0	0	0	0
1798	1	0	152	0	0
1799	1	1	114	333	2006
1800	1	1	130	329	2008
1801	1	1	141	330	0
1802	1	2	139	328	2009
1803	1	1	141	0	2006
1804	1	0	0	0	0
1805	1	2	112	333	2007
1806	1	1	97	328	0
1807	1	1	125	334	2007
1808	1	1	141	339	2007
1809	1	2	152	347	2009
1810	1	2	0	328	0
1811	2	2	93	0	2004
1812	1	1	139	0	2007
1813	1	0	0	0	0
1814	1	2	114	351	2007
1815	2	2	114	0	2005
1816	1	1	0	0	2008
1817	1	1	128	0	2006
1818	1	1	139	0	2006
1819	1	2	99	330	2009
1820	1	2	155	331	2008
1821	1	2	0	0	2006
1822	1	2	0	333	2008
1823	1	0	113	332	2008
1824	1	2	152	0	2007
1825	2	2	136	0	2005
1826	1	1	0	0	0
1827	5	1	139	0	2004
1828	1	0	0	0	0
1829	1	1	0	329	0
1830	1	2	98	0	2006
1831	5	1	109	0	2005
1832	1	1	117	330	2009
1833	1	1	90	0	2007
1834	1	1	122	0	2006
1835	1	1	135	331	2007
1836	1	1	108	0	2009
1837	1	2	109	333	2008
1838	1	2	114	345	2006
1839	2	1	0	0	0
1840	1	1	151	333	2007
1841	1	1	109	341	2007
1842	1	1	140	349	2008
1843	2	1	117	332	2005
1844	1	2	125	0	2007
1845	1	2	97	0	2006
1846	1	2	125	0	0
1847	1	0	155	0	2006
1848	2	2	138	0	1973
1849	1	0	114	0	2008
1850	1	1	141	333	0
1851	1	1	109	0	2006
1852	1	1	0	330	2008
1853	1	1	99	347	2008
1854	1	2	114	330	2009
1855	1	1	134	0	2007
1856	1	2	0	333	0
1857	2	2	147	0	2005
1858	1	1	109	328	2008
1859	1	2	97	336	2008
1860	2	1	119	0	2005
1861	1	2	114	0	2005
1862	1	1	0	331	2008
1863	1	2	152	0	2006
1864	1	2	139	0	2008
1865	1	2	114	335	2008
1866	1	1	97	0	2006
1867	1	2	152	345	2006
1868	1	1	152	331	2007
1869	1	2	117	0	2007
1870	1	2	97	333	2007
1871	1	2	106	333	2007
1872	1	1	99	334	2007
1873	1	2	112	0	2006
1874	1	1	134	332	2008
1875	1	2	120	341	2010
1876	1	1	141	0	2006
1877	1	2	130	345	2008
1878	5	1	152	0	2006
1879	1	1	0	334	2008
1880	1	1	114	349	2007
1881	1	2	136	0	2006
1882	2	0	0	0	0
1883	1	2	134	333	2008
1884	1	0	0	0	0
1885	1	2	114	349	2007
1886	1	1	114	0	2006
1887	1	2	145	346	2009
1888	2	0	125	0	2004
1889	1	2	97	334	2007
1890	2	0	0	0	0
1891	1	0	0	0	0
1892	1	2	112	0	0
1893	1	1	110	351	2006
1894	4	2	134	0	2006
1895	1	1	0	350	2008
1896	3	0	128	0	0
1897	1	1	0	333	2008
1898	1	1	152	337	2008
1899	2	0	0	0	0
1900	1	1	0	0	0
1901	1	2	106	345	2009
1902	1	1	152	332	2008
1903	1	1	109	328	2009
1904	1	1	92	329	2008
1905	1	1	108	334	2008
1906	1	2	147	351	2007
1907	1	1	99	330	2009
1908	2	1	114	0	2005
1909	1	1	145	329	2008
1910	2	1	152	0	2004
1911	1	1	114	349	2007
1912	1	2	153	330	0
1913	1	1	0	329	2009
1914	1	1	109	333	0
1915	1	1	0	328	2009
1916	1	1	123	0	2006
1917	1	2	97	327	2009
1918	1	0	0	0	0
1919	2	1	92	337	2005
1920	1	2	152	335	2007
1921	1	2	0	333	2009
1922	1	1	0	344	0
1923	1	1	114	349	0
1924	2	1	153	0	2005
1925	2	1	92	0	2005
1926	1	2	147	333	2007
1927	1	2	118	0	2006
1928	1	1	99	346	2008
1929	1	1	117	328	0
1930	1	1	0	0	0
1931	2	1	0	0	0
1932	1	2	153	333	2009
1933	1	1	0	334	2008
1934	1	1	123	333	2007
1935	1	2	114	335	2006
1936	1	2	0	337	2006
1937	1	1	117	333	2008
1938	1	2	99	330	2009
1939	1	2	93	337	0
1940	1	2	152	337	2007
1941	2	1	152	0	2005
1942	1	2	157	333	2007
1943	1	1	152	329	0
1944	1	2	109	0	2007
1945	1	2	109	333	2007
1946	1	1	96	345	2008
1947	1	1	0	331	2008
1948	1	1	97	0	2006
1949	1	2	100	335	2008
1950	1	1	97	349	2008
1951	1	1	139	328	2008
1952	2	2	97	0	2005
1953	1	0	0	0	0
1954	1	2	141	334	2007
1955	1	2	152	0	2007
1956	1	1	0	330	2009
1957	1	1	0	332	0
1958	2	0	0	0	0
1959	1	2	147	331	2008
1960	1	1	152	0	2008
1961	1	2	133	330	2009
1962	1	1	130	345	2008
1963	2	1	107	0	2005
1964	2	1	135	345	2004
1965	1	2	152	344	2009
1966	1	1	134	0	2006
1967	1	1	141	331	2007
1968	1	1	141	334	2008
1969	1	1	152	0	0
1970	1	2	109	0	2006
1971	1	1	118	340	0
1972	1	0	0	0	0
1973	1	2	125	0	2006
1974	1	0	114	0	2006
1975	1	1	130	337	2007
1976	2	2	92	0	2005
1977	1	0	114	0	0
1978	1	2	147	334	2008
1979	1	2	105	334	2006
1980	1	1	125	0	2006
1981	2	2	123	0	2005
1982	1	2	108	342	2008
1983	1	2	109	329	2008
1984	1	0	105	334	2006
1985	1	1	0	328	2008
1986	1	1	152	346	2007
1987	1	1	96	0	2005
1988	2	1	153	0	2003
1989	1	2	0	347	2008
1990	1	1	112	333	2008
1991	1	2	152	0	2005
1992	1	2	109	337	2007
1993	2	2	125	341	0
1994	2	1	114	334	2005
1995	2	2	99	0	2005
1996	1	1	114	351	2005
1997	1	2	111	333	2007
1998	2	1	0	0	2005
1999	2	1	152	0	2005
2000	2	1	155	0	2005
2001	2	1	125	0	2005
2002	1	2	134	346	2009
2003	1	2	145	346	2006
2004	1	1	0	350	2009
2005	1	2	153	345	2007
2006	2	1	93	0	2004
2007	1	1	92	0	2006
2008	1	2	123	346	2008
2009	2	2	108	0	2005
2010	2	1	105	0	2005
2011	1	1	125	336	2008
2012	1	0	0	0	0
2013	1	0	0	0	0
2014	1	2	108	0	2006
2015	1	2	152	0	2006
2016	1	1	117	0	2006
2017	1	0	96	335	2009
2018	1	2	0	0	0
2019	1	1	99	0	2007
2020	1	1	152	0	0
2021	1	2	114	331	2008
2022	2	1	139	347	2005
2023	1	1	142	344	2006
2024	1	2	157	335	2008
2025	1	1	114	342	2006
2026	1	2	0	349	0
2027	1	0	153	0	0
2028	1	2	152	351	2006
2029	1	1	145	345	2008
2030	1	1	151	0	2006
2031	1	1	0	330	2008
2032	1	1	123	331	2007
2033	1	1	152	331	2009
2034	1	2	0	0	2008
2035	1	2	109	336	0
2036	1	2	154	337	2007
2037	1	2	152	0	2005
2038	1	1	152	344	2008
2039	1	1	109	338	2007
2040	1	2	156	337	2008
2041	1	2	0	0	2008
2042	1	1	155	0	2006
2043	1	1	117	346	2007
2044	1	1	115	346	2007
2045	1	2	153	336	2008
2046	1	2	125	0	2006
2047	2	1	117	0	2005
2048	1	2	0	0	2007
2049	1	1	114	0	2006
2050	1	2	0	328	2009
2051	1	1	97	349	2009
2052	1	1	152	335	2008
2053	2	2	109	0	2005
2054	1	1	98	349	2007
2055	1	0	108	346	2006
2056	1	1	141	0	2007
2057	1	2	122	0	2006
2058	1	2	157	0	2006
2059	1	1	113	347	2007
2060	2	2	96	0	2005
2061	1	2	114	329	2006
2062	1	2	111	351	2007
2063	1	2	0	0	2007
2064	2	2	92	0	2002
2065	1	2	156	343	2007
2066	1	2	114	0	2007
2067	3	2	97	0	0
2068	1	2	152	330	2009
2069	1	2	114	336	2008
2070	1	1	97	341	2008
2071	1	1	102	330	2009
2072	2	2	117	338	2002
2073	1	1	109	331	2007
2074	2	2	97	0	2005
2075	1	2	92	0	2006
2076	1	2	97	331	2009
2077	1	2	114	332	2009
2078	2	1	97	0	2005
2079	1	2	114	349	2008
2080	1	1	125	0	2006
2081	1	2	152	334	2008
2082	1	1	110	0	2006
2083	1	2	114	0	2006
2084	2	0	0	0	0
2085	1	1	114	333	2009
2086	1	1	99	331	2006
2087	1	1	142	0	2006
2088	1	2	105	0	2005
2089	1	0	0	328	2009
2090	1	2	116	349	2007
2091	3	1	109	347	2008
2092	1	1	139	341	0
2093	1	1	98	329	2009
2094	1	2	119	0	2006
2095	1	2	139	0	2006
2096	4	0	0	0	0
2097	1	2	125	333	2008
2098	1	1	130	335	2007
2099	1	0	97	0	0
2100	2	1	111	0	2005
2101	2	1	152	0	2005
2102	1	1	114	336	2007
2103	1	1	141	331	2009
2104	1	2	99	335	2007
2105	1	2	0	0	2007
2106	1	2	157	329	2008
2107	2	1	109	0	2005
2108	1	2	153	0	2006
2109	2	1	123	349	0
2110	1	1	120	347	0
2111	2	2	135	0	2005
2112	1	1	109	329	2009
2113	1	1	99	329	2009
2114	1	1	151	334	2006
2115	2	2	113	0	2005
2116	1	1	117	0	2006
2117	1	0	0	0	0
2118	1	1	0	333	2008
2119	1	1	139	335	2009
2120	1	2	147	346	2007
2121	1	1	101	328	2009
2122	1	1	97	0	2007
2123	1	1	113	327	2007
2124	1	2	102	335	2009
2125	1	2	98	0	2006
2126	1	2	152	331	2007
2127	1	2	117	351	2006
2128	2	1	114	0	2005
2129	1	2	152	335	2009
2130	1	1	133	0	2007
2131	1	1	114	346	2007
2132	1	1	113	0	2006
2133	2	1	152	0	2005
2134	1	0	0	0	0
2135	1	2	109	337	2007
2136	1	1	113	0	2007
2137	2	2	136	0	2005
2138	1	2	123	333	2008
2139	1	0	130	348	2006
2140	1	2	153	0	0
2141	1	1	114	337	2007
2142	2	1	97	0	2005
2143	2	1	154	0	2005
2144	1	2	0	333	2009
2145	1	0	0	0	0
2146	2	2	105	0	2005
2147	1	2	146	341	2006
2148	1	2	156	330	2009
2149	2	1	105	0	2005
2150	1	2	0	330	2009
2151	2	0	0	0	0
2152	1	2	152	0	2006
2153	1	2	147	0	2005
2154	1	1	0	348	2007
2155	1	1	125	0	2006
2156	1	1	114	347	2006
2157	1	0	0	0	0
2158	1	1	101	0	2006
2159	1	1	0	330	2008
2160	1	1	152	0	0
2161	1	1	146	333	2009
2162	1	1	0	330	2009
2163	1	1	148	0	0
2164	1	2	121	0	0
2165	1	2	108	0	0
2166	1	2	133	328	2009
2167	1	2	152	331	2009
2168	1	2	115	333	2008
2169	2	1	105	0	0
2170	1	1	139	347	2008
2171	1	2	145	0	2006
2172	1	2	135	329	2009
2173	2	1	109	0	2005
2174	2	1	152	0	0
2175	1	0	0	0	0
2176	1	2	106	0	2008
2177	1	1	106	0	2007
2178	1	2	134	0	2006
2179	1	2	111	328	2009
2180	1	2	113	0	2006
2181	1	1	152	336	2008
2182	1	2	105	330	2009
2183	1	0	110	0	0
2184	1	2	101	331	2006
2185	1	1	109	332	0
2186	1	2	142	338	2006
2187	2	1	125	335	2005
2188	1	1	125	0	2006
2189	1	1	111	348	2007
2190	1	2	112	329	2008
2191	2	1	123	0	2003
2192	1	2	141	335	2007
2193	1	2	90	345	2006
2194	3	2	139	0	0
2195	1	1	134	329	2008
2196	1	1	125	332	2009
2197	1	2	0	334	2008
2198	1	0	0	0	0
2199	1	1	152	335	2007
2200	1	2	102	330	2008
2201	1	1	97	346	2007
2202	2	2	0	0	2005
2203	2	2	114	0	0
2204	1	1	111	0	0
2205	1	1	99	0	2007
2206	2	1	141	0	2004
2207	1	1	92	333	2009
2208	1	1	0	330	2008
2209	1	2	111	327	2007
2210	1	2	114	328	2008
2211	1	1	152	333	2008
2212	1	0	156	329	2010
2213	1	2	0	351	2007
2214	1	2	111	343	2008
2215	1	2	0	0	2008
2216	2	1	118	0	2004
2217	1	1	0	330	0
2218	1	1	118	0	2006
2219	1	1	99	0	2005
2220	2	2	145	0	2005
2221	1	2	141	0	2006
2222	1	2	152	335	2009
2223	1	1	151	0	2006
2224	1	1	0	329	2008
2225	1	1	123	333	2008
2226	1	2	0	329	2009
2227	1	2	0	342	2007
2228	2	2	99	346	2003
2229	1	2	147	0	2005
2230	1	1	97	336	2007
2231	1	1	90	351	2006
2232	1	1	152	329	2010
2233	1	2	145	339	2008
2234	1	2	152	336	2006
2235	1	2	92	334	2007
2236	1	0	0	0	0
2237	2	1	146	0	2005
2238	1	0	0	0	0
2239	1	1	114	333	2008
2240	1	0	0	0	0
2241	1	1	102	336	2007
2242	1	2	0	345	2009
2243	1	2	152	0	2006
2244	2	2	114	328	2004
2245	1	1	99	0	0
2246	1	2	153	333	2009
2247	1	1	114	349	2008
2248	1	2	125	333	2007
2249	2	1	107	0	2005
2250	1	1	0	0	0
2251	1	1	117	346	2006
2252	2	1	97	0	2005
2253	1	1	140	339	2006
2254	1	2	114	333	2007
2255	1	1	117	0	2007
2256	1	2	114	0	2007
2257	1	1	109	329	2008
2258	1	1	117	335	2008
2259	1	2	105	328	2008
2260	1	1	152	0	2007
2261	1	2	97	351	2005
2262	2	2	92	0	0
2263	1	1	130	347	2006
2264	1	1	140	334	2008
2265	1	1	109	0	2005
2266	1	1	0	331	2008
2267	1	1	151	328	2009
2268	1	0	135	0	2008
2269	1	1	134	334	2007
2270	1	1	135	328	2009
2271	1	1	97	329	2008
2272	1	0	0	0	0
2273	1	1	117	327	2006
2274	1	1	0	328	2009
2275	1	1	141	336	2007
2276	2	1	111	0	2004
2277	1	0	0	0	0
2278	1	2	123	329	2007
2279	1	2	152	0	2007
2280	1	1	113	336	2007
2281	1	2	109	344	2009
2282	1	1	97	349	2006
2283	1	0	0	0	0
2284	1	2	125	0	2006
2285	2	2	109	0	2005
2286	1	1	97	328	0
2287	1	1	0	335	2009
2288	1	2	92	333	2006
2289	1	1	0	333	2007
2290	1	1	152	335	2006
2291	1	0	123	0	2006
2292	1	2	92	329	2009
2293	1	2	125	346	2006
2294	1	1	109	0	2006
2295	2	1	105	0	2005
2296	1	2	136	0	2006
2297	1	1	0	333	2008
2298	1	1	0	350	2008
2299	1	1	139	0	0
2300	1	1	0	331	2009
2301	1	1	117	332	2008
2302	1	1	105	331	2009
2303	2	1	120	0	0
2304	1	1	97	350	2006
2305	1	2	147	331	2008
2306	1	2	105	333	2009
2307	1	0	114	343	2008
2308	1	1	117	333	2008
2309	1	1	135	0	2005
2310	1	2	125	330	2008
2311	1	1	151	346	2007
2312	1	2	97	0	2007
2313	1	0	0	0	0
2314	1	1	135	349	2008
2315	4	2	0	0	0
2316	1	2	151	0	2007
2317	1	1	0	0	2007
2318	1	2	98	0	2006
2319	1	0	0	333	2009
2320	1	1	0	332	2007
2321	1	1	139	345	0
2322	1	2	152	335	2008
2323	2	1	151	0	2005
2324	1	0	0	0	0
2325	1	2	145	0	0
2326	2	1	119	0	2005
2327	1	2	99	0	2006
2328	1	1	152	331	2008
2329	1	1	105	333	2008
2330	1	2	99	330	2005
2331	1	2	105	344	2008
2332	1	2	0	335	2009
2333	1	1	105	329	0
2334	1	2	90	0	2006
2335	2	2	109	0	2005
2336	1	1	157	330	2009
2337	1	1	97	329	2008
2338	2	1	90	0	2005
2339	1	1	128	332	0
2340	1	0	0	0	0
2341	1	2	157	333	2008
2342	1	0	108	0	0
2343	1	2	109	337	2008
2344	1	1	149	336	2004
2345	2	2	147	351	2005
2346	1	1	0	340	0
2347	5	1	110	347	2004
2348	1	1	97	328	2009
2349	3	0	0	0	0
2350	1	1	148	329	2008
2351	1	2	153	335	2006
2352	1	1	0	327	0
2353	1	2	147	0	2006
2354	2	1	105	0	2005
2355	1	1	152	335	2006
2356	1	1	157	335	2008
2357	1	1	91	0	2006
2358	1	0	0	0	0
2359	1	1	97	328	2009
2360	1	0	0	0	0
2361	1	1	112	334	2006
2362	1	1	152	341	2007
2363	5	1	152	0	0
2364	1	2	98	347	0
2365	1	1	125	0	2006
2366	1	1	152	346	2009
2367	1	2	92	330	2009
2368	1	2	111	0	2007
2369	1	2	114	0	2006
2370	1	1	133	333	2007
2371	1	1	121	341	2007
2372	2	1	134	331	2004
2373	1	2	139	0	2006
2374	1	1	109	349	2007
2375	1	2	0	333	0
2376	1	2	152	335	2007
2377	1	0	0	328	2009
2378	1	1	109	345	2009
2379	1	1	105	351	2007
2380	1	2	117	0	2005
2381	1	2	137	0	2005
2382	1	2	119	344	2007
2383	1	0	0	0	0
2384	1	0	151	0	2007
2385	1	1	152	335	2008
2386	1	1	117	335	2007
2387	1	2	147	0	2007
2388	1	2	147	337	2008
2389	1	1	109	330	2009
2390	1	2	99	347	2008
2391	1	1	117	333	2008
2392	1	2	125	0	0
2393	1	2	156	330	2009
2394	1	2	111	333	2007
2395	1	2	125	0	0
2396	2	0	107	0	2005
2397	1	2	108	0	2006
2398	1	1	140	0	2007
2399	1	2	152	0	2007
2400	2	0	125	0	2005
2401	1	1	125	331	2006
2402	1	2	156	335	2006
2403	1	2	114	351	2006
2404	1	2	114	346	2007
2405	1	2	153	342	2007
2406	1	1	125	0	2006
2407	1	2	134	0	0
2408	1	0	0	0	0
2409	1	2	105	333	2008
2410	1	0	0	0	0
2411	1	1	105	0	2007
2412	1	1	152	0	2005
2413	2	1	0	0	2004
2414	1	2	0	330	2009
2415	1	2	105	347	2006
2416	1	2	123	0	0
2417	1	2	109	333	2008
2418	2	1	102	0	2005
2419	1	1	97	349	2008
2420	1	1	125	331	2007
2421	1	0	97	0	0
2422	2	2	98	0	2004
2423	1	1	135	332	2008
2424	1	2	157	0	2006
2425	1	1	0	335	2008
2426	2	2	101	0	2005
2427	2	2	154	0	2005
2428	2	2	139	0	2005
2429	1	2	100	333	0
2430	2	2	152	0	2005
2431	1	1	105	329	2009
2432	1	1	106	347	2009
2433	2	2	111	0	2005
2434	1	1	90	330	2009
2435	1	0	0	0	0
2436	1	2	0	337	2008
2437	1	1	117	330	2009
2438	1	2	141	328	2009
2439	1	1	0	328	2009
2440	1	0	0	0	0
2441	2	1	152	351	2005
2442	2	2	114	0	2005
2443	1	2	125	348	2007
2444	1	1	0	334	2008
2445	1	1	109	329	2008
2446	2	1	97	335	2005
2447	1	1	0	330	2008
2448	1	2	107	345	2006
2449	1	1	97	331	2008
2450	1	1	120	0	0
2451	2	1	154	0	2005
2452	1	1	152	343	2007
2453	1	1	152	335	2007
2454	4	2	0	0	0
2455	2	1	125	0	2005
2456	1	2	0	328	2009
2457	1	2	146	0	2005
2458	1	2	0	342	0
2459	1	1	0	334	2008
2460	1	1	105	0	2007
2461	1	1	109	0	2007
2462	1	1	140	327	2008
2463	2	1	118	0	2005
2464	1	1	152	336	2008
2465	4	0	0	0	0
2466	1	1	122	0	2007
2467	1	2	122	342	2007
2468	1	1	97	0	2007
2469	1	2	114	332	0
2470	1	2	97	341	2007
2471	1	1	139	334	2007
2472	1	2	157	0	2007
2473	1	1	130	332	2008
2474	1	1	147	0	2006
2475	1	2	152	346	2006
2476	1	1	154	335	2008
2477	1	1	97	330	0
2478	1	2	0	329	2009
2479	1	0	113	0	2005
2480	4	0	0	0	0
2481	1	2	106	331	2006
2482	1	2	135	344	2008
2483	2	2	0	0	0
2484	1	2	98	330	2009
2485	1	1	97	0	2007
2486	1	1	106	347	2007
2487	1	1	0	331	0
2488	5	1	123	0	2005
2489	1	0	0	0	0
2490	3	1	123	0	0
2491	1	1	97	0	0
2492	1	1	115	345	2009
2493	2	2	99	0	2005
2494	1	1	0	330	2009
2495	2	0	0	0	0
2496	1	1	152	335	2009
2497	1	1	106	340	2006
2498	1	1	145	334	2008
2499	1	1	109	0	2008
2500	1	1	141	0	2006
2501	1	2	125	0	2006
2502	1	0	120	0	2006
2503	1	1	106	331	2009
2504	1	2	104	346	2005
2505	2	1	152	0	2005
2506	2	2	97	0	2004
2507	1	1	109	0	2006
2508	2	2	156	0	2005
2509	1	1	109	327	2008
2510	1	2	152	338	2010
2511	1	2	147	336	2006
2512	1	1	109	0	2006
2513	1	1	0	333	2008
2514	2	0	0	0	2005
2515	1	1	109	0	2006
2516	1	2	123	334	2006
2517	1	2	136	338	2007
2518	1	2	0	329	2008
2519	2	2	114	0	2005
2520	1	2	123	347	2007
2521	2	2	144	0	0
2522	1	1	109	331	2007
2523	1	1	97	350	2006
2524	3	2	108	0	2004
2525	1	1	97	0	2007
2526	1	2	139	0	2007
2527	4	2	123	0	2003
2528	1	1	114	335	2007
2529	1	0	135	0	0
2530	1	2	97	331	2006
2531	1	2	109	335	2008
2532	2	1	132	0	2005
2533	1	2	94	0	2007
2534	3	2	128	0	0
2535	1	1	0	340	2009
2536	1	1	139	331	2007
2537	1	2	0	334	2007
2538	1	2	125	330	0
2539	1	1	0	332	2009
2540	1	2	152	0	2006
2541	1	1	0	344	2008
2542	1	1	128	330	2009
2543	1	1	145	0	2006
2544	1	1	97	331	2006
2545	1	2	118	336	2006
2546	1	1	125	0	2007
2547	1	2	97	331	2006
2548	1	2	145	0	0
2549	1	0	0	0	2008
2550	1	1	114	328	2009
2551	1	2	109	330	2009
2552	1	2	156	0	2007
2553	1	1	109	0	2006
2554	1	1	152	328	2009
2555	1	1	139	334	2007
2556	1	1	152	344	2009
2557	1	2	157	0	2007
2558	1	2	111	333	2007
2559	2	2	111	0	2005
2560	1	1	152	0	2005
2561	2	2	0	0	2004
2562	1	2	97	0	2005
2563	1	1	97	345	2008
2564	1	1	102	0	2006
2565	1	2	145	0	2006
2566	1	2	112	335	2009
2567	2	2	109	0	2005
2568	1	2	152	351	2007
2569	1	1	99	349	2009
2570	1	1	0	331	2009
2571	1	2	147	330	2009
2572	1	2	108	347	0
2573	1	1	152	0	2006
2574	1	1	135	346	2006
2575	1	2	154	328	2005
2576	1	2	94	329	2008
2577	1	2	99	0	2005
2578	1	2	152	0	0
2579	1	2	120	0	2010
2580	1	1	97	328	2009
2581	1	1	0	328	2008
2582	1	1	114	0	2006
2583	5	2	152	0	0
2584	1	2	136	329	2008
2585	4	2	140	0	0
2586	1	2	145	346	2008
2587	1	2	0	328	0
2588	1	2	152	335	2007
2589	1	2	108	333	2008
2590	1	1	152	331	2008
2591	1	2	157	329	2008
2592	2	1	152	0	2005
2593	1	2	0	329	2008
2594	1	2	157	330	2009
2595	1	1	97	347	2006
2596	1	2	0	333	2007
2597	1	1	105	0	2006
2598	1	2	106	344	2008
2599	1	1	122	333	2004
2600	1	1	109	329	2008
2601	1	1	117	334	2008
2602	1	2	105	331	2007
2603	2	1	147	0	2005
2604	1	1	140	344	2007
2605	1	1	93	332	2009
2606	1	1	152	335	2007
2607	1	2	152	335	2009
2608	1	1	0	333	2008
2609	1	0	0	0	0
2610	2	2	108	0	2005
2611	1	1	0	0	0
2612	1	0	130	0	0
2613	1	1	141	0	2006
2614	1	1	133	0	2006
2615	2	2	123	0	2004
2616	1	1	140	0	2006
2617	1	1	109	328	2009
2618	5	2	152	333	0
2619	5	2	152	0	2005
2620	1	2	114	334	2008
2621	1	1	0	0	0
2622	1	2	114	0	2007
2623	1	0	98	0	2007
2624	1	0	0	0	0
2625	1	1	147	0	2006
2626	1	1	136	0	2005
2627	1	1	106	331	2008
2628	1	1	136	332	2006
2629	1	1	97	328	0
2630	1	1	152	0	2006
2631	1	1	137	333	0
2632	1	2	106	331	2008
2633	1	2	130	0	2006
2634	1	1	0	330	2009
2635	2	1	133	0	2005
2636	1	2	0	0	2006
2637	1	1	112	334	2008
2638	1	1	152	333	2009
2639	1	2	0	0	2008
2640	1	1	99	0	2006
2641	1	0	0	0	0
2642	1	1	93	0	2006
2643	1	1	0	336	2008
2644	1	1	154	336	2008
2645	1	1	97	329	2007
2646	1	1	0	335	2008
2647	1	2	109	0	2006
2648	1	0	0	0	2008
2649	1	1	0	332	2005
2650	2	2	153	0	2005
2651	1	1	133	0	2007
2652	1	1	152	0	2006
2653	1	2	142	0	2005
2654	1	2	148	0	2010
2655	1	2	92	0	2006
2656	5	2	91	0	0
2657	1	1	112	331	2008
2658	1	1	109	350	2007
2659	1	1	108	332	2006
2660	1	2	0	329	2009
2661	1	2	109	331	2009
2662	1	1	0	329	2009
2663	3	2	152	0	0
2664	1	1	116	343	2007
2665	1	1	123	0	2006
2666	1	2	98	0	2006
2667	1	1	117	340	2007
2668	2	2	146	0	0
2669	1	1	152	329	2009
2670	1	2	152	335	2007
2671	1	1	114	336	2008
2672	1	0	0	0	0
2673	1	0	117	328	2008
2674	1	2	0	345	2009
2675	1	2	114	0	2006
2676	1	1	98	331	2009
2677	2	1	152	0	2005
2678	1	1	118	332	2009
2679	1	1	0	345	2008
2680	1	1	97	334	2008
2681	2	1	141	0	0
2682	1	0	152	345	2009
2683	1	1	0	328	0
2684	1	1	0	333	2008
2685	1	2	114	335	2008
2686	1	1	152	335	2008
2687	1	1	140	339	2006
2688	1	1	93	339	2006
2689	1	2	157	342	2007
2690	1	1	107	0	2007
2691	1	2	109	329	2004
2692	1	1	105	331	2007
2693	1	2	141	327	2006
2694	2	1	141	0	2005
2695	1	2	125	334	2007
2696	1	1	0	350	2008
2697	1	1	141	333	2007
2698	1	1	105	333	2008
2699	1	2	109	333	2006
2700	1	1	105	0	2006
2701	1	1	111	346	2005
2702	1	1	109	331	2008
2703	1	2	117	329	2007
2704	1	1	145	331	2008
2705	2	1	113	347	2004
2706	1	2	0	333	2007
2707	1	2	152	332	2007
2708	5	1	152	331	2006
2709	2	2	147	0	2004
2710	1	0	152	0	2006
2711	1	2	111	336	2008
2712	1	2	152	336	2008
2713	1	2	125	0	2007
2714	1	2	115	333	2008
2715	1	1	139	329	2009
2716	1	1	120	340	2008
2717	1	2	152	335	2006
2718	1	1	0	349	2008
2719	1	2	152	330	2009
2720	2	1	114	0	2005
2721	2	2	152	0	2005
2722	1	1	125	0	2007
2723	1	1	109	0	2006
2724	1	2	0	0	2006
2725	1	1	110	329	2008
2726	1	1	117	333	2008
2727	1	1	108	332	2009
2728	1	1	111	336	2008
2729	1	1	152	344	2007
2730	1	1	0	336	2007
2731	1	0	0	0	0
2732	1	2	152	351	2006
2733	2	2	108	0	2005
2734	1	1	125	0	2006
2735	1	1	152	0	2007
2736	1	1	98	349	2007
2737	1	2	152	335	2007
2738	2	1	152	0	2005
2739	1	1	152	335	2008
2740	1	1	136	331	2008
2741	1	1	114	0	2007
2742	2	1	109	0	0
2743	1	1	141	335	2005
2744	1	2	97	350	2007
2745	2	2	92	0	2005
2746	1	0	152	327	0
2747	1	1	143	347	2007
2748	2	1	135	0	2005
2749	1	2	152	330	2009
2750	1	1	114	0	2006
2751	1	1	156	0	2006
2752	1	1	141	331	2007
2753	1	1	152	0	2006
2754	1	2	97	329	2009
2755	1	0	102	0	2006
2756	2	1	151	0	0
2757	1	1	152	0	2006
2758	1	1	109	351	2006
2759	2	2	99	0	0
2760	1	1	98	0	2007
2761	1	1	152	332	2008
2762	1	2	152	351	2007
2763	1	1	0	329	2009
2764	1	2	0	329	2008
2765	5	2	92	0	2004
2766	1	2	0	329	2008
2767	1	1	105	0	2008
2768	1	1	147	330	2009
2769	1	2	155	0	2005
2770	1	1	109	0	2006
2771	1	2	125	0	2006
2772	1	1	117	0	2006
2773	1	2	145	0	2006
2774	1	0	140	0	0
2775	1	1	123	0	2007
2776	1	2	124	0	2006
2777	3	1	149	0	0
2778	1	2	147	331	2009
2779	1	1	0	329	2009
2780	1	1	152	0	2005
2781	1	1	152	336	2006
2782	2	0	139	0	2005
2783	1	2	108	0	2006
2784	1	1	0	0	2007
2785	3	1	103	0	0
2786	1	2	156	330	2009
2787	1	1	140	344	2004
2788	1	1	107	0	2007
2789	1	0	142	0	2006
2790	1	1	113	0	2006
2791	2	1	114	0	2005
2792	1	1	98	0	2006
2793	1	1	152	335	2007
2794	1	1	152	335	2008
2795	1	2	98	0	2006
2796	1	2	99	0	2006
2797	2	1	97	0	2005
2798	1	2	152	335	2007
2799	2	1	125	0	2005
2800	1	1	152	0	2006
2801	1	1	114	0	2006
2802	2	2	146	0	2005
2803	2	2	139	327	2005
2804	1	2	97	328	2009
2805	2	2	125	0	2005
2806	5	2	152	0	0
2807	1	2	152	335	2006
2808	1	1	152	0	2005
2809	2	1	139	0	2005
2810	2	2	116	328	2004
2811	1	1	0	350	2008
2812	2	2	152	0	2005
2813	1	2	123	351	2007
2814	1	2	97	0	2007
2815	1	2	101	333	2007
2816	1	1	109	349	2007
2817	3	2	114	0	0
2818	1	2	152	335	2009
2819	2	1	141	0	2005
2820	1	2	123	329	2008
2821	2	1	109	0	2005
2822	1	2	122	339	2008
2823	2	1	114	0	2005
2824	1	1	123	334	2008
2825	1	2	0	344	2008
2826	1	2	123	0	2007
2827	2	2	90	0	2004
2828	1	1	0	343	2008
2829	1	1	97	329	2009
2830	1	2	109	329	2008
2831	1	1	152	335	2007
2832	1	1	114	0	2008
2833	1	1	130	333	2008
2834	1	2	0	333	2008
2835	1	1	152	338	2008
2836	1	1	153	349	2007
2837	1	1	97	0	2007
2838	1	1	97	328	2009
2839	1	1	152	330	2009
2840	2	2	152	0	2004
2841	1	2	97	346	2007
2842	1	1	152	0	2007
2843	1	1	147	0	2007
2844	1	2	152	336	2007
2845	1	2	112	333	2007
2846	1	1	139	348	2007
2847	2	1	139	0	2005
2848	1	1	99	335	2009
2849	1	2	97	0	2007
2850	3	0	0	0	0
2851	1	1	151	346	2007
2852	1	1	152	335	0
2853	2	2	147	0	2004
2854	1	2	97	340	2006
2855	1	1	123	0	2006
2856	1	2	134	0	2007
2857	2	1	116	0	2004
2858	1	1	142	0	2006
2859	2	1	97	0	2005
2860	1	1	125	333	2008
2861	1	2	0	330	2009
2862	2	2	151	0	2005
2863	1	2	114	0	2006
2864	1	1	0	328	2009
2865	1	2	152	335	2007
2866	1	2	136	335	2007
2867	1	2	153	332	2008
2868	1	1	114	333	2007
2869	1	1	92	342	2007
2870	1	2	152	334	2008
2871	1	2	117	334	2008
2872	2	1	117	0	2005
2873	2	1	152	0	2005
2874	1	1	122	328	2009
2875	1	1	97	330	2009
2876	1	2	111	328	2008
2877	2	2	111	329	2005
2878	1	2	118	0	2006
2879	5	2	114	0	2004
2880	1	1	152	0	2008
2881	2	2	92	0	2005
2882	1	2	105	0	2007
2883	1	0	92	0	2007
2884	1	1	152	346	2008
2885	1	2	93	341	2008
2886	1	1	152	0	2007
2887	1	2	106	334	2008
2888	2	2	136	0	2004
2889	3	2	120	0	0
2890	1	2	0	330	2008
2891	1	1	153	346	2008
2892	1	1	105	333	0
2893	1	1	0	328	2008
2894	2	2	109	0	2004
2895	1	2	130	0	2006
2896	1	2	0	330	0
2897	4	1	0	0	0
2898	2	1	109	0	0
2899	1	0	0	0	0
2900	1	2	0	332	2009
2901	1	2	151	342	2007
2902	1	2	97	330	2008
2903	2	0	154	0	2005
2904	1	1	125	0	2006
2905	2	2	111	0	2001
2906	1	0	113	328	2008
2907	2	2	97	0	2005
2908	1	1	117	0	2006
2909	1	1	154	0	2006
2910	1	2	108	329	2009
2911	2	1	139	0	2000
2912	2	1	125	0	2005
2913	1	0	0	0	0
2914	1	1	152	0	2006
2915	1	1	106	334	2008
2916	2	2	105	0	2005
2917	2	1	140	334	2005
2918	2	2	97	0	2004
2919	2	2	147	0	2005
2920	1	1	109	0	2006
