id	status	gender	major	dorm	year
1	1	1	0	0	2009
2	1	1	0	86	2009
3	1	1	331	90	2009
4	2	1	316	0	0
5	1	1	316	0	2006
6	1	1	0	0	2008
7	1	1	314	0	2008
8	1	2	250	0	2008
9	1	1	314	94	2005
10	1	2	277	0	2008
11	1	1	314	0	2006
12	1	1	275	0	2007
13	1	1	327	87	2008
14	1	1	327	102	2008
15	1	1	311	93	2007
16	1	2	255	0	2006
17	1	0	0	0	0
18	1	1	273	86	2009
19	1	1	275	102	2008
20	1	1	0	0	2008
21	1	2	287	98	2007
22	1	1	326	105	2005
23	1	1	302	0	2006
24	1	2	266	98	2007
25	1	1	248	0	2009
26	2	1	243	0	2005
27	1	2	255	0	0
28	1	1	249	0	2007
29	1	1	236	106	2007
30	2	2	250	0	2005
31	4	1	247	100	2004
32	1	1	285	0	2006
33	1	2	308	0	2008
34	2	2	307	93	2005
35	2	2	235	0	2005
36	1	1	333	0	2008
37	1	1	327	0	2008
38	1	1	308	104	2007
39	1	2	316	0	2006
40	2	1	238	0	2005
41	5	1	253	0	2006
42	1	2	260	0	2008
43	1	2	275	0	2005
44	1	2	252	94	2004
45	1	1	267	0	2006
46	1	2	249	0	2006
47	1	1	248	0	2006
48	2	1	246	0	2004
49	1	2	334	0	2007
50	1	2	249	98	2008
51	1	1	279	0	2009
52	5	1	284	0	2007
53	1	1	275	0	2008
54	2	2	249	97	2004
55	2	2	249	98	2005
56	1	1	247	101	2008
57	4	2	0	0	0
58	1	1	238	90	2009
59	1	2	0	0	2009
60	1	1	314	91	2009
61	1	2	308	0	2007
62	4	2	284	0	0
63	1	1	333	0	2008
64	1	1	309	100	2007
65	1	2	246	0	2009
66	1	1	0	0	2007
67	1	1	273	106	2006
68	1	2	260	0	2008
69	1	1	314	0	2009
70	2	2	249	0	2004
71	1	0	0	0	0
72	1	1	246	0	2006
73	1	2	238	91	2009
74	1	2	249	0	2006
75	2	1	253	0	2005
76	1	1	0	89	2008
77	1	2	302	0	2006
78	1	2	316	0	2006
79	1	1	299	0	2008
80	1	1	243	104	2006
81	1	2	308	91	2006
82	5	2	284	0	2006
83	2	2	248	0	2003
84	1	1	249	104	2008
85	1	1	270	105	2008
86	1	1	327	90	2009
87	3	2	335	96	2010
88	2	0	0	0	0
89	1	1	327	92	2007
90	1	1	311	87	2009
91	1	1	252	0	0
92	1	2	243	0	2008
93	1	1	253	90	2009
94	1	0	0	0	0
95	2	1	249	105	2005
96	1	2	275	0	2008
97	1	1	332	0	2008
98	2	1	260	0	2005
99	1	1	312	91	2008
100	1	2	235	0	2006
101	2	2	260	0	2004
102	5	2	284	0	2007
103	5	2	278	0	2006
104	1	2	312	0	2009
105	3	2	320	0	0
106	1	1	253	93	2005
107	1	1	282	88	2009
108	2	1	316	93	2005
109	5	1	284	0	2007
110	1	1	285	0	2006
111	1	2	260	94	2006
112	1	1	238	0	2009
113	1	2	249	0	2007
114	1	2	246	0	2007
115	5	2	284	0	2007
116	1	1	282	86	2009
117	2	2	332	0	2005
118	2	1	260	0	2005
119	1	2	266	0	2008
120	1	2	327	0	2008
121	1	1	326	106	2006
122	2	1	287	0	2005
123	2	1	235	0	2003
124	2	1	0	0	0
125	1	1	270	0	2006
126	1	1	0	89	2009
127	1	1	327	0	2007
128	1	2	282	0	2008
129	1	1	0	102	2007
130	5	2	288	94	2007
131	2	1	314	0	2005
132	5	2	284	0	2008
133	1	1	314	93	2006
134	1	0	249	0	0
135	5	0	0	0	0
136	1	1	285	0	2008
137	1	1	247	104	2008
138	1	1	289	0	2008
139	2	0	284	0	2005
140	1	1	248	101	2006
141	2	2	308	0	2004
142	1	2	246	89	2008
143	1	1	275	106	2006
144	2	2	249	0	2005
145	1	2	248	95	2007
146	1	2	331	0	2004
147	1	1	0	0	2008
148	1	2	326	0	2005
149	4	0	0	0	0
150	1	2	275	0	2008
151	1	0	0	0	0
152	1	1	285	101	2008
153	4	2	0	0	0
154	2	1	332	0	2005
155	1	2	249	0	2008
156	2	1	314	104	2004
157	1	2	275	89	2009
158	1	1	275	0	2009
159	5	2	308	98	2005
160	1	1	249	101	2008
161	2	2	270	0	2004
162	1	1	243	92	2007
163	1	1	314	0	2008
164	2	1	278	0	2004
165	1	1	314	86	2009
166	1	1	235	91	2009
167	1	1	314	89	2009
168	2	1	333	0	2005
169	1	1	327	92	2008
170	1	2	314	0	2005
171	1	2	318	0	2005
172	1	2	273	0	2008
173	1	2	308	0	2008
174	1	2	266	0	2008
175	1	1	333	106	2007
176	1	0	0	0	0
177	1	2	248	0	2008
178	2	1	316	100	2004
179	1	2	331	94	2006
180	1	2	249	0	2004
181	5	2	290	0	2006
182	1	1	243	0	2009
183	5	2	284	0	2006
184	1	1	249	0	2006
185	2	2	249	0	2005
186	4	0	0	0	0
187	1	1	267	90	2009
188	1	2	270	0	2004
189	1	1	314	104	2006
190	1	1	312	0	2008
191	1	1	0	86	2009
192	1	2	249	0	2008
193	1	1	285	0	2004
194	1	1	261	93	0
195	1	1	277	100	2005
196	2	2	249	0	2004
197	1	1	279	0	2006
198	1	1	0	88	2009
199	1	1	314	100	2006
200	2	1	238	101	2005
201	1	1	293	88	2009
202	1	1	323	92	2008
203	2	2	238	0	2004
204	1	1	0	87	2009
205	1	2	275	97	2006
206	1	2	266	0	2008
207	1	0	0	0	0
208	1	1	316	0	0
209	1	1	267	88	2009
210	1	1	314	100	2007
211	1	1	245	88	2009
212	1	1	314	0	2006
213	1	1	280	0	2008
214	2	1	320	0	2005
215	1	2	314	0	2006
216	5	1	314	0	2007
217	1	1	0	0	2007
218	1	1	0	86	2009
219	1	1	326	0	2006
220	1	1	270	0	2008
221	1	1	325	0	2007
222	1	2	236	0	2007
223	1	1	297	105	2006
224	1	1	258	0	2007
225	1	1	251	89	2009
226	1	1	314	101	2006
227	1	1	0	0	2008
228	1	2	332	0	2009
229	1	2	280	0	2007
230	1	1	265	103	2007
231	2	1	314	106	2004
232	1	2	327	0	2008
233	1	2	273	94	2008
234	1	2	266	0	2008
235	1	1	0	0	2008
236	1	1	316	0	2008
237	1	1	238	92	2006
238	1	1	314	0	2008
239	1	1	265	0	2006
240	2	2	333	0	2005
241	1	1	308	94	2006
242	1	1	333	98	2008
243	1	1	316	0	0
244	2	1	331	0	2005
245	2	1	249	0	2005
246	1	2	266	0	2008
247	1	1	238	0	2007
248	1	1	276	0	2008
249	1	1	257	0	2006
250	1	2	250	0	2007
251	1	1	261	0	2008
252	1	2	308	0	2007
253	1	2	315	0	2006
254	1	1	331	86	2009
255	2	2	309	0	2005
256	1	2	332	0	2006
257	1	1	311	0	2009
258	1	1	285	104	2006
259	1	1	238	0	2006
260	2	1	280	0	2004
261	1	2	247	0	2006
262	2	2	287	0	2004
263	5	2	315	0	2008
264	1	1	0	0	2006
265	5	1	284	106	2007
266	1	2	308	87	2009
267	1	2	238	0	2005
268	1	2	260	93	2007
269	1	2	275	0	2008
270	1	1	314	0	2005
271	1	2	243	0	2006
272	1	1	287	0	2006
273	2	2	249	0	2005
274	5	1	284	0	2007
275	0	0	0	0	0
276	1	2	311	0	2008
277	1	2	289	94	2007
278	1	1	249	0	2006
279	1	1	249	94	2006
280	1	1	287	0	0
281	2	2	275	0	2004
282	1	2	324	86	2009
283	1	2	243	0	2008
284	1	2	246	94	2006
285	1	2	249	93	2008
286	1	1	0	0	2008
287	3	1	321	105	1943
288	1	2	327	0	2007
289	2	1	316	0	2005
290	1	1	262	0	2006
291	1	2	308	93	2007
292	1	2	314	91	2007
293	1	1	275	104	2007
294	1	1	314	105	2006
295	2	2	260	0	2004
296	2	1	267	0	2005
297	1	1	248	0	2008
298	1	0	0	0	0
299	1	2	332	94	2007
300	5	2	284	0	2006
301	5	2	0	0	0
302	1	1	312	92	2006
303	1	2	287	89	2009
304	2	1	316	0	2005
305	1	1	253	89	2009
306	1	2	262	93	2006
307	1	2	297	0	0
308	5	1	315	0	2006
309	2	2	246	0	2004
310	1	1	275	0	2008
311	1	2	266	0	2008
312	1	2	249	0	2007
313	1	1	275	90	2009
314	2	1	279	0	2004
315	1	1	253	0	2009
316	5	2	284	0	2006
317	1	1	262	89	2009
318	2	2	235	0	2005
319	1	1	248	0	2008
320	1	1	285	0	2007
321	1	1	0	0	2009
322	1	1	308	0	0
323	1	1	247	0	2008
324	1	1	331	105	2007
325	1	1	327	90	2008
326	1	2	279	0	2006
327	1	1	267	89	2008
328	1	2	266	0	2008
329	1	1	282	0	2008
330	1	2	266	0	2008
331	2	2	243	98	2005
332	1	2	312	0	2008
333	1	1	249	100	2008
334	1	2	284	0	2006
335	1	2	249	90	2009
336	1	2	320	0	2008
337	1	1	236	0	2006
338	1	1	314	0	2006
339	1	1	238	0	2006
340	5	2	284	0	2005
341	1	2	308	0	2006
342	1	2	275	0	2006
343	1	1	316	90	2009
344	1	1	248	0	2005
345	2	2	270	99	2004
346	2	1	265	0	0
347	2	1	327	0	2005
348	1	1	253	0	2007
349	1	1	243	0	2006
350	2	2	287	0	2004
351	1	2	333	0	2008
352	2	1	309	0	2005
353	2	1	332	0	2004
354	1	2	316	92	2008
355	1	1	297	0	0
356	1	1	257	0	2008
357	1	2	249	0	2008
358	2	2	304	99	2005
359	2	2	309	96	2003
360	1	2	245	88	2008
361	1	2	309	92	2008
362	2	1	275	0	2005
363	1	1	0	88	2009
364	1	2	250	0	2005
365	4	1	0	0	0
366	1	1	274	89	2009
367	1	1	0	89	2009
368	1	1	249	0	2007
369	1	2	249	0	2006
370	1	1	236	88	2009
371	1	2	308	0	2006
372	2	2	249	0	0
373	2	1	308	105	2005
374	1	1	312	0	2008
375	1	1	279	93	2007
376	5	2	252	0	2007
377	1	2	0	91	2009
378	1	2	275	0	0
379	1	2	312	0	2007
380	1	1	282	86	2009
381	1	1	312	0	2009
382	1	2	248	0	2008
383	1	1	267	0	2008
384	1	1	247	0	2005
385	5	2	284	0	2007
386	1	1	235	0	2006
387	2	1	249	0	2005
388	2	1	316	105	2004
389	5	2	284	98	2004
390	1	0	238	0	2006
391	1	1	238	105	2007
392	1	2	282	0	2008
393	1	2	266	0	2008
394	1	1	246	101	2005
395	2	2	331	0	0
396	1	1	316	0	2007
397	1	1	0	90	2009
398	1	1	238	0	2008
399	1	1	0	0	2008
400	1	1	327	89	2008
401	1	1	249	0	2006
402	1	0	238	0	0
403	1	1	327	87	2009
404	1	2	308	90	2009
405	1	1	246	106	2007
406	1	2	298	0	2009
407	1	1	282	92	2006
408	1	1	331	0	2007
409	1	0	0	0	0
410	1	1	314	92	2007
411	1	2	238	0	2006
412	1	1	320	0	2008
413	5	1	273	0	2006
414	2	2	257	0	2004
415	1	2	266	0	2008
416	1	1	267	106	2006
417	1	1	0	100	2008
418	2	1	253	106	2004
419	1	1	314	101	2008
420	1	1	251	92	2006
421	1	2	249	0	2006
422	1	1	273	0	2006
423	1	1	297	86	2009
424	1	1	280	0	2007
425	2	2	270	0	2005
426	1	2	249	0	2008
427	1	2	307	0	0
428	1	1	238	0	2008
429	1	1	238	101	2007
430	1	2	270	0	2008
431	1	0	0	0	0
432	5	2	284	0	2007
433	1	2	282	89	2009
434	1	1	316	105	2007
435	1	2	318	0	2007
436	1	2	332	90	2009
437	1	2	308	0	2004
438	1	1	327	0	2006
439	1	2	248	0	2007
440	1	1	314	104	2007
441	2	0	0	0	2005
442	1	1	275	0	2007
443	2	1	0	0	2005
444	1	2	248	91	2009
445	1	2	279	0	2006
446	1	1	235	89	2009
447	1	1	249	100	2006
448	1	1	235	90	2008
449	1	1	333	0	2007
450	1	0	262	101	2007
451	1	2	248	0	2007
452	1	2	314	0	0
453	1	2	333	92	2007
454	1	1	327	102	2008
455	1	2	334	0	2008
456	1	1	246	0	0
457	3	2	255	0	0
458	1	1	333	0	2008
459	1	1	249	0	2004
460	2	1	308	0	2005
461	1	1	302	93	2007
462	1	2	288	0	0
463	1	2	275	89	2009
464	1	1	314	102	2006
465	2	1	314	100	2005
466	1	1	309	0	2006
467	1	1	247	102	2006
468	1	2	327	91	2008
469	1	1	248	90	2009
470	1	1	327	92	2008
471	1	1	249	0	2006
472	2	1	279	105	2004
473	2	1	249	102	2005
474	1	1	299	87	2009
475	1	2	266	0	2008
476	1	1	297	0	2006
477	1	2	249	0	2008
478	1	0	320	0	0
479	1	1	314	94	0
480	1	1	265	0	2009
481	1	1	238	88	2009
482	2	2	260	0	2005
483	1	2	284	0	2008
484	2	2	270	0	2005
485	1	2	334	0	2008
486	2	1	249	102	2005
487	3	2	275	0	0
488	1	1	253	91	2009
489	1	1	249	0	2008
490	2	1	325	101	2005
491	1	0	0	0	0
492	1	1	235	93	2007
493	1	2	249	92	2006
494	1	2	260	0	2006
495	1	1	309	94	2006
496	1	1	327	0	2008
497	1	2	310	89	2009
498	1	2	253	0	2009
499	1	1	246	0	2008
500	1	1	327	91	2009
501	1	2	316	0	2005
502	1	1	293	90	2009
503	2	1	249	0	2005
504	2	1	267	94	2005
505	2	2	275	0	2005
506	1	1	308	86	2009
507	1	1	275	88	2009
508	1	2	279	0	2008
509	1	1	275	0	2005
510	2	2	249	0	2000
511	1	2	293	92	2008
512	2	1	267	0	0
513	2	1	314	0	2005
514	1	1	314	0	2008
515	1	1	331	0	2008
516	5	2	284	0	2008
517	1	1	331	0	2007
518	1	1	246	0	2005
519	1	1	0	0	2008
520	1	2	334	97	2007
521	1	1	249	102	0
522	1	1	314	0	2009
523	2	2	332	0	2004
524	1	1	0	0	2006
525	1	1	279	92	2007
526	2	2	235	0	2005
527	1	2	260	99	2008
528	1	1	282	100	2008
529	1	2	238	0	2007
530	1	2	238	93	2008
531	1	2	309	94	2006
532	2	1	265	0	2005
533	1	2	249	0	2008
534	2	2	279	98	2005
535	1	2	260	0	2008
536	1	1	284	0	2007
537	2	1	265	0	2004
538	2	2	288	0	2005
539	1	1	246	102	2006
540	2	0	332	105	2005
541	1	2	0	0	2006
542	1	2	238	0	2009
543	1	1	274	0	2009
544	2	0	0	0	0
545	1	1	238	0	2006
546	1	1	316	0	2006
547	1	2	314	0	2005
548	1	2	260	0	2006
549	2	0	0	0	0
550	1	0	274	0	2006
551	1	1	246	0	2008
552	1	1	0	0	2008
553	1	1	297	0	2009
554	1	2	331	0	2007
555	1	1	316	91	2008
556	1	2	282	0	2008
557	1	2	312	92	2008
558	1	1	238	92	2007
559	1	1	253	106	2006
560	1	2	248	87	2009
561	1	2	260	0	2008
562	1	1	249	101	2008
563	1	1	324	0	2008
564	1	2	289	88	2009
565	1	2	279	87	2008
566	1	2	0	88	2009
567	5	1	284	106	2006
568	1	1	246	106	2007
569	1	2	266	0	2008
570	2	2	287	0	2005
571	1	1	289	103	2008
572	2	2	0	0	0
573	2	1	249	106	2005
574	1	1	332	92	2006
575	2	1	253	105	2005
576	1	1	324	0	2005
577	1	2	310	86	2008
578	1	1	278	86	2009
579	2	1	265	0	2005
580	1	1	280	93	2007
581	2	1	289	93	2001
582	1	1	275	87	2005
583	5	2	315	0	2007
584	2	1	238	0	2004
585	1	2	333	0	2007
586	1	1	262	93	2006
587	1	1	277	92	2006
588	1	2	273	0	2006
589	1	1	275	105	2007
590	1	2	0	0	2009
591	1	1	285	93	2006
592	1	1	258	0	2008
593	1	1	248	90	2009
594	1	1	246	92	2008
595	2	1	0	106	2004
596	1	0	0	0	0
597	4	1	278	0	0
598	2	2	332	93	2005
599	1	0	0	0	0
600	1	0	0	0	0
601	1	0	0	0	0
602	2	1	253	0	0
603	1	1	279	0	2007
604	1	1	314	0	2009
605	1	1	314	104	2006
606	2	1	265	0	2005
607	1	1	279	0	2006
608	1	1	267	106	2007
609	1	2	320	93	2007
610	1	2	249	97	2006
611	5	1	284	0	2007
612	1	1	316	106	2008
613	1	1	314	93	2006
614	2	2	260	0	2005
615	2	0	332	106	0
616	1	1	0	0	2009
617	5	1	284	0	2007
618	1	1	244	92	2007
619	1	2	327	90	2009
620	1	2	308	92	2006
621	1	1	277	92	2007
622	1	2	0	0	2008
623	1	2	238	97	2008
624	1	1	293	86	2008
625	1	2	247	86	2009
626	1	2	257	0	0
627	1	1	238	0	2007
628	1	2	239	0	2006
629	1	1	238	0	2006
630	2	1	308	0	2004
631	1	2	243	0	2005
632	1	1	245	93	2007
633	1	1	312	0	2009
634	5	2	284	0	2007
635	1	2	0	0	2007
636	3	2	251	0	0
637	1	2	266	0	2008
638	1	1	309	86	2008
639	1	1	238	101	2008
640	1	2	320	93	2008
641	1	2	331	0	2008
642	1	2	249	92	2007
643	1	1	248	0	2006
644	1	2	267	92	2007
645	1	1	314	106	2006
646	1	1	249	87	2009
647	2	1	249	104	2005
648	1	1	249	0	2009
649	1	1	238	0	2007
650	2	2	282	0	2005
651	1	2	235	0	2007
652	2	1	250	105	0
653	1	1	0	91	0
654	1	1	333	91	2009
655	1	2	248	87	2009
656	1	1	285	0	2006
657	1	2	332	0	2006
658	1	1	243	86	2009
659	1	1	299	94	2006
660	1	2	249	0	2006
661	1	2	277	0	2006
662	1	1	331	104	2006
663	3	0	0	0	0
664	2	1	249	102	2002
665	1	2	309	98	2005
666	1	2	320	91	2007
667	1	1	332	0	2006
668	2	2	331	0	0
669	1	1	312	0	2009
670	1	1	291	87	2009
671	1	2	249	91	2009
672	1	1	314	0	2008
673	5	1	284	0	2007
674	1	2	284	98	2008
675	1	1	265	101	2007
676	1	0	0	0	0
677	1	2	311	86	2009
678	1	2	318	0	0
679	1	2	334	0	2007
680	1	1	236	86	2006
681	1	1	0	88	2009
682	1	1	314	92	2008
683	1	1	312	88	2009
684	1	2	267	94	2005
685	2	1	289	100	2004
686	1	1	327	0	2008
687	2	2	249	0	2005
688	1	1	327	0	2006
689	5	1	284	0	2007
690	2	1	0	0	2004
691	1	1	253	0	2006
692	1	1	280	0	2005
693	1	2	314	0	2008
694	1	2	249	0	2008
695	1	2	312	88	2009
696	1	1	0	89	2009
697	1	2	239	0	2007
698	1	1	246	0	2009
699	1	2	255	0	2008
700	2	1	309	0	2005
701	1	1	238	105	2007
702	5	1	315	0	2006
703	1	1	0	86	2009
704	1	2	327	94	2008
705	1	1	285	96	2008
706	1	1	257	0	2007
707	1	1	249	0	2008
708	1	0	0	0	0
709	1	1	285	93	2007
710	1	1	285	101	2006
711	1	1	238	0	2009
712	1	1	253	0	2006
713	1	2	275	0	2006
714	2	2	314	94	2005
715	1	1	314	100	2008
716	3	2	293	0	0
717	1	1	275	105	2006
718	1	1	282	0	2007
719	1	1	312	0	2007
720	1	1	0	86	2009
721	1	2	327	89	2009
722	1	1	238	0	2008
723	1	2	248	0	2008
724	1	1	312	0	2008
725	1	1	0	0	2007
726	1	1	280	92	2008
727	1	2	268	91	2009
728	1	2	249	86	2009
729	1	1	314	93	2007
730	1	2	316	86	2005
731	1	1	316	0	2008
732	1	1	299	0	0
733	1	2	334	0	2008
734	1	1	253	0	2008
735	2	1	308	0	2004
736	2	2	320	0	2005
737	1	2	275	88	2009
738	1	1	243	105	2007
739	1	2	0	0	0
740	1	1	267	0	2008
741	1	2	275	0	2008
742	1	1	246	0	2009
743	1	2	243	94	2006
744	1	1	0	0	2008
745	1	2	308	0	2005
746	2	1	285	0	2005
747	1	1	279	103	2007
748	1	1	325	0	2006
749	2	2	325	0	2004
750	1	2	275	0	2007
751	1	1	327	0	2007
752	1	1	280	0	2008
753	1	1	246	101	2008
754	1	1	316	0	2006
755	1	1	0	0	2009
756	1	2	320	0	2007
757	1	1	265	90	2009
758	1	1	333	87	2008
759	1	2	284	0	2006
760	1	2	266	0	2008
761	1	2	327	90	2008
762	1	1	0	101	2008
763	1	2	266	0	2008
764	2	1	0	0	2005
765	2	1	316	95	2005
766	1	2	249	0	2008
767	1	1	327	0	2008
768	1	1	285	101	2008
769	1	2	249	89	2009
770	1	2	293	87	2009
771	1	2	316	0	0
772	1	1	243	0	2007
773	1	1	309	102	2006
774	1	2	324	93	2006
775	1	1	311	0	2008
776	1	2	249	0	2006
777	2	1	333	0	0
778	2	1	235	105	0
779	1	2	246	91	2009
780	5	0	0	0	0
781	1	1	278	0	2007
782	1	1	267	0	2006
783	1	1	0	0	2008
784	2	1	275	101	2005
785	1	2	248	0	2007
786	1	1	249	0	2006
787	1	1	246	0	2006
788	1	2	249	0	2006
789	1	1	0	0	2008
790	2	1	245	0	2005
791	1	1	236	93	2006
792	1	2	320	0	2008
793	1	2	312	98	2006
794	2	2	315	0	2005
795	1	1	275	92	2008
796	1	2	270	93	2006
797	1	1	248	89	2009
798	1	0	0	0	0
799	1	1	262	94	2007
800	1	1	293	0	2008
801	1	1	327	0	2008
802	5	2	284	0	2007
803	1	2	332	96	2008
804	1	2	270	0	2008
805	2	2	327	0	2004
806	1	1	0	87	2009
807	1	1	238	91	2009
808	1	1	312	88	2009
809	1	1	255	0	2006
810	1	2	284	0	2007
811	5	2	284	0	0
812	1	0	0	0	0
813	1	2	253	98	2007
814	1	1	320	93	2007
815	2	2	260	97	2005
816	1	1	275	0	2008
817	1	1	249	92	2008
818	1	2	333	0	2007
819	1	1	275	0	2008
820	1	1	243	0	2006
821	1	2	267	86	2008
822	1	1	247	105	2005
823	1	1	253	0	2008
824	1	2	288	105	2008
825	2	1	314	0	2005
826	1	2	246	86	2009
827	1	2	279	0	2008
828	1	2	308	0	2007
829	1	2	260	92	2006
830	2	1	324	94	2005
831	1	2	320	0	2008
832	1	2	279	0	0
833	1	2	331	0	2007
834	2	2	275	97	2004
835	1	1	316	105	2006
836	1	1	312	105	2007
837	1	0	260	0	2006
838	1	1	314	0	2006
839	1	2	249	99	2007
840	1	2	296	92	2008
841	1	2	0	0	2008
842	1	2	260	93	2007
843	1	2	309	86	2009
844	1	2	297	93	2008
845	1	2	327	97	2008
846	2	1	243	0	2005
847	1	2	0	0	2007
848	1	1	323	0	0
849	1	2	248	98	2007
850	1	1	284	0	2006
851	1	2	248	91	2009
852	1	1	238	102	2008
853	1	0	0	0	0
854	1	1	0	0	2009
855	1	1	246	0	2008
856	1	2	267	0	2008
857	1	1	249	0	2005
858	1	1	279	0	2006
859	1	1	267	0	2006
860	1	1	314	92	2007
861	1	2	320	0	2006
862	1	2	316	0	2006
863	1	1	267	87	2009
864	1	1	314	89	2009
865	1	1	333	0	2008
866	1	2	291	0	2006
867	2	1	238	0	2005
868	1	2	0	0	2007
869	1	2	249	0	2008
870	1	1	0	0	0
871	1	1	314	0	2006
872	1	1	249	100	2006
873	2	2	236	0	2004
874	2	2	260	0	2005
875	1	1	314	100	2008
876	1	1	260	87	2009
877	1	1	257	87	2007
878	1	2	314	0	2006
879	1	2	238	0	2008
880	2	1	246	0	2005
881	1	1	287	0	2006
882	1	1	314	0	2007
883	1	2	0	0	2009
884	1	0	0	0	0
885	1	2	249	0	0
886	1	2	311	0	2004
887	1	2	327	0	2008
888	5	1	284	0	2006
889	1	1	247	0	2006
890	4	0	0	0	0
891	1	1	326	0	2006
892	1	2	302	0	2005
893	1	2	284	0	2007
894	1	2	249	93	2006
895	1	1	284	0	2006
896	1	1	316	0	2008
897	1	1	249	105	2006
898	2	1	297	0	2005
899	1	1	306	0	2008
900	3	2	243	93	2005
901	5	1	284	0	2007
902	2	1	316	106	2005
903	1	2	320	0	2005
904	5	2	284	0	2007
905	1	1	0	89	2009
906	1	2	238	0	2008
907	1	1	253	102	2008
908	1	1	308	0	2008
909	1	2	253	0	2006
910	1	2	257	93	2006
911	2	1	332	103	2005
912	1	2	238	0	2007
913	1	1	246	0	2006
914	1	1	238	105	2007
915	1	2	0	0	2009
916	1	1	282	103	2007
917	1	2	279	0	2009
918	1	2	248	86	2009
919	4	1	0	0	0
920	1	1	312	0	2008
921	4	1	282	0	2004
922	1	2	331	94	2006
923	1	1	280	0	0
924	1	2	289	93	2006
925	1	0	0	0	0
926	2	2	249	0	0
927	1	1	327	0	2008
928	1	1	236	91	2009
929	1	2	235	0	2007
930	1	1	314	88	2009
931	1	1	238	0	2008
932	1	2	330	88	2009
933	1	1	247	0	2006
934	1	1	306	100	2007
935	1	1	314	0	2006
936	1	1	249	0	2007
937	2	1	287	0	2005
938	2	0	253	101	2005
939	2	2	327	0	2005
940	1	1	287	101	2008
941	1	1	333	0	2008
942	1	1	316	88	2009
943	2	1	293	0	2005
944	1	1	316	105	2007
945	1	1	243	90	2009
946	1	2	260	0	2007
947	1	1	246	103	2006
948	2	1	252	0	2003
949	1	2	282	93	2007
950	1	1	282	91	2009
951	1	1	316	91	2009
952	1	2	313	0	2006
953	1	2	248	0	2006
954	1	2	249	92	2008
955	1	2	260	0	2009
956	1	2	238	0	2006
957	1	1	238	88	2009
958	1	1	289	89	2008
959	2	1	262	0	2005
960	1	1	314	0	2007
961	1	1	249	106	2008
962	2	1	253	0	2005
963	1	1	278	0	2005
964	1	1	253	0	2007
965	1	2	0	0	2008
966	1	1	249	100	2009
967	1	2	293	0	2006
968	1	1	246	101	2007
969	1	1	278	92	2006
970	1	1	331	0	2007
971	1	2	314	92	2007
972	1	1	275	0	2007
973	1	2	249	91	2007
974	2	1	332	0	2005
975	1	1	311	88	2009
976	1	1	309	90	2009
977	1	2	0	90	2009
978	1	1	243	0	2008
979	1	2	249	0	2006
980	1	1	248	0	2005
981	2	1	314	0	2004
982	1	1	250	105	2007
983	1	1	249	90	2009
984	1	2	314	98	2006
985	1	2	297	92	2008
986	1	1	293	0	2005
987	1	2	249	86	2009
988	2	2	247	98	2005
989	2	2	291	0	2004
990	1	1	333	0	2007
991	1	1	249	0	2006
992	1	1	333	0	2008
993	1	2	0	0	2009
994	1	1	297	91	2009
995	1	1	249	0	2006
996	1	2	330	89	2009
997	1	2	318	0	0
998	1	1	243	0	2006
999	1	1	238	89	2009
1000	1	1	275	102	2008
1001	2	1	284	0	2005
1002	1	1	249	88	2009
1003	2	1	243	0	2005
1004	1	1	249	0	2009
1005	1	1	311	101	2006
1006	1	2	249	90	0
1007	1	1	279	102	2008
1008	1	1	280	0	2006
1009	1	1	308	90	2009
1010	1	1	308	94	2006
1011	1	1	327	88	2009
1012	1	1	243	92	2006
1013	1	1	316	102	2007
1014	1	1	327	93	2007
1015	2	1	257	0	2005
1016	1	1	248	0	2008
1017	1	2	316	0	2008
1018	1	2	327	0	2008
1019	1	2	327	89	2009
1020	1	1	316	0	2008
1021	1	0	302	0	2008
1022	1	2	270	96	2007
1023	1	1	327	89	2009
1024	5	1	253	0	2006
1025	1	1	245	88	2009
1026	1	0	0	0	0
1027	1	1	279	0	2007
1028	1	1	327	93	2006
1029	2	1	285	0	2005
1030	1	2	316	0	2008
1031	1	2	250	0	2009
1032	1	1	277	92	2006
1033	1	1	311	89	2009
1034	1	2	331	93	2007
1035	1	1	0	0	2009
1036	5	1	315	0	2006
1037	2	2	277	0	2005
1038	1	1	0	89	2009
1039	1	1	249	0	2008
1040	2	2	249	0	2005
1041	1	2	331	98	2007
1042	1	2	260	89	2007
1043	1	2	238	0	2008
1044	1	2	249	0	2006
1045	1	2	314	94	2006
1046	1	2	248	0	2008
1047	1	1	238	94	2006
1048	1	2	238	0	2008
1049	1	1	0	105	2008
1050	1	1	332	93	2007
1051	1	1	255	0	2006
1052	1	2	246	87	2009
1053	1	2	277	0	2004
1054	1	1	282	0	2004
1055	1	2	266	0	2008
1056	2	1	332	102	2005
1057	1	1	248	89	2009
1058	2	1	331	0	2005
1059	1	2	314	93	2006
1060	1	2	275	0	2008
1061	1	2	249	89	2009
1062	1	1	279	101	2008
1063	1	2	248	89	2009
1064	2	1	271	0	2004
1065	1	1	249	87	2009
1066	1	1	333	0	2007
1067	1	1	260	0	2007
1068	1	1	249	0	2007
1069	2	1	332	0	2004
1070	1	2	255	0	2005
1071	1	1	0	90	2009
1072	1	2	297	0	2009
1073	1	1	243	0	0
1074	1	2	311	89	2009
1075	1	2	0	0	2008
1076	1	2	0	0	2009
1077	1	2	0	90	2009
1078	2	2	308	0	2004
1079	1	0	244	94	2006
1080	1	1	311	86	2009
1081	2	1	262	0	2004
1082	1	1	250	86	2009
1083	1	2	249	0	2006
1084	1	2	320	0	2007
1085	2	2	275	0	2005
1086	1	1	314	0	2008
1087	1	1	260	103	2007
1088	2	1	277	0	2005
1089	1	2	238	0	2007
1090	1	1	308	0	2006
1091	1	1	243	0	2006
1092	1	1	262	0	2006
1093	1	1	314	0	2008
1094	1	1	253	0	2008
1095	2	2	308	0	2005
1096	1	1	309	105	2006
1097	5	2	284	0	0
1098	1	1	294	0	2004
1099	2	2	318	0	2005
1100	5	2	314	0	2007
1101	1	0	270	98	2007
1102	1	1	289	0	2009
1103	1	1	302	0	2007
1104	1	2	235	0	2010
1105	1	1	247	0	2009
1106	1	2	275	96	2008
1107	1	1	245	0	2005
1108	1	1	314	0	2007
1109	1	2	250	0	2008
1110	1	1	297	0	2006
1111	1	1	279	0	2008
1112	1	2	275	90	2009
1113	5	1	249	0	2006
1114	1	2	266	0	2008
1115	1	1	279	0	2007
1116	1	2	0	88	2009
1117	1	2	316	0	2008
1118	1	2	246	94	2007
1119	1	1	0	101	2007
1120	1	1	308	101	2007
1121	1	1	0	106	2008
1122	1	1	297	92	2008
1123	1	0	248	86	2009
1124	1	1	311	89	2008
1125	1	2	253	0	2007
1126	2	1	285	0	2004
1127	1	1	312	86	2009
1128	1	1	282	104	2006
1129	1	1	316	0	2006
1130	1	1	309	0	2006
1131	5	1	278	0	2006
1132	1	2	275	93	2007
1133	2	2	255	99	2005
1134	1	1	282	95	2005
1135	1	0	0	0	2007
1136	5	2	284	0	2005
1137	1	2	278	99	2008
1138	1	2	293	0	2008
1139	1	1	249	0	2007
1140	2	1	275	106	2005
1141	1	1	310	0	2005
1142	1	1	308	91	2009
1143	1	1	327	0	2008
1144	1	1	278	0	2009
1145	1	1	0	86	2009
1146	1	1	243	0	0
1147	1	1	0	0	2008
1148	1	2	266	0	2008
1149	2	2	332	98	2005
1150	1	1	246	0	2009
1151	1	2	277	0	2005
1152	1	1	287	93	2008
1153	1	1	249	87	2009
1154	1	2	255	0	2006
1155	1	2	310	0	2007
1156	1	1	311	104	2006
1157	1	1	261	86	2009
1158	1	2	311	0	2008
1159	1	2	251	93	2007
1160	1	2	260	88	2009
1161	1	1	327	92	2008
1162	1	1	327	0	2008
1163	1	1	253	0	2008
1164	1	1	238	103	2007
1165	1	1	267	0	2007
1166	5	1	284	0	2008
1167	1	2	238	92	2006
1168	1	1	253	0	2006
1169	1	2	333	0	2008
1170	1	1	0	0	2008
1171	1	1	316	90	2008
1172	1	0	0	0	0
1173	2	2	273	0	2005
1174	1	1	275	88	2009
1175	5	1	284	0	2006
1176	2	2	253	0	2005
1177	1	1	327	0	2009
1178	1	1	316	101	2007
1179	1	2	266	0	2008
1180	1	1	248	91	2009
1181	1	1	238	86	2009
1182	1	1	331	91	0
1183	1	1	304	0	2007
1184	1	1	276	106	2007
1185	1	2	248	0	0
1186	1	2	257	0	2007
1187	2	1	320	0	2004
1188	1	2	257	0	2007
1189	1	1	324	0	2007
1190	2	1	332	103	2005
1191	1	2	266	0	2008
1192	1	1	287	103	2007
1193	1	2	276	86	2008
1194	2	2	248	0	2005
1195	1	1	279	93	2006
1196	1	1	267	0	2008
1197	1	1	275	89	2009
1198	1	1	257	104	2007
1199	1	1	311	105	2008
1200	2	2	260	0	2005
1201	1	2	247	97	2008
1202	2	1	327	0	2005
1203	1	2	278	93	2007
1204	1	2	0	0	0
1205	1	2	287	88	2009
1206	1	1	316	0	2008
1207	1	1	279	0	2007
1208	2	0	0	0	0
1209	1	0	0	0	0
1210	1	1	238	101	0
1211	1	2	248	0	2009
1212	1	1	275	0	2007
1213	1	1	260	105	2008
1214	1	1	275	91	2009
1215	1	1	320	94	2006
1216	1	2	0	0	2009
1217	1	2	294	94	2007
1218	1	2	289	0	2006
1219	1	1	279	90	2009
1220	1	2	275	0	2006
1221	1	2	243	0	2006
1222	2	2	324	0	2004
1223	1	0	0	0	0
1224	1	2	316	0	2007
1225	1	2	249	90	2009
1226	1	0	0	0	0
1227	1	1	0	0	2008
1228	1	2	314	0	2007
1229	1	2	262	0	2004
1230	1	2	238	0	2007
1231	5	1	262	0	2005
1232	1	2	0	86	2009
1233	1	1	308	86	2009
1234	2	1	282	102	2005
1235	1	2	248	86	2009
1236	2	1	279	0	2005
1237	1	1	309	91	2007
1238	3	1	265	0	0
1239	5	1	284	0	2006
1240	2	1	265	0	2004
1241	1	1	250	0	2008
1242	1	1	314	0	2007
1243	2	2	320	0	2004
1244	1	2	246	96	2008
1245	1	1	331	0	2008
1246	1	2	311	96	2008
1247	1	1	314	0	2009
1248	1	2	0	0	2009
1249	1	2	279	0	2008
1250	3	2	246	0	0
1251	2	2	0	0	2004
1252	1	1	308	105	2007
1253	1	1	246	0	2008
1254	1	0	0	0	0
1255	1	1	285	100	2006
1256	1	1	238	90	2009
1257	1	1	281	0	2006
1258	5	1	284	0	2008
1259	5	1	314	0	0
1260	1	2	275	98	2006
1261	1	1	282	88	2009
1262	1	2	249	92	2008
1263	1	1	331	0	2006
1264	1	2	249	0	2009
1265	1	2	243	93	2007
1266	1	2	327	99	2007
1267	1	1	257	86	2008
1268	1	2	249	0	2004
1269	1	1	253	101	2006
1270	2	0	0	0	0
1271	1	2	270	0	0
1272	1	2	334	0	2005
1273	2	1	308	0	2002
1274	1	1	275	0	2006
1275	5	2	289	0	2005
1276	1	1	238	0	2008
1277	5	1	284	0	2006
1278	2	2	279	98	2004
1279	1	1	253	0	2007
1280	1	1	285	92	2008
1281	2	1	265	102	2005
1282	1	2	275	96	2008
1283	1	1	314	0	2006
1284	2	1	277	0	2005
1285	5	2	284	0	2006
1286	1	2	260	0	2007
1287	1	1	278	0	0
1288	1	2	285	97	2006
1289	2	1	257	0	2005
1290	5	2	273	0	2008
1291	1	2	0	0	2009
1292	1	1	235	0	2006
1293	1	2	248	0	2008
1294	1	2	238	0	2007
1295	1	2	249	92	2007
1296	1	1	299	89	2009
1297	1	2	260	91	2009
1298	1	2	248	87	2009
1299	5	2	252	0	2006
1300	1	1	314	0	2006
1301	1	0	0	0	0
1302	2	1	331	0	2005
1303	1	1	326	0	2007
1304	1	1	316	86	2009
1305	1	2	332	0	2006
1306	2	2	249	98	2005
1307	1	1	249	106	2008
1308	1	1	246	0	2006
1309	1	2	238	0	0
1310	2	1	331	94	2005
1311	1	2	266	0	2008
1312	5	2	320	0	2006
1313	1	1	289	88	2009
1314	2	2	245	0	2005
1315	1	1	260	86	2009
1316	1	1	291	93	2008
1317	1	2	304	98	2006
1318	1	2	0	87	2008
1319	1	1	316	0	2008
1320	1	2	249	98	2005
1321	1	2	260	0	2006
1322	1	1	0	0	2009
1323	1	2	248	0	2006
1324	1	1	273	0	2007
1325	2	1	299	100	2005
1326	2	1	301	0	2004
1327	2	1	314	0	2003
1328	1	1	246	90	2009
1329	1	1	250	89	2009
1330	1	0	279	100	2006
1331	1	1	282	0	2006
1332	1	2	331	92	2005
1333	1	2	331	92	2008
1334	1	0	0	0	0
1335	2	1	238	0	2004
1336	1	2	275	0	2006
1337	1	1	314	0	2007
1338	1	2	278	0	2006
1339	1	2	320	0	2005
1340	1	1	253	0	2009
1341	1	1	248	104	2008
1342	1	0	246	92	2006
1343	1	1	293	86	2009
1344	2	1	260	94	2004
1345	1	2	251	91	2009
1346	1	2	266	0	2008
1347	4	0	0	0	0
1348	1	2	279	0	2007
1349	1	1	314	90	2009
1350	1	0	279	0	2008
1351	2	2	275	0	2005
1352	1	1	279	0	2005
1353	1	1	282	93	2006
1354	1	1	243	0	2008
1355	2	1	293	100	2005
1356	1	2	249	0	2006
1357	5	2	284	0	0
1358	1	1	326	95	2006
1359	1	2	297	89	2009
1360	1	0	246	0	0
1361	1	1	248	86	2009
1362	1	2	248	86	2009
1363	1	2	244	97	2006
1364	1	2	273	0	2008
1365	1	2	248	0	2006
1366	2	2	332	94	2004
1367	1	1	257	0	2006
1368	1	2	249	90	2009
1369	2	1	245	102	2005
1370	2	2	332	0	2004
1371	1	2	275	89	2009
1372	1	1	316	0	2005
1373	1	2	275	87	2009
1374	1	1	314	103	2007
1375	1	1	316	0	2008
1376	1	1	270	0	2007
1377	1	2	275	0	2006
1378	1	2	249	86	2009
1379	1	2	320	0	2007
1380	1	1	270	92	2008
1381	1	1	238	86	2009
1382	5	1	249	0	2007
1383	1	2	238	92	2008
1384	1	1	332	0	2006
1385	2	2	275	0	2005
1386	2	1	257	0	2004
1387	1	1	0	0	2008
1388	1	1	326	102	2005
1389	3	2	284	0	0
1390	1	1	0	92	0
1391	2	2	312	92	2005
1392	2	1	314	0	2005
1393	1	1	314	0	2008
1394	1	1	238	104	2006
1395	1	1	327	0	2005
1396	2	2	249	0	2004
1397	2	1	265	0	2005
1398	1	1	327	0	2005
1399	1	1	331	93	2006
1400	1	1	285	92	2008
1401	2	1	236	0	2005
1402	1	1	275	0	2008
1403	1	1	249	0	2008
1404	1	1	312	104	2007
1405	1	2	249	0	2007
1406	1	2	246	86	2009
1407	1	1	238	0	2006
1408	2	1	282	0	2005
1409	2	2	249	0	2004
1410	1	1	327	92	2008
1411	1	2	311	96	2008
1412	1	1	0	0	2008
1413	1	1	238	0	2006
1414	1	1	314	0	2008
1415	1	1	235	0	2006
1416	1	1	273	0	2007
1417	5	1	284	0	2007
1418	4	2	320	0	0
1419	1	2	246	0	2007
1420	2	1	332	105	2005
1421	2	1	316	0	2003
1422	1	2	0	0	2009
1423	1	2	314	93	2006
1424	1	2	249	0	2007
1425	1	2	312	91	2009
1426	1	1	248	93	2007
1427	1	2	0	0	2009
1428	1	1	285	0	2008
1429	1	1	275	0	2009
1430	2	2	333	0	2005
1431	1	1	316	0	0
1432	1	1	277	96	2007
1433	1	1	308	88	2009
1434	1	1	287	104	2008
1435	1	1	249	100	2008
1436	1	1	314	106	2007
1437	5	2	284	0	2007
1438	1	2	311	89	2009
1439	5	2	284	0	2005
1440	1	2	236	91	2009
1441	1	2	235	0	2008
1442	1	2	275	86	2009
1443	2	2	249	0	2005
1444	1	1	243	0	2009
1445	5	1	278	94	2005
1446	1	1	0	0	2008
1447	1	2	332	0	2007
1448	1	2	238	0	2006
1449	2	2	282	0	2004
1450	5	2	284	0	2006
1451	2	1	246	0	1999
1452	1	2	260	0	2008
1453	1	1	275	0	0
1454	1	2	310	99	2006
1455	5	0	0	0	0
1456	1	1	333	88	2009
1457	2	2	238	0	2005
1458	2	0	267	0	2005
1459	2	2	311	96	2005
1460	1	1	236	92	2008
1461	1	2	275	0	2007
1462	1	1	0	0	2009
1463	1	1	316	87	2009
1464	1	1	314	0	2008
1465	1	1	327	0	2009
1466	1	2	246	92	2008
1467	1	2	275	0	2009
1468	2	2	332	0	2004
1469	2	1	282	0	2003
1470	1	1	0	0	2009
1471	1	1	261	0	2006
1472	1	2	275	0	2009
1473	1	2	260	0	2008
1474	1	2	285	0	2006
1475	1	1	0	88	2009
1476	1	1	314	86	2009
1477	1	2	273	98	2008
1478	1	1	309	103	2007
1479	5	2	334	0	0
1480	1	1	309	0	2006
1481	1	1	249	101	2008
1482	1	2	0	0	0
1483	1	2	310	0	0
1484	1	2	284	0	2005
1485	1	2	249	0	2008
1486	1	2	273	0	2006
1487	5	1	0	0	2005
1488	1	1	246	93	2006
1489	1	1	246	93	2006
1490	2	2	265	94	2005
1491	1	2	249	0	2008
1492	3	2	293	0	0
1493	2	1	282	0	2005
1494	1	2	249	89	2007
1495	1	1	275	0	2004
1496	5	2	315	0	2006
1497	1	1	265	0	2007
1498	1	2	238	0	2006
1499	1	1	327	94	2006
1500	1	1	235	0	2008
1501	2	2	314	0	2005
1502	1	1	267	94	2007
1503	1	1	302	0	2008
1504	1	2	0	0	2007
1505	1	1	246	0	2007
1506	2	1	275	0	2005
1507	1	1	316	100	2006
1508	1	1	311	86	2009
1509	1	2	260	0	2006
1510	5	2	273	0	0
1511	5	2	284	0	2007
1512	2	2	0	0	0
1513	1	2	312	0	2009
1514	1	2	0	0	2009
1515	1	2	312	0	2008
1516	1	1	243	0	2008
1517	1	1	285	0	2008
1518	1	1	282	0	2009
1519	1	2	238	0	2007
1520	1	2	249	0	2008
1521	1	2	334	0	2008
1522	1	1	253	0	2009
1523	1	1	282	0	2009
1524	2	2	249	0	2005
1525	2	1	314	0	2005
1526	1	1	316	0	2007
1527	1	1	238	0	2006
1528	2	1	316	0	2004
1529	1	2	0	0	2009
1530	1	1	253	0	2008
1531	1	1	257	0	2009
1532	1	1	246	0	2008
1533	1	1	312	89	2009
1534	2	2	308	0	2005
1535	5	1	252	0	0
1536	1	0	327	94	2006
1537	1	1	308	0	2006
1538	1	1	278	0	2008
1539	1	2	297	91	2009
1540	1	2	327	91	2009
1541	1	1	311	101	2006
1542	1	1	246	0	2007
1543	1	1	332	91	2006
1544	1	2	260	0	2006
1545	1	2	250	0	2009
1546	1	2	308	86	2008
1547	1	1	248	0	2009
1548	1	1	331	0	2006
1549	1	1	266	88	2009
1550	1	2	284	0	2007
1551	1	1	0	104	2007
1552	1	1	248	87	2009
1553	1	1	285	0	2008
1554	1	2	308	91	2009
1555	5	1	284	0	2007
1556	1	2	249	99	2008
1557	2	1	320	0	0
1558	1	2	331	99	2007
1559	1	2	275	0	2008
1560	1	1	247	0	2009
1561	1	0	0	0	0
1562	2	0	314	101	2004
1563	5	1	284	0	0
1564	2	2	332	0	2005
1565	1	1	327	0	2008
1566	2	2	284	0	2004
1567	1	0	260	0	2006
1568	1	1	308	105	2006
1569	1	2	235	0	2009
1570	1	1	280	0	2008
1571	3	1	244	88	1979
1572	1	1	262	92	2007
1573	1	2	327	0	2006
1574	1	1	267	93	2007
1575	1	1	309	105	2007
1576	1	2	316	91	2007
1577	1	1	331	87	2008
1578	1	1	314	104	2006
1579	1	1	289	93	2006
1580	1	2	312	0	2005
1581	1	2	249	0	2007
1582	1	1	308	101	2007
1583	1	1	314	91	2009
1584	1	1	331	106	2007
1585	1	1	249	88	2009
1586	1	2	266	94	2007
1587	1	1	273	90	2009
1588	1	1	238	0	2008
1589	1	0	0	0	0
1590	1	2	260	0	2005
1591	1	1	248	0	2009
1592	1	1	0	0	2009
1593	2	2	250	0	2005
1594	1	1	0	0	2007
1595	1	1	249	94	2007
1596	1	2	248	94	2007
1597	1	1	273	92	2007
1598	1	2	327	92	2008
1599	4	2	249	0	2005
1600	2	1	267	105	2005
1601	1	2	275	96	2008
1602	5	1	248	0	2007
1603	2	2	270	0	2004
1604	1	1	246	0	2008
1605	2	2	249	0	2005
1606	1	1	332	104	2006
1607	1	1	0	0	2008
1608	1	1	238	0	2006
1609	1	2	314	88	2007
1610	1	2	311	0	2006
1611	1	1	257	0	2006
1612	1	1	243	0	2006
1613	1	2	249	94	2007
1614	1	1	0	101	2008
1615	1	2	275	0	2007
1616	1	2	311	0	2005
1617	1	2	311	0	2009
1618	1	1	273	0	2006
1619	1	1	293	86	2009
1620	1	1	246	87	2009
1621	1	2	266	0	2008
1622	1	1	314	0	2005
1623	1	2	275	95	2006
1624	1	1	299	0	2006
1625	1	1	238	0	2007
1626	1	1	275	87	2009
1627	1	1	238	0	2005
1628	5	2	284	0	0
1629	1	1	312	92	2007
1630	1	1	249	93	2007
1631	1	1	279	0	2007
1632	2	1	285	0	2004
1633	1	1	253	101	2007
1634	1	1	249	0	2006
1635	1	2	314	97	2006
1636	4	1	324	106	2005
1637	1	1	327	92	2008
1638	1	1	0	0	0
1639	1	2	253	0	2007
1640	1	2	250	93	2006
1641	2	2	249	98	2005
1642	2	2	0	98	2005
1643	4	2	264	0	0
1644	1	1	314	0	2006
1645	1	2	250	0	2007
1646	1	1	289	0	2006
1647	1	2	246	94	2008
1648	1	2	249	93	2007
1649	2	2	249	0	0
1650	2	1	275	101	2005
1651	1	1	0	106	2008
1652	1	1	316	0	2006
1653	1	2	0	0	2008
1654	1	1	238	89	2009
1655	1	2	249	86	2009
1656	1	1	247	94	2007
1657	1	1	316	0	2008
1658	1	2	266	0	2006
1659	1	0	0	0	0
1660	2	0	0	0	0
1661	1	2	253	0	2005
1662	1	1	334	0	0
1663	2	2	238	0	2005
1664	1	1	308	92	2007
1665	1	1	316	102	2008
1666	2	1	324	0	2005
1667	1	1	282	105	2006
1668	1	2	314	0	2005
1669	1	2	321	0	2006
1670	2	2	327	0	2005
1671	1	1	282	0	2009
1672	2	0	0	0	2005
1673	1	1	249	0	2006
1674	1	1	282	0	2006
1675	2	1	0	0	0
1676	2	1	316	0	2003
1677	1	1	316	104	2006
1678	1	1	278	94	2007
1679	1	1	311	105	2008
1680	1	1	243	0	2007
1681	1	2	249	0	2009
1682	1	0	0	0	0
1683	2	1	302	105	2005
1684	1	1	0	86	2009
1685	1	1	236	96	2008
1686	1	1	314	0	2006
1687	1	1	312	105	0
1688	1	1	257	0	2006
1689	1	2	314	0	2005
1690	1	1	266	0	2008
1691	1	1	236	92	2008
1692	1	0	327	93	0
1693	1	1	247	89	2009
1694	1	0	0	0	0
1695	1	1	249	0	2006
1696	1	2	275	98	2008
1697	1	1	308	0	2006
1698	1	2	327	98	2006
1699	1	1	249	0	2008
1700	1	1	0	88	2009
1701	1	1	249	0	2007
1702	1	2	238	0	2007
1703	1	1	262	93	2006
1704	1	1	282	90	2009
1705	1	2	327	0	2006
1706	1	2	331	93	2007
1707	2	2	261	0	2005
1708	1	1	248	90	2008
1709	1	2	275	98	2007
1710	1	1	275	100	2006
1711	2	1	243	0	2004
1712	2	1	249	0	2005
1713	1	2	267	0	2006
1714	5	1	284	0	2007
1715	2	2	275	0	2005
1716	1	1	326	105	2006
1717	1	1	316	101	2007
1718	2	1	314	103	2005
1719	1	2	314	0	2008
1720	1	1	314	93	2006
1721	1	2	255	0	2006
1722	1	1	282	89	2009
1723	1	2	312	92	2006
1724	1	1	314	0	2007
1725	1	2	266	0	2008
1726	1	2	320	0	2005
1727	1	1	279	0	2007
1728	1	1	238	0	2008
1729	1	2	250	0	2005
1730	1	1	299	0	2007
1731	1	1	327	100	2008
1732	2	1	314	0	2005
1733	1	2	257	92	2008
1734	1	1	249	92	2008
1735	2	2	249	0	2005
1736	1	1	314	105	2007
1737	2	0	0	0	0
1738	1	2	0	0	2008
1739	1	2	320	0	2009
1740	1	1	245	0	2009
1741	1	2	249	86	2009
1742	1	1	0	94	2008
1743	1	2	311	87	2009
1744	1	0	0	0	0
1745	1	1	316	0	2007
1746	2	2	309	0	2004
1747	1	1	243	0	2005
1748	1	1	311	105	2006
1749	2	2	308	0	2005
1750	1	2	289	0	2010
1751	1	0	0	105	2008
1752	1	2	331	0	0
1753	1	1	250	90	2009
1754	1	2	294	0	2007
1755	1	2	250	90	2009
1756	1	0	0	0	0
1757	2	2	308	97	2005
1758	2	2	314	0	2005
1759	1	1	331	93	2006
1760	1	2	248	86	2009
1761	1	1	257	0	2008
1762	1	2	309	0	2007
1763	2	2	249	0	2005
1764	1	1	257	0	2008
1765	1	1	285	0	2008
1766	1	2	277	0	2007
1767	1	1	0	0	2009
1768	1	1	285	0	2007
1769	1	2	266	0	2008
1770	1	2	248	92	2008
1771	1	1	275	94	2006
1772	1	1	279	104	2006
1773	1	1	325	92	2007
1774	1	1	316	0	2006
1775	1	2	239	0	2007
1776	2	1	314	0	2005
1777	2	1	279	0	2005
1778	5	2	320	97	2006
1779	1	1	309	92	0
1780	1	2	332	0	2007
1781	2	1	249	106	2004
1782	1	1	314	106	2008
1783	2	1	246	0	2004
1784	1	2	275	0	2007
1785	1	2	318	93	2008
1786	1	2	249	0	2006
1787	1	0	0	0	2006
1788	1	1	250	0	0
1789	1	1	278	106	0
1790	1	2	266	0	2008
1791	2	1	275	0	2005
1792	1	1	238	104	2008
1793	2	1	282	0	2005
1794	1	2	267	0	2006
1795	2	1	314	0	0
1796	1	2	257	94	2006
1797	1	1	235	103	2007
1798	1	1	0	91	2009
1799	1	2	238	0	2008
1800	1	2	0	0	2007
1801	1	2	0	87	2009
1802	1	2	0	87	2009
1803	1	2	250	0	2009
1804	2	1	314	0	2004
1805	1	1	314	0	2006
1806	1	2	248	0	0
1807	1	1	253	89	2009
1808	2	1	278	0	2005
1809	1	2	0	89	2009
1810	1	1	331	0	0
1811	1	1	320	93	2007
1812	1	1	253	0	2007
1813	1	2	312	0	2009
1814	1	2	308	0	2006
1815	1	0	0	0	0
1816	2	2	267	0	2005
1817	2	1	267	0	2005
1818	1	2	311	88	2009
1819	1	2	260	92	2007
1820	1	2	275	0	2008
1821	1	1	0	106	2007
1822	3	2	253	0	0
1823	1	1	248	0	2008
1824	1	2	309	0	2006
1825	1	0	0	0	0
1826	1	2	279	0	2006
1827	1	1	0	105	2008
1828	1	2	314	93	2007
1829	1	1	314	94	2006
1830	1	0	0	0	0
1831	1	2	249	91	2009
1832	1	2	251	90	2009
1833	1	2	249	94	0
1834	1	1	246	90	2009
1835	2	1	279	0	2005
1836	1	1	249	0	2006
1837	1	1	327	86	2009
1838	1	2	311	88	2009
1839	1	2	0	0	0
1840	1	1	243	100	2007
1841	1	1	246	0	2009
1842	5	0	284	0	0
1843	1	1	333	105	2008
1844	1	1	261	0	2007
1845	1	1	314	0	2006
1846	2	1	316	102	2005
1847	2	2	249	0	2004
1848	1	2	266	89	2009
1849	1	1	273	0	2006
1850	1	1	0	0	0
1851	1	1	249	87	2009
1852	2	1	0	0	2005
1853	1	1	251	92	2007
1854	1	1	312	93	2007
1855	1	0	0	0	0
1856	1	1	249	91	2009
1857	2	1	282	104	2005
1858	1	1	285	106	2007
1859	1	2	308	0	2006
1860	1	1	285	101	2006
1861	2	1	308	0	2005
1862	2	2	260	0	2004
1863	1	2	243	0	0
1864	2	2	267	0	2005
1865	1	1	314	0	2007
1866	2	1	308	0	2005
1867	1	2	277	0	2006
1868	5	2	284	0	2007
1869	1	1	0	0	2008
1870	2	1	0	106	2004
1871	1	1	275	0	2007
1872	1	2	249	0	2007
1873	1	1	316	0	2007
1874	2	1	238	0	2004
1875	1	1	249	0	2006
1876	2	2	284	0	2005
1877	1	2	249	86	2008
1878	2	2	279	0	2005
1879	1	1	238	0	2007
1880	1	2	235	92	2008
1881	1	1	238	89	2009
1882	1	2	0	0	2009
1883	1	2	0	0	2006
1884	1	2	260	95	2008
1885	2	1	249	101	2005
1886	2	1	243	100	2005
1887	1	2	255	92	2008
1888	1	2	249	89	2008
1889	1	1	289	92	2007
1890	1	2	235	96	2008
1891	1	1	245	100	2006
1892	1	2	266	0	2008
1893	1	1	331	94	2006
1894	1	0	311	0	0
1895	1	2	275	0	2007
1896	1	1	308	101	2006
1897	1	1	333	94	2006
1898	1	1	238	0	2005
1899	1	1	279	0	2008
1900	1	2	275	99	2006
1901	1	1	331	101	2006
1902	1	1	238	101	2006
1903	2	1	249	0	2005
1904	1	1	314	0	2006
1905	1	1	0	0	2007
1906	1	2	249	0	2009
1907	1	1	297	86	2007
1908	1	1	282	0	2008
1909	2	1	282	103	2005
1910	1	2	266	0	2008
1911	1	1	316	90	2009
1912	1	2	312	89	2009
1913	2	1	267	105	2004
1914	1	2	238	0	2007
1915	5	2	284	0	2007
1916	1	1	238	0	2008
1917	1	1	279	93	2008
1918	1	2	257	0	2006
1919	1	2	238	0	2006
1920	1	1	271	0	2007
1921	1	1	285	0	2008
1922	2	1	282	0	2005
1923	1	1	275	87	2009
1924	2	1	308	102	2005
1925	1	2	248	87	2009
1926	1	1	249	88	2009
1927	1	1	325	101	2007
1928	1	1	318	105	2007
1929	1	2	284	0	2006
1930	1	1	0	0	2009
1931	1	2	275	94	2006
1932	2	2	308	0	2005
1933	1	1	277	93	2006
1934	1	2	279	94	2007
1935	1	1	308	105	2007
1936	1	1	262	88	2008
1937	1	1	299	0	2008
1938	5	2	284	0	2007
1939	6	2	334	0	2010
1940	1	2	316	90	2009
1941	1	2	327	99	2008
1942	1	1	314	92	2006
1943	1	1	279	0	2008
1944	1	1	248	86	2009
1945	1	1	245	0	2006
1946	1	1	314	0	2009
1947	1	1	245	105	2007
1948	2	2	309	0	2004
1949	1	2	285	92	2004
1950	1	2	312	98	2006
1951	1	1	275	0	2006
1952	1	2	238	0	2006
1953	1	1	275	0	2005
1954	1	2	289	0	2006
1955	1	2	327	90	2009
1956	1	1	275	0	2005
1957	1	1	282	0	2008
1958	2	1	0	0	2002
1959	1	2	249	0	2008
1960	1	1	238	91	2009
1961	1	1	314	86	2008
1962	1	1	253	0	2008
1963	1	1	265	0	2006
1964	1	1	0	88	2009
1965	1	1	331	0	2006
1966	1	1	253	104	2008
1967	1	2	275	93	2007
1968	1	1	316	102	2008
1969	1	2	327	0	2009
1970	1	1	317	0	2008
1971	1	1	238	93	2006
1972	2	1	277	101	2005
1973	1	2	236	90	2009
1974	1	2	267	0	2006
1975	1	1	327	93	2007
1976	1	2	327	86	2009
1977	1	2	331	0	2008
1978	1	1	0	86	2009
1979	1	0	238	0	2006
1980	1	1	314	88	2009
1981	1	1	316	101	2006
1982	1	2	239	0	2008
1983	1	1	246	0	2008
1984	1	2	304	91	2006
1985	1	2	316	97	2006
1986	1	1	311	0	2008
1987	1	1	253	0	2006
1988	1	1	314	90	2009
1989	1	2	235	0	2007
1990	2	2	274	0	2005
1991	2	1	314	0	2005
1992	2	1	238	101	2005
1993	1	1	238	0	2006
1994	1	2	270	94	2006
1995	2	1	332	0	2004
1996	1	1	247	89	2009
1997	5	2	262	0	2005
1998	1	1	235	0	2007
1999	1	2	275	88	2009
2000	1	2	275	0	2006
2001	1	1	285	91	2009
2002	1	2	312	0	2006
2003	1	1	293	0	2008
2004	1	2	285	0	2006
2005	2	2	308	0	2005
2006	1	1	316	0	2007
2007	2	1	333	88	2005
2008	1	2	249	0	2008
2009	1	2	248	0	2008
2010	5	1	315	0	2005
2011	1	1	314	100	2006
2012	1	2	312	86	2009
2013	1	0	327	0	2008
2014	5	1	284	0	0
2015	1	1	246	0	2006
2016	2	2	249	99	2004
2017	1	0	282	98	0
2018	1	2	311	0	2007
2019	1	2	0	0	0
2020	2	1	250	106	2005
2021	1	1	331	0	2008
2022	1	1	253	0	2009
2023	1	1	316	87	2009
2024	1	1	279	0	2008
2025	1	1	253	0	2009
2026	2	2	327	0	2005
2027	5	1	284	0	2009
2028	1	1	238	0	2006
2029	1	2	238	93	2008
2030	1	2	293	0	2007
2031	1	1	278	0	2009
2032	4	2	320	0	2000
2033	1	1	311	90	2009
2034	1	2	248	0	2009
2035	1	2	248	0	2008
2036	1	1	331	0	2007
2037	2	1	260	0	2005
2038	1	2	275	94	2005
2039	1	2	0	90	2009
2040	1	2	275	0	2005
2041	2	1	302	105	2005
2042	5	2	315	0	2006
2043	1	1	327	0	2008
2044	2	1	314	103	2005
2045	1	1	238	0	2006
2046	1	1	0	0	2008
2047	1	1	327	0	2005
2048	1	1	282	87	2009
2049	1	1	267	93	2006
2050	1	1	312	87	2009
2051	1	2	312	91	2009
2052	1	1	333	100	2006
2053	2	1	247	0	2005
2054	2	1	0	101	2004
2055	1	1	249	0	2007
2056	1	1	294	0	2007
2057	2	2	239	0	2004
2058	2	1	327	0	2003
2059	1	1	333	87	2009
2060	5	2	315	0	2006
2061	1	2	297	92	2007
2062	1	1	332	0	2005
2063	5	2	284	0	2007
2064	1	1	299	92	2009
2065	1	2	312	0	2008
2066	1	1	314	0	2006
2067	2	2	332	0	2005
2068	1	1	279	0	2007
2069	1	1	314	100	2007
2070	1	1	314	0	2006
2071	1	1	238	0	2007
2072	5	1	284	0	2007
2073	5	1	316	0	2006
2074	1	1	238	93	2007
2075	1	1	249	92	2007
2076	2	2	0	0	2005
2077	2	1	275	0	2005
2078	1	2	249	0	2008
2079	1	1	0	0	2008
2080	1	1	247	0	2007
2081	1	2	330	0	2007
2082	1	1	249	88	2009
2083	1	1	314	0	2006
2084	2	2	332	0	2005
2085	2	2	249	0	2005
2086	1	2	245	0	2009
2087	1	1	0	100	2008
2088	1	2	249	0	2006
2089	1	2	333	92	2008
2090	1	1	330	104	2007
2091	1	1	282	104	2006
2092	1	2	251	0	2008
2093	1	2	0	0	2008
2094	1	1	249	0	2006
2095	1	1	277	91	2009
2096	1	2	236	93	2007
2097	1	1	314	0	2009
2098	1	2	275	93	2006
2099	2	2	325	0	2005
2100	1	2	248	0	2008
2101	1	1	320	0	2006
2102	1	1	331	0	2006
2103	1	1	271	0	2006
2104	2	2	249	98	2005
2105	1	2	283	0	2006
2106	1	1	293	88	2009
2107	1	1	280	0	2009
2108	1	2	249	0	2009
2109	1	1	238	0	2006
2110	1	2	249	0	2006
2111	1	2	249	86	2009
2112	1	1	275	101	2007
2113	1	2	273	0	2006
2114	1	2	267	89	2009
2115	1	2	246	89	2009
2116	1	2	332	0	2007
2117	5	1	314	103	0
2118	1	2	236	90	2009
2119	1	1	314	0	2007
2120	1	2	275	96	2008
2121	1	2	275	0	2006
2122	2	2	279	0	2005
2123	1	1	316	106	2008
2124	1	1	326	0	2006
2125	1	1	279	87	2009
2126	4	1	0	0	0
2127	1	2	251	0	2006
2128	1	2	238	0	2006
2129	1	2	327	89	2009
2130	1	2	249	0	2006
2131	1	2	308	0	2006
2132	1	1	314	0	2008
2133	1	1	253	0	2006
2134	1	1	282	0	2006
2135	1	1	275	0	2008
2136	1	2	249	0	2008
2137	1	1	248	86	2009
2138	1	2	248	87	2008
2139	1	2	311	88	2009
2140	1	2	273	98	2008
2141	1	2	248	0	2008
2142	1	0	0	0	0
2143	1	1	280	93	2007
2144	1	1	267	87	2009
2145	2	1	314	0	2004
2146	1	1	314	0	2006
2147	1	1	308	106	2006
2148	1	2	320	0	2007
2149	1	2	312	94	2006
2150	2	1	265	101	2005
2151	1	2	259	0	2008
2152	1	2	249	0	2006
2153	1	1	260	0	2006
2154	2	1	249	100	2004
2155	2	1	316	106	2004
2156	1	2	267	86	2008
2157	1	1	271	104	2006
2158	1	2	270	94	2006
2159	2	2	262	0	2004
2160	3	2	260	0	2005
2161	1	1	312	86	2009
2162	1	1	314	0	2008
2163	1	2	238	0	2008
2164	1	1	294	0	0
2165	1	1	324	0	2007
2166	1	1	245	90	2009
2167	1	1	257	101	0
2168	1	1	314	0	2008
2169	1	1	0	86	2009
2170	1	2	273	88	2009
2171	1	2	238	93	2007
2172	1	1	275	0	2006
2173	2	0	0	0	0
2174	1	1	284	0	2006
2175	1	2	312	86	2009
2176	1	1	316	0	2006
2177	5	1	284	0	2005
2178	1	1	308	105	2008
2179	2	1	316	106	2005
2180	1	1	245	0	2008
2181	1	1	0	0	2006
2182	1	1	279	0	2007
2183	2	1	314	0	2005
2184	4	2	318	99	2008
2185	1	2	331	88	2009
2186	1	1	277	0	2006
2187	2	1	238	0	2005
2188	1	2	275	98	2006
2189	1	2	255	93	2008
2190	1	2	270	0	2007
2191	1	1	248	0	2007
2192	1	1	247	101	2006
2193	1	1	333	87	2009
2194	1	0	0	0	0
2195	1	1	310	92	0
2196	1	2	235	0	2006
2197	1	1	314	0	2007
2198	1	1	279	0	2008
2199	1	1	293	89	2009
2200	2	1	238	0	2005
2201	1	1	265	106	2006
2202	1	1	253	86	2009
2203	1	1	0	88	2009
2204	1	1	246	102	2007
2205	1	2	314	90	2009
2206	1	2	249	0	2007
2207	1	2	255	0	2007
2208	1	2	260	98	2005
2209	1	2	248	88	2009
2210	1	2	250	93	2007
2211	1	2	279	94	2006
2212	1	1	0	0	0
2213	1	2	260	0	2006
2214	2	2	249	0	2005
2215	1	1	314	100	2008
2216	2	1	282	0	2005
2217	1	1	309	0	0
2218	1	2	282	92	2008
2219	1	1	0	0	0
2220	1	1	316	102	2006
2221	2	1	279	0	2005
2222	1	1	238	0	2006
2223	1	1	279	92	2008
2224	2	1	274	95	2005
2225	1	1	248	88	2009
2226	1	1	287	104	2007
2227	1	0	0	0	0
2228	1	2	275	98	2005
2229	1	2	294	99	2008
2230	1	1	242	87	2009
2231	1	0	299	0	2006
2232	2	1	316	105	2005
2233	2	2	246	0	2004
2234	1	1	314	94	2007
2235	1	2	332	91	2009
2236	1	2	260	93	2006
2237	1	2	310	87	2008
2238	1	1	265	0	2007
2239	1	0	0	0	0
2240	1	1	325	92	2007
2241	2	1	331	101	2005
2242	1	1	316	91	2009
2243	1	2	238	89	2007
2244	1	1	327	92	2006
2245	1	1	249	94	2008
2246	1	1	309	102	2008
2247	1	2	311	94	2006
2248	2	2	320	0	2005
2249	1	1	277	102	2006
2250	2	1	314	105	2005
2251	1	1	299	87	2009
2252	1	1	265	0	2008
2253	1	1	291	0	2006
2254	1	1	278	0	2008
2255	5	1	284	0	2006
2256	1	2	327	86	2009
2257	1	1	270	0	2006
2258	2	1	249	106	2004
2259	1	2	236	90	2009
2260	1	1	253	92	2007
2261	1	1	0	90	2009
2262	1	2	308	0	2005
2263	1	1	265	0	2007
2264	5	2	273	0	0
2265	1	2	324	93	2006
2266	1	0	314	0	2008
2267	1	2	246	0	2006
2268	1	2	327	0	2009
2269	1	2	327	98	2006
2270	1	2	249	87	2009
2271	1	1	314	104	2006
2272	1	1	246	91	2009
2273	1	2	249	0	2009
2274	1	1	312	100	2008
2275	1	1	248	91	2009
2276	2	1	309	0	2005
2277	1	1	324	102	2005
2278	1	1	0	87	2009
2279	1	0	278	104	0
2280	1	1	0	106	2007
2281	1	1	260	0	2006
2282	1	2	273	0	2007
2283	5	1	253	0	0
2284	2	0	279	0	2005
2285	1	1	249	95	2006
2286	1	0	0	0	2006
2287	5	1	284	0	2008
2288	2	1	320	0	2005
2289	1	2	246	0	2008
2290	1	1	325	0	2006
2291	2	1	253	0	2004
2292	1	1	309	92	2008
2293	1	1	316	105	2008
2294	1	2	334	93	2005
2295	2	1	308	0	2005
2296	1	2	236	0	2008
2297	1	2	332	92	2008
2298	2	2	260	0	2002
2299	1	1	327	90	2009
2300	1	1	276	0	2007
2301	1	1	253	0	2008
2302	1	1	253	0	2006
2303	1	2	311	97	2007
2304	1	1	324	0	2008
2305	1	1	257	90	2009
2306	1	1	249	100	2006
2307	1	2	304	0	2009
2308	2	1	246	106	2005
2309	1	1	331	0	0
2310	1	2	308	0	2007
2311	1	2	0	0	2009
2312	1	1	235	90	2009
2313	1	2	260	0	2007
2314	1	2	238	0	2007
2315	2	1	316	105	2004
2316	1	1	299	105	2007
2317	1	1	314	105	2006
2318	1	1	247	0	2008
2319	2	1	236	0	2005
2320	1	2	0	88	2009
2321	1	1	316	87	2009
2322	1	0	0	0	0
2323	5	2	284	0	2007
2324	1	2	284	0	2008
2325	2	2	270	0	0
2326	5	2	284	0	2008
2327	2	2	308	0	2005
2328	2	1	324	102	2005
2329	1	2	244	0	2008
2330	1	1	331	105	2006
2331	1	1	0	90	2009
2332	1	2	246	90	2008
2333	1	1	289	0	2009
2334	1	1	267	92	2007
2335	1	1	275	0	2008
2336	1	2	249	0	2009
2337	1	1	311	101	0
2338	1	2	306	0	0
2339	1	2	278	0	2008
2340	1	1	245	102	2006
2341	1	1	253	89	2009
2342	1	1	277	101	2008
2343	1	1	238	0	2007
2344	1	2	298	90	2009
2345	1	2	279	0	2006
2346	1	1	0	0	2008
2347	1	2	314	93	2006
2348	1	2	327	91	2009
2349	1	2	235	0	2007
2350	2	2	0	0	2004
2351	5	2	249	0	2006
2352	1	2	325	100	2006
2353	1	2	312	91	2008
2354	1	2	282	0	2006
2355	1	1	314	0	2008
2356	1	2	246	0	2008
2357	1	1	0	0	0
2358	1	2	279	93	2007
2359	1	1	243	0	2007
2360	2	1	243	0	0
2361	1	1	331	92	2005
2362	2	2	314	0	2004
2363	2	1	316	101	2005
2364	1	0	0	0	0
2365	1	2	238	92	2007
2366	1	2	248	89	2009
2367	1	1	0	102	2008
2368	1	1	249	0	2008
2369	1	2	308	0	2007
2370	5	2	284	0	2008
2371	1	1	262	87	2008
2372	1	2	235	86	2009
2373	5	2	284	0	2008
2374	1	2	302	93	2006
2375	2	1	249	0	2005
2376	1	1	278	98	2005
2377	5	0	0	0	0
2378	2	1	302	0	2005
2379	2	2	315	0	2005
2380	1	1	311	88	2009
2381	1	2	266	0	2008
2382	1	2	317	99	2008
2383	1	1	297	90	2009
2384	1	2	0	86	2009
2385	1	2	253	92	2008
2386	1	1	314	0	2006
2387	1	2	275	0	2008
2388	1	1	327	0	2008
2389	1	2	260	0	2008
2390	1	2	327	0	2008
2391	2	2	316	99	2005
2392	1	1	316	105	2007
2393	1	1	0	87	2009
2394	1	2	279	93	2006
2395	5	2	284	0	0
2396	1	1	245	86	2009
2397	1	1	238	90	2009
2398	1	2	249	0	2007
2399	1	1	0	91	2009
2400	1	1	249	94	2006
2401	1	1	247	91	2009
2402	2	0	320	0	2005
2403	1	1	277	0	2008
2404	1	1	316	106	2006
2405	1	2	266	0	2008
2406	1	1	316	104	2007
2407	1	2	309	0	0
2408	2	1	314	0	2005
2409	5	2	284	0	0
2410	1	1	327	0	2009
2411	1	1	309	86	2008
2412	1	1	238	0	2008
2413	1	1	302	92	2008
2414	1	1	309	0	2006
2415	1	1	249	0	2007
2416	1	0	0	0	2006
2417	1	1	324	86	2009
2418	2	1	316	106	2005
2419	2	2	245	0	2005
2420	1	2	249	90	2009
2421	2	0	0	0	0
2422	5	1	249	0	2006
2423	2	0	0	0	0
2424	1	1	0	0	2008
2425	1	1	306	106	2008
2426	1	1	243	95	2006
2427	1	1	308	0	2008
2428	1	1	243	86	2009
2429	1	1	312	101	2005
2430	1	1	333	102	2008
2431	1	1	316	0	2007
2432	1	2	332	0	2006
2433	1	1	293	92	2008
2434	1	0	0	0	0
2435	1	2	249	98	2006
2436	1	2	235	0	2006
2437	1	1	249	88	2009
2438	2	1	249	102	2005
2439	1	2	293	93	2007
2440	1	1	0	0	2008
2441	1	2	320	97	2008
2442	1	1	324	0	2004
2443	1	2	331	86	2007
2444	1	1	314	92	2008
2445	1	1	285	0	2008
2446	2	2	311	0	2005
2447	1	1	0	0	2007
2448	2	0	275	0	2004
2449	5	2	284	0	2007
2450	1	1	282	91	2009
2451	1	2	253	0	2005
2452	1	1	253	89	2009
2453	2	2	287	0	2005
2454	2	1	308	104	2004
2455	1	1	314	103	2007
2456	1	1	253	0	2008
2457	1	2	249	91	2008
2458	1	2	289	88	2009
2459	1	1	0	0	2009
2460	1	2	238	92	2006
2461	1	1	314	0	2007
2462	1	1	333	0	2007
2463	1	2	249	0	2008
2464	1	2	327	0	2005
2465	1	2	266	0	2008
2466	1	2	311	87	0
2467	1	2	320	92	2008
2468	1	1	267	106	2006
2469	1	2	249	0	2005
2470	2	1	331	0	2005
2471	1	1	282	0	2006
2472	1	2	253	0	2006
2473	2	2	309	0	2005
2474	2	2	320	0	2005
2475	1	1	299	104	2005
2476	1	1	238	86	2008
2477	1	2	0	0	0
2478	1	1	275	100	2006
2479	1	2	320	0	2006
2480	1	1	279	93	2007
2481	1	1	247	104	2006
2482	1	2	236	98	2008
2483	1	1	0	0	0
2484	1	2	249	0	2006
2485	1	1	0	91	2009
2486	1	1	314	0	2006
2487	1	2	260	0	2006
2488	1	2	249	0	2006
2489	1	2	249	93	2007
2490	1	2	327	0	2005
2491	1	1	235	0	2007
2492	2	2	249	0	2005
2493	1	1	272	93	2007
2494	1	1	0	93	2007
2495	1	1	238	0	2006
2496	1	2	277	0	2007
2497	1	2	248	0	2008
2498	2	1	285	0	2001
2499	1	1	248	105	2008
2500	1	1	314	0	2009
2501	1	1	246	92	0
2502	1	1	316	101	2005
2503	1	1	278	103	2006
2504	1	1	294	89	2009
2505	1	1	314	0	2008
2506	1	1	260	0	2008
2507	1	2	236	94	2007
2508	1	1	253	0	2007
2509	2	2	239	0	2005
2510	1	2	293	0	2007
2511	1	0	248	0	2009
2512	1	2	327	86	2009
2513	1	1	324	0	2007
2514	1	1	314	87	2008
2515	1	1	308	0	2009
2516	1	1	249	0	2005
2517	1	2	273	0	2008
2518	2	2	245	0	2005
2519	1	1	333	86	2009
2520	2	2	238	96	2004
2521	1	1	282	94	2007
2522	1	1	320	87	2007
2523	1	1	238	0	0
2524	1	2	249	0	2009
2525	1	1	314	94	2006
2526	1	1	333	92	2008
2527	1	1	279	0	2006
2528	1	1	245	0	2005
2529	1	1	267	0	0
2530	1	2	245	94	2007
2531	1	2	275	98	2006
2532	2	0	0	0	2003
2533	2	1	320	0	2004
2534	1	2	308	93	2008
2535	1	2	308	93	2007
2536	1	2	246	90	2009
2537	2	1	327	105	2005
2538	1	2	238	0	2008
2539	5	2	284	0	2007
2540	1	1	249	104	2007
2541	1	1	314	93	2006
2542	1	1	331	104	2006
2543	1	1	302	92	2008
2544	1	2	308	0	2007
2545	2	1	249	0	2005
2546	1	1	250	90	2009
2547	5	1	314	0	2006
2548	1	1	308	0	2007
2549	1	2	249	98	2008
2550	1	2	309	0	2006
2551	1	1	327	92	2007
2552	1	2	260	98	2006
2553	1	1	249	105	2006
2554	5	1	259	0	2005
2555	1	1	316	0	2006
2556	1	2	0	92	2008
2557	1	1	308	92	2007
2558	1	1	238	0	2006
2559	1	1	293	92	2007
2560	5	2	284	0	2009
2561	2	2	273	0	2005
2562	2	2	308	94	2005
2563	5	1	284	0	0
2564	1	2	0	88	2009
2565	1	2	238	0	2008
2566	1	1	0	0	2008
2567	1	1	314	0	2006
2568	1	1	257	93	2006
2569	2	2	238	96	2004
2570	1	0	0	0	0
2571	1	1	253	0	2009
2572	1	1	267	0	2006
2573	3	2	270	0	2008
2574	1	1	238	106	2008
2575	1	1	333	92	2008
2576	2	0	0	0	0
2577	1	2	270	0	2007
2578	1	2	308	88	2009
2579	1	2	284	0	2008
2580	1	1	333	106	2008
2581	1	1	282	0	2007
2582	1	1	279	101	2006
2583	1	1	314	89	2009
2584	1	0	0	0	0
2585	1	1	316	0	2005
2586	1	0	308	0	0
2587	1	2	275	86	2009
2588	1	1	246	86	2009
2589	2	2	279	0	2005
2590	2	0	0	0	0
2591	1	1	279	0	2007
2592	1	2	260	94	2007
2593	2	2	260	0	2005
2594	2	2	275	0	2005
2595	1	2	308	0	2006
2596	1	1	331	0	2007
2597	1	2	0	0	2006
2598	2	0	0	0	0
2599	1	1	312	0	2005
2600	1	1	311	94	2008
2601	1	1	299	94	2006
2602	1	1	0	0	2007
2603	1	1	312	0	2008
2604	1	1	280	87	2008
2605	1	2	277	0	2008
2606	1	1	297	93	2007
2607	2	2	260	0	2005
2608	1	2	249	87	2009
2609	1	1	308	0	2006
2610	1	2	275	0	0
2611	1	2	308	99	2006
2612	2	2	260	98	2005
2613	5	0	0	0	0
2614	1	1	324	92	2006
2615	2	1	267	105	2005
2616	1	1	0	0	2007
2617	1	1	275	91	2006
2618	1	2	266	0	2008
2619	1	1	235	91	2009
2620	1	1	0	0	2008
2621	1	2	266	0	2008
2622	1	1	0	0	2009
2623	1	2	327	87	2009
2624	1	2	308	89	2009
2625	1	2	324	99	2006
2626	1	0	0	0	0
2627	1	2	311	0	2007
2628	2	2	249	0	2005
2629	1	2	250	94	2006
2630	2	1	282	101	2005
2631	1	2	308	0	2006
2632	2	1	314	0	2004
2633	1	2	308	0	2009
2634	1	1	285	101	2007
2635	1	1	284	0	0
2636	1	1	238	106	2007
2637	1	2	275	98	2005
2638	1	2	316	94	2006
2639	1	1	320	100	2007
2640	1	1	0	0	2008
2641	1	1	0	106	2008
2642	1	1	316	106	2007
2643	1	1	327	0	2005
2644	1	1	299	0	2008
2645	4	2	0	0	0
2646	2	1	314	100	2005
2647	1	2	284	0	2007
2648	2	2	308	0	2005
2649	1	1	282	0	2005
2650	1	2	312	91	2009
2651	5	1	284	101	2008
2652	1	2	253	0	2008
2653	1	1	285	0	2008
2654	1	1	261	0	2008
2655	1	2	284	0	0
2656	1	1	278	102	2008
2657	1	2	279	0	2006
2658	1	2	310	90	2009
2659	1	1	308	0	2008
2660	1	2	282	0	2008
2661	2	2	250	0	2005
2662	1	2	309	0	2007
2663	2	1	270	0	2004
2664	2	1	330	0	0
2665	1	1	316	0	2006
2666	1	1	252	0	2008
2667	1	2	320	93	2007
2668	2	2	251	0	2005
2669	1	2	287	0	2007
2670	1	1	294	88	2009
2671	1	1	332	93	2007
2672	1	2	260	94	2007
2673	1	1	279	0	0
2674	1	2	315	94	2006
2675	2	2	0	0	0
2676	1	2	325	0	2008
2677	2	1	314	0	2005
2678	1	0	314	0	0
2679	2	2	0	98	2004
2680	1	2	260	0	2007
2681	1	1	238	0	2009
2682	1	1	236	0	2009
2683	1	1	257	0	2007
2684	1	1	236	89	2009
2685	1	1	248	100	2007
2686	2	2	289	0	2003
2687	1	2	308	93	2007
2688	1	2	297	86	2009
2689	1	1	275	0	2008
2690	1	1	266	0	2008
2691	1	1	327	100	2007
2692	1	2	238	97	2008
2693	1	1	245	90	2009
2694	1	1	316	0	2006
2695	1	2	260	0	2008
2696	1	1	248	0	2007
2697	1	1	262	94	2006
2698	2	2	0	0	0
2699	1	2	236	86	2009
2700	1	2	275	94	2005
2701	1	2	266	0	2008
2702	1	1	278	104	2008
2703	5	1	284	104	2005
2704	1	2	249	0	2008
2705	1	0	0	0	0
2706	1	1	265	92	2008
2707	1	2	266	93	2006
2708	2	0	0	0	2005
2709	1	1	253	0	2006
2710	1	0	0	0	0
2711	2	1	0	105	2004
2712	1	0	249	86	2008
2713	1	1	248	0	2009
2714	5	1	275	106	2004
2715	1	2	273	0	2008
2716	1	1	279	0	2006
2717	1	1	302	0	2009
2718	2	1	267	0	2005
2719	2	1	273	0	2005
2720	1	2	249	93	2008
2721	2	2	250	97	2003
2722	1	2	327	89	2008
2723	1	2	248	0	2007
2724	1	0	316	0	2007
2725	1	2	260	0	2006
2726	1	0	0	0	2007
2727	1	1	257	0	2008
2728	4	2	0	0	0
2729	1	1	249	0	2009
2730	1	2	266	0	2008
2731	1	1	325	106	2007
2732	1	0	0	0	0
2733	1	2	289	0	2007
2734	1	2	255	92	2007
2735	1	1	249	102	2005
2736	1	1	0	0	0
2737	1	2	279	0	2008
2738	1	2	235	93	2007
2739	5	2	284	0	2006
2740	2	2	249	0	2001
2741	2	1	316	105	2004
2742	2	2	282	0	2005
2743	1	2	266	0	2008
2744	1	2	331	97	2006
2745	2	1	247	105	2004
2746	1	2	333	0	2006
2747	1	2	243	96	2008
2748	2	2	249	0	2005
2749	1	1	279	0	2007
2750	1	2	333	92	2007
2751	1	2	308	92	2006
2752	2	2	238	0	2005
2753	2	2	309	0	2008
2754	1	2	308	0	2008
2755	1	2	246	0	2006
2756	4	0	0	0	0
2757	1	1	238	0	2009
2758	1	2	249	0	2007
2759	2	1	282	0	2005
2760	1	1	249	0	2008
2761	5	2	0	0	0
2762	1	2	266	0	2008
2763	2	2	296	0	2004
2764	5	0	284	0	2008
2765	1	1	327	93	2007
2766	1	1	273	92	2005
2767	1	2	243	0	2008
2768	1	1	314	106	2007
2769	1	2	235	0	2006
2770	2	1	289	0	2004
2771	1	2	273	0	2006
2772	2	0	250	0	2005
2773	1	2	308	0	2008
2774	1	2	260	0	2006
2775	2	1	275	0	2004
2776	1	1	280	0	2007
2777	1	1	314	0	2004
2778	1	1	279	87	2008
2779	2	1	0	0	2006
2780	1	1	278	0	2006
2781	2	1	265	0	0
2782	1	0	0	0	0
2783	1	1	251	93	2007
2784	5	2	284	0	2007
2785	2	1	314	0	2003
2786	1	1	275	0	2006
2787	1	2	249	0	2006
2788	2	2	320	0	2004
2789	1	1	275	0	2008
2790	1	1	0	0	2007
2791	5	2	284	93	2008
2792	1	1	238	0	2007
2793	2	2	314	93	2005
2794	2	1	267	0	0
2795	1	1	249	0	2007
2796	1	1	314	92	2007
2797	1	1	246	0	2009
2798	1	2	289	0	2007
2799	1	1	249	0	2007
2800	2	1	238	0	2005
2801	1	1	316	101	2006
2802	1	1	253	92	2008
2803	1	2	249	0	2008
2804	1	2	275	0	2008
2805	1	2	0	90	2009
2806	1	2	287	0	2007
2807	1	1	314	105	2007
2808	2	2	284	0	2005
2809	1	2	255	0	2008
2810	1	2	271	99	2006
2811	1	2	279	88	2008
2812	2	0	249	0	2005
2813	1	1	302	0	2008
2814	1	2	289	0	2009
2815	1	1	327	89	2009
2816	5	2	308	99	0
2817	2	1	262	106	2005
2818	1	2	275	0	2008
2819	1	1	311	0	2008
2820	1	1	251	0	2007
2821	1	2	0	87	2009
2822	1	2	266	0	2008
2823	1	1	333	93	2007
2824	2	2	0	98	2004
2825	1	1	280	0	2008
2826	1	1	308	0	2006
2827	1	1	257	0	2009
2828	1	2	282	87	2007
2829	1	2	327	0	2007
2830	1	2	253	94	2006
2831	2	1	278	101	2005
2832	1	2	260	0	2007
2833	1	2	312	0	2007
2834	1	2	333	92	2007
2835	2	1	277	0	2005
2836	1	2	333	0	2008
2837	1	2	266	0	2008
2838	1	1	293	0	2005
2839	1	1	0	0	2008
2840	1	1	0	88	2009
2841	1	1	309	94	2006
2842	1	2	249	94	2007
2843	2	1	238	101	2004
2844	1	2	312	0	2005
2845	2	2	314	0	2005
2846	1	1	0	0	2007
2847	1	1	249	100	2009
2848	1	2	248	0	2006
2849	1	2	255	0	2007
2850	1	1	293	93	2007
2851	1	1	331	102	2006
2852	2	1	314	0	2005
2853	2	1	0	0	2005
2854	1	2	310	99	2006
2855	2	2	332	0	2004
2856	1	1	279	90	2009
2857	1	0	308	0	2009
2858	1	1	333	0	2006
2859	1	1	0	0	2008
2860	1	1	243	0	2006
2861	1	1	253	0	2009
2862	1	1	314	0	2006
2863	1	2	238	0	2005
2864	1	2	249	98	2007
2865	1	2	248	92	2007
2866	1	2	332	0	2007
2867	1	1	257	106	2008
2868	1	1	314	0	2008
2869	1	2	314	0	2006
2870	1	1	249	0	2008
2871	2	2	277	0	2005
2872	1	2	253	0	2005
2873	1	2	270	0	2006
2874	1	0	0	0	0
2875	1	1	249	105	2008
2876	1	1	332	94	2007
2877	1	1	278	104	2007
2878	2	2	249	0	2004
2879	2	1	249	104	2004
2880	1	1	327	93	2007
2881	1	1	243	0	2006
2882	1	1	249	0	2006
2883	1	1	280	0	2008
2884	1	1	262	0	0
2885	1	2	293	89	2008
2886	1	2	333	92	2006
2887	1	1	333	86	2009
2888	3	1	246	0	0
2889	1	1	325	0	2009
2890	1	1	247	104	2008
2891	1	2	249	0	2007
2892	1	2	279	92	2008
2893	1	2	251	0	2008
2894	1	2	249	93	2006
2895	1	0	0	0	0
2896	1	1	287	0	2008
2897	1	2	238	0	2008
2898	1	1	238	0	2008
2899	1	1	333	92	2008
2900	1	2	0	0	0
2901	1	2	249	96	2006
2902	1	1	279	0	2006
2903	2	2	0	0	2005
2904	1	1	312	90	2009
2905	1	2	312	88	2009
2906	1	1	0	90	2009
2907	1	1	327	0	2008
2908	1	1	320	100	2006
2909	1	1	330	92	2007
2910	1	2	308	88	2009
2911	1	2	266	0	2008
2912	1	2	275	94	2006
2913	1	2	314	0	2006
2914	1	1	270	101	2006
2915	1	1	308	0	2008
2916	2	2	251	0	2005
2917	5	2	284	0	2008
2918	2	1	309	104	2005
2919	1	1	312	0	2007
2920	1	1	316	0	2005
2921	3	0	0	0	0
2922	1	1	311	91	2009
2923	1	0	246	102	2006
2924	5	2	284	0	2007
2925	2	1	314	104	2005
2926	5	1	284	0	0
2927	1	1	267	86	2009
2928	1	2	310	86	2007
2929	1	1	311	0	2006
2930	1	1	257	103	2008
2931	1	1	246	0	2007
2932	1	1	248	0	2008
2933	1	2	236	89	2005
2934	1	1	327	94	2007
2935	2	1	282	0	2005
2936	1	2	287	0	2008
2937	1	1	247	101	2008
2938	1	1	278	88	2009
2939	1	1	275	0	2006
2940	1	1	0	91	2009
2941	2	1	314	0	2005
2942	1	1	333	93	2006
2943	1	1	327	92	2006
2944	1	1	272	0	2007
2945	2	2	243	0	2005
2946	1	2	255	0	2006
2947	2	2	236	0	2004
2948	2	1	275	101	2003
2949	1	1	0	86	2009
2950	1	1	333	94	2008
2951	1	1	316	0	2008
2952	1	2	249	0	2008
2953	1	0	0	0	0
2954	1	1	253	0	2007
2955	1	1	248	88	2009
2956	1	2	249	90	2009
2957	1	2	266	0	2008
2958	1	1	285	0	2007
2959	1	1	279	89	2007
2960	1	1	312	102	2007
2961	5	1	315	0	2006
2962	1	0	314	0	2008
2963	1	1	238	104	2006
2964	1	1	299	0	2006
2965	1	1	238	93	2007
2966	1	2	327	0	2007
2967	1	2	235	0	2008
2968	1	1	279	91	2007
2969	1	1	257	0	2008
2970	1	1	282	94	2007
2971	1	2	246	100	2006
2972	2	1	332	0	2005
2973	5	1	284	0	2006
2974	1	2	266	0	2008
2975	1	1	249	105	2007
2976	1	1	331	106	2008
2977	1	2	275	99	2006
2978	1	2	235	92	2006
2979	1	2	249	0	2006
2980	1	2	249	0	2006
2981	1	2	248	0	2008
2982	1	1	324	0	2007
2983	1	1	274	0	0
2984	5	1	284	0	0
2985	1	2	331	0	2008
2986	1	1	314	93	2006
2987	4	1	0	0	0
2988	1	1	312	106	2006
2989	2	1	314	0	2005
2990	1	2	298	0	2009
2991	2	2	267	0	2005
2992	1	1	235	91	2008
2993	1	1	299	0	2007
2994	1	1	314	104	2008
2995	1	1	299	0	2007
2996	1	2	309	93	2007
2997	1	2	312	96	2008
2998	1	1	282	0	2008
2999	2	1	314	0	2005
3000	1	2	311	93	2006
3001	1	1	314	0	2007
3002	1	1	314	0	2005
3003	1	1	314	0	2008
3004	1	1	327	0	2009
3005	1	2	326	0	2008
3006	2	1	316	0	2005
3007	1	2	266	0	2009
3008	1	2	246	94	2006
3009	1	1	0	86	2009
3010	1	1	308	0	2006
3011	1	2	0	0	2007
3012	5	1	284	105	0
3013	1	1	249	0	2007
3014	1	2	308	0	2007
3015	1	2	308	97	2007
3016	1	1	275	0	2008
3017	1	1	267	0	2007
3018	2	2	260	0	2003
3019	1	1	324	102	2006
3020	1	1	289	100	2006
3021	2	2	314	0	2005
3022	1	2	239	0	2008
3023	1	1	314	0	2007
3024	1	2	246	0	2007
3025	1	0	0	0	0
3026	1	1	327	0	2007
3027	1	2	0	94	0
3028	1	1	316	105	2007
3029	1	0	277	0	2006
3030	3	2	247	0	2010
3031	2	1	246	0	2004
3032	2	2	333	0	2005
3033	2	2	260	0	2005
3034	1	1	260	0	2008
3035	1	2	246	0	2008
3036	1	1	246	0	2007
3037	1	1	249	93	2007
3038	1	1	314	102	2006
3039	1	2	333	93	2007
3040	1	1	279	0	2006
3041	1	1	285	92	2008
3042	1	1	0	0	2008
3043	1	1	253	0	2007
3044	1	1	262	92	2007
3045	1	2	270	0	2008
3046	1	2	312	89	2009
3047	1	2	333	91	2009
3048	1	1	243	0	2009
3049	1	1	333	87	2008
3050	2	0	0	0	0
3051	2	1	294	0	2005
3052	5	2	284	0	2006
3053	1	2	316	0	2008
3054	2	2	314	0	2005
3055	1	2	249	86	2009
3056	2	2	249	0	2005
3057	1	1	331	0	2008
3058	1	2	331	0	2006
3059	1	2	299	0	2007
3060	1	1	320	87	2008
3061	1	2	314	0	2008
3062	2	1	314	0	2004
3063	5	2	270	0	2008
3064	1	2	266	0	2008
3065	1	2	0	0	2007
3066	1	0	257	0	2006
3067	1	0	0	0	0
3068	1	2	327	0	2007
3069	2	1	235	100	2005
3070	1	0	249	0	0
3071	1	1	253	92	2008
3072	1	1	262	106	2006
3073	1	1	302	0	2007
3074	1	1	297	0	2008
3075	1	1	0	106	2008
3076	1	1	257	92	2006
3077	1	1	282	106	2008
3078	1	2	293	0	2006
3079	1	2	236	0	0
3080	2	0	0	0	2005
3081	1	2	259	92	2008
3082	1	2	308	94	2007
3083	1	2	243	0	2009
3084	1	1	249	0	2008
3085	2	2	0	0	2005
3086	1	1	251	92	2008
3087	1	0	0	0	0
3088	2	1	262	102	2003
3089	1	2	275	86	2009
3090	1	2	246	0	2006
3091	5	1	314	0	0
3092	2	0	287	106	0
3093	2	1	280	0	2005
3094	1	2	246	94	2008
3095	1	1	284	0	2008
3096	2	2	236	91	2005
3097	1	1	314	0	2006
3098	1	1	314	88	0
3099	2	2	249	0	2005
3100	1	2	302	0	2007
3101	1	2	245	0	2006
3102	2	2	320	0	2005
3103	1	2	243	0	2006
3104	2	1	265	100	2004
3105	5	2	284	0	2008
3106	1	2	275	94	0
3107	1	1	316	0	2006
3108	1	1	284	0	2007
3109	5	2	284	0	2006
3110	1	0	0	0	0
3111	1	1	284	0	2009
3112	1	1	314	105	2006
3113	2	1	280	0	2005
3114	1	1	249	0	2008
3115	1	0	0	0	0
3116	2	1	267	0	2001
3117	1	1	314	94	0
3118	1	2	248	0	2005
3119	2	2	278	0	2004
3120	2	2	308	99	2005
3121	1	2	249	86	2009
3122	4	2	0	0	0
3123	1	1	314	0	2005
3124	2	1	333	105	2004
3125	1	2	324	0	0
3126	1	2	270	88	2009
3127	5	1	315	0	2005
3128	1	1	248	0	2008
3129	1	1	277	0	2006
3130	1	1	246	0	2007
3131	1	2	235	0	2007
3132	2	1	316	0	2003
3133	2	2	236	97	2004
3134	1	1	0	105	2008
3135	1	1	331	0	2009
3136	1	2	332	95	2007
3137	1	1	236	0	0
3138	1	2	331	94	2006
3139	1	1	248	102	2008
3140	1	2	273	94	2006
3141	1	1	243	0	2006
3142	1	1	323	91	2009
3143	1	1	307	93	2005
3144	1	1	238	90	2009
3145	1	1	280	106	0
3146	1	1	275	89	2009
3147	1	1	282	87	2009
3148	1	2	308	92	2006
3149	2	1	308	0	2005
3150	1	2	249	91	2008
3151	1	1	299	106	2007
3152	1	1	248	104	2008
3153	1	2	248	0	2008
3154	1	2	266	0	2008
3155	1	2	248	90	2008
3156	1	1	331	102	2007
3157	1	1	299	0	2008
3158	1	1	245	93	2006
3159	1	2	249	0	2009
3160	1	1	238	86	2009
3161	5	2	284	0	0
3162	1	2	249	0	2006
3163	1	1	279	93	2007
3164	1	1	312	102	2007
3165	1	1	302	101	2006
3166	1	1	267	0	2006
3167	2	1	238	0	2002
3168	1	2	253	0	2007
3169	1	1	246	0	2008
3170	1	2	266	0	2008
3171	2	0	0	0	0
3172	1	1	324	94	2007
3173	1	2	238	87	2007
3174	1	1	311	92	2008
3175	1	2	249	0	2007
3176	1	2	333	0	2008
3177	1	1	312	93	2008
3178	1	2	238	99	2006
3179	1	2	308	0	0
3180	2	1	296	0	2003
3181	1	2	249	98	2006
3182	2	2	248	0	0
3183	1	2	333	0	2009
3184	2	1	279	92	2005
3185	1	2	249	0	2008
3186	1	1	252	0	2007
3187	1	1	0	0	2008
3188	1	1	246	0	2006
3189	1	1	275	100	2006
3190	5	2	315	0	0
3191	1	0	0	0	0
3192	1	1	285	105	2006
3193	1	2	318	106	2007
3194	1	2	311	86	2009
3195	1	1	287	101	2007
3196	1	1	253	104	2007
3197	1	2	239	86	2009
3198	1	2	249	0	0
3199	2	1	236	93	2005
3200	1	2	244	0	2010
3201	2	2	247	98	2004
3202	1	1	278	93	2006
3203	5	1	273	0	0
3204	1	1	0	105	2008
3205	2	1	273	0	2003
3206	1	2	0	90	2009
3207	1	1	331	90	2008
3208	1	2	250	89	2009
3209	1	1	248	90	2008
3210	1	1	306	0	2008
3211	1	2	314	93	2006
3212	1	1	257	93	2007
3213	1	1	0	91	2009
3214	1	1	249	0	2006
3215	1	1	282	101	2007
3216	1	2	314	93	2007
3217	1	2	293	0	2008
3218	1	1	291	0	2006
3219	1	2	235	93	2007
3220	1	2	249	0	2006
3221	1	2	308	0	2006
3222	1	2	0	0	2008
3223	1	1	276	0	2007
3224	1	1	279	86	2009
3225	1	1	331	105	0
3226	1	1	316	0	2006
3227	1	2	267	0	2006
3228	1	2	266	0	2008
3229	2	2	284	0	2003
3230	1	2	321	99	2008
3231	2	1	0	0	2004
3232	1	1	0	86	2009
3233	1	2	314	0	2008
3234	1	1	314	0	2005
3235	1	1	236	0	2009
3236	1	1	314	0	2005
3237	2	1	238	105	2005
3238	1	1	267	101	2008
3239	1	1	249	0	2008
3240	1	2	275	98	2006
3241	1	0	0	0	2008
3242	1	1	246	0	2007
3243	2	2	320	0	2003
3244	1	1	325	93	2006
3245	4	1	320	0	0
3246	1	2	238	0	2006
3247	1	0	0	0	0
3248	1	2	260	0	2006
3249	1	1	299	105	2006
3250	1	1	314	93	2006
3251	1	1	284	0	2006
3252	1	1	244	94	2008
3253	1	2	0	97	0
3254	1	1	247	88	2009
3255	2	1	253	0	2005
3256	1	2	257	0	2006
3257	1	1	314	0	2006
3258	1	2	333	0	2006
3259	1	1	285	0	2008
3260	1	1	327	102	2007
3261	5	2	320	0	2006
3262	1	1	314	0	2008
3263	1	1	251	0	0
3264	1	1	0	0	0
3265	1	1	0	104	2008
3266	2	1	316	101	2005
3267	1	1	308	0	2006
3268	1	1	327	92	2008
3269	1	0	0	0	0
3270	1	1	314	0	2007
3271	1	2	266	0	2008
3272	5	1	284	0	2008
3273	1	1	246	0	2007
3274	2	1	238	0	2005
3275	1	2	332	0	2006
3276	1	1	285	101	2006
3277	1	1	327	0	2006
3278	2	2	270	0	2005
3279	1	1	265	0	2006
3280	1	1	267	88	2008
3281	2	1	333	0	0
3282	1	1	0	90	2009
3283	2	2	314	0	0
3284	5	1	320	0	2007
3285	2	1	279	106	2005
3286	1	2	324	94	2007
3287	1	1	0	0	2005
3288	1	2	309	93	2008
3289	1	2	235	0	0
3290	2	2	333	0	2003
3291	2	1	238	0	2005
3292	1	2	266	0	2008
3293	1	1	245	0	2008
3294	4	0	0	0	0
3295	1	2	302	91	2008
3296	1	2	308	0	2008
3297	1	2	248	89	2009
3298	1	2	318	0	2008
3299	1	1	249	0	2006
3300	1	2	235	0	2008
3301	1	2	253	92	2008
3302	2	1	279	93	2005
3303	1	2	311	96	2008
3304	1	1	249	0	2008
3305	1	2	327	90	2009
3306	1	2	309	96	2006
3307	1	2	0	99	2007
3308	1	1	249	0	2008
3309	1	1	316	100	2008
3310	2	2	332	0	2005
3311	1	2	327	0	2006
3312	1	1	316	0	2008
3313	1	2	249	94	2005
3314	4	2	260	0	2004
3315	1	1	276	90	2009
3316	1	2	314	99	2008
3317	5	0	0	0	0
3318	2	1	251	0	2003
3319	1	2	245	0	2006
3320	2	1	238	0	2005
3321	1	2	330	0	2007
3322	1	2	248	90	2009
3323	1	1	314	0	2008
3324	1	2	238	0	2007
3325	1	1	331	0	2009
3326	1	1	0	0	2009
3327	1	2	253	0	2008
3328	1	2	249	94	2007
3329	2	1	314	0	2005
3330	4	0	0	0	0
3331	1	2	260	96	2006
3332	2	2	249	97	2003
3333	1	1	282	100	2007
3334	2	1	0	0	2005
3335	1	1	248	0	2009
3336	1	2	259	92	2005
3337	1	1	314	92	2008
3338	1	1	333	106	2007
3339	4	0	0	0	0
3340	2	2	261	0	2003
3341	2	1	289	93	2005
3342	1	2	293	0	0
3343	1	2	249	0	2006
3344	1	2	247	0	2009
3345	1	1	262	0	2006
3346	1	2	249	0	2005
3347	3	2	255	0	0
3348	2	0	249	0	2005
3349	1	1	0	0	2008
3350	5	1	284	0	2006
3351	1	1	0	88	2009
3352	1	2	253	0	2008
3353	1	2	308	94	2007
3354	1	1	312	86	2009
3355	1	1	278	88	2009
3356	1	2	249	98	2007
3357	1	1	279	0	2008
3358	2	2	249	0	2004
3359	1	2	308	0	2007
3360	1	1	279	0	2008
3361	1	1	273	0	2005
3362	1	2	327	93	2006
3363	1	1	312	86	2009
3364	2	2	252	0	2005
3365	1	1	238	0	2006
3366	1	1	236	92	2007
3367	1	2	327	89	2009
3368	1	1	327	0	2007
3369	1	1	245	105	2008
3370	1	2	243	0	2009
3371	1	1	285	0	2005
3372	1	2	249	0	2009
3373	1	1	306	0	2008
3374	2	2	275	0	2005
3375	1	2	267	0	2008
3376	1	1	0	0	0
3377	5	1	284	0	2007
3378	1	1	243	0	2008
3379	5	2	284	0	2006
3380	1	2	312	0	2008
3381	2	1	238	104	2005
3382	1	2	282	93	2006
3383	1	1	312	0	0
3384	1	1	302	93	2007
3385	1	1	327	92	2008
3386	1	2	260	92	2007
3387	4	0	0	0	0
3388	1	1	0	86	0
3389	1	2	248	91	2009
3390	1	1	243	106	2008
3391	1	1	253	89	2009
3392	1	1	265	0	2006
3393	1	1	314	0	2006
3394	1	2	0	0	2008
3395	1	2	309	0	2006
3396	1	2	312	88	2009
3397	1	1	279	94	2007
3398	1	1	248	0	2006
3399	1	1	0	106	2008
3400	1	2	238	0	2007
3401	1	1	246	89	2009
3402	2	2	249	98	2005
3403	2	1	253	0	0
3404	1	1	248	100	2008
3405	1	1	327	0	2006
3406	1	2	248	0	2008
3407	1	2	238	0	2007
3408	1	1	249	90	2009
3409	1	1	260	94	2007
3410	1	1	0	0	2007
3411	1	1	267	0	2008
3412	2	1	314	100	2005
3413	1	2	308	86	2009
3414	2	0	0	0	0
3415	1	1	238	0	2007
3416	1	2	315	0	2006
3417	1	1	249	87	2009
3418	1	2	246	93	2006
3419	1	1	309	94	2006
3420	1	0	0	0	0
3421	5	2	284	0	2007
3422	1	2	250	0	2008
3423	1	1	248	0	2009
3424	1	1	0	88	2009
3425	2	1	332	101	2005
3426	1	2	314	0	2007
3427	2	2	320	0	2005
3428	1	2	238	0	2005
3429	1	1	333	0	2009
3430	1	0	0	0	0
3431	2	2	275	94	2005
3432	1	2	270	98	2007
3433	1	2	0	0	2008
3434	1	2	260	0	2007
3435	1	0	0	0	0
3436	1	1	261	106	2007
3437	1	1	314	100	2006
3438	2	0	238	0	2005
3439	1	1	267	104	2007
3440	1	1	302	0	2006
3441	2	1	0	0	2005
3442	1	0	0	0	0
3443	1	1	275	105	2007
3444	2	2	267	0	2005
3445	2	1	267	95	2005
