id	status	gender	major	dorm	year
1	1	0	123	209	2008
2	2	1	131	202	2004
3	1	0	137	208	2007
4	1	1	131	205	2006
5	1	2	112	204	2009
6	2	0	152	208	2003
7	1	1	112	203	2008
8	1	2	122	210	2007
9	1	1	0	203	2007
10	1	1	148	209	2007
11	2	1	113	209	2004
12	2	1	136	208	2004
13	2	1	113	209	2005
14	2	1	131	208	2004
15	2	2	139	203	2003
16	2	1	137	204	2004
17	1	1	123	207	2007
18	1	1	113	203	2008
19	1	1	135	205	2009
20	2	1	119	202	2004
21	1	2	149	208	2005
22	2	1	123	205	2005
23	1	2	142	202	2005
24	1	1	108	0	0
25	1	2	132	207	2006
26	1	2	119	202	2008
27	1	0	0	0	2005
28	2	1	131	210	2005
29	2	2	136	202	2005
30	1	1	124	209	2006
31	1	1	108	203	2006
32	1	2	136	208	2006
33	1	2	112	209	2007
34	1	1	125	207	0
35	1	2	136	206	2009
36	1	2	120	202	2007
37	1	2	142	209	2008
38	1	2	112	206	2009
39	1	0	0	0	0
40	1	0	0	0	0
41	5	2	141	203	2004
42	1	1	123	209	2006
43	5	1	131	209	2003
44	1	1	109	208	2007
45	1	2	112	208	2009
46	2	2	143	202	2003
47	2	1	114	206	2005
48	1	2	143	206	2008
49	1	2	111	204	2007
50	2	1	111	0	2003
51	2	0	0	0	0
52	1	2	122	203	2008
53	1	1	122	203	2009
54	1	2	118	207	2007
55	1	2	124	204	2008
56	5	2	142	0	2010
57	1	1	135	204	0
58	2	2	112	204	2004
59	1	1	131	208	2007
60	4	1	0	0	0
61	1	1	131	202	2009
62	2	1	108	208	2004
63	1	1	143	205	2007
64	1	1	132	202	2006
65	1	2	148	207	2008
66	2	1	127	210	2004
67	2	2	143	209	2004
68	1	1	124	206	2009
69	1	2	143	203	2009
70	1	1	111	206	2008
71	1	0	0	0	0
72	2	2	142	203	2004
73	1	1	136	205	2006
74	1	2	113	203	2008
75	1	2	139	206	2009
76	2	2	131	0	2005
77	2	1	120	205	2005
78	2	2	132	206	2005
79	1	1	120	207	2008
80	2	2	138	203	2001
81	5	1	125	205	2005
82	2	0	0	0	0
83	2	1	120	207	2004
84	1	2	120	204	2007
85	1	1	143	206	2008
86	2	1	131	208	2003
87	4	1	149	210	2006
88	4	1	0	0	0
89	1	1	131	207	2008
90	1	2	0	203	2009
91	1	2	0	208	2009
92	1	0	125	0	0
93	1	1	108	206	2007
94	1	1	131	205	2008
95	1	1	143	209	2008
96	1	2	121	202	2008
97	1	1	137	202	2005
98	1	1	125	203	2009
99	2	2	141	210	2005
100	1	1	127	0	2006
101	2	2	139	202	2005
102	1	2	123	206	2007
103	1	1	108	210	0
104	1	1	139	202	0
105	1	2	122	208	2009
106	1	1	131	204	2007
107	1	1	119	206	2007
108	1	2	120	204	2009
109	1	2	113	207	2007
110	2	2	0	0	2003
111	1	2	131	205	2009
112	1	0	123	209	2008
113	2	1	131	203	2005
114	1	2	0	0	2008
115	2	2	131	0	2005
116	2	2	131	204	2005
117	2	1	143	0	0
118	2	1	108	210	2005
119	2	2	141	205	2003
120	1	2	120	209	2007
121	1	2	125	210	2008
122	1	2	120	205	2006
123	2	2	143	203	2005
124	1	2	131	205	2005
125	2	2	131	210	0
126	1	2	141	209	2006
127	1	2	135	208	2006
128	2	1	131	210	2005
129	2	2	142	205	2005
130	1	2	145	202	2008
131	1	1	120	203	2006
132	1	1	125	208	2009
133	1	2	139	204	2009
134	1	1	127	202	2009
135	1	2	149	203	2009
136	1	2	128	0	0
137	1	1	108	205	2008
138	1	2	143	207	2007
139	1	2	133	208	2008
140	1	2	112	204	2008
141	1	1	121	205	2007
142	1	1	127	205	2007
143	1	2	142	209	2009
144	2	1	108	209	2005
145	1	2	108	202	0
146	1	2	127	202	0
147	1	2	142	208	2008
148	1	1	131	202	2008
149	2	2	143	204	2005
150	1	1	139	205	2009
151	1	1	108	209	2009
152	2	2	110	206	2004
153	1	1	114	202	2007
154	1	2	108	204	2006
155	1	2	142	205	2006
156	1	1	0	205	2009
157	2	1	131	210	2005
158	1	2	127	206	2009
159	1	2	122	207	2009
160	1	2	122	208	2007
161	1	2	123	202	2007
162	4	0	0	0	0
163	1	2	148	210	2008
164	1	1	120	207	2008
165	1	2	112	208	2010
166	1	1	140	204	2007
167	1	2	152	202	0
168	1	2	124	202	2007
169	2	1	119	203	2004
170	2	2	131	205	2004
171	1	2	141	0	0
172	2	2	142	209	2005
173	1	2	108	202	2006
174	1	2	141	203	2008
175	2	2	143	202	2003
176	2	0	0	0	2004
177	1	1	131	208	2008
178	1	1	122	208	2008
179	1	2	111	203	2007
180	1	2	123	208	2009
181	1	0	148	205	2008
182	1	2	142	207	2007
183	1	1	113	207	2006
184	1	1	111	206	2009
185	2	2	120	207	2004
186	2	1	112	204	2005
187	2	2	122	206	2005
188	1	0	0	0	0
189	2	2	112	210	2005
190	2	1	148	209	2005
191	1	2	131	207	2009
192	1	1	148	207	2009
193	1	2	136	208	2007
194	1	0	0	0	0
195	1	2	122	206	2007
196	2	2	127	0	2005
197	2	2	120	206	2004
198	1	2	127	205	2007
199	1	1	124	203	2006
200	1	1	108	202	2009
201	1	2	152	205	2009
202	1	2	120	202	2008
203	2	2	131	205	2003
204	1	0	0	202	0
205	1	2	142	203	2007
206	1	1	143	204	2007
207	2	2	138	207	2005
208	2	2	115	203	2005
209	1	1	107	207	2009
210	1	2	0	0	2007
211	1	2	131	206	2008
212	1	2	152	0	0
213	2	1	142	209	2005
214	1	1	0	204	2007
215	2	1	131	208	2005
216	1	1	0	203	2008
217	1	2	141	206	2007
218	1	2	127	0	2006
219	1	2	141	206	2007
220	1	2	136	208	2009
221	1	2	143	205	2006
222	2	1	131	205	2005
223	1	1	131	203	2007
224	2	1	131	208	2005
225	1	2	119	209	2009
226	1	2	131	210	2007
227	1	1	122	207	2009
228	2	2	143	210	2004
229	1	2	120	209	2009
230	1	2	115	208	2006
231	1	2	112	204	2006
232	1	1	132	202	2009
233	1	2	143	204	2008
234	1	2	136	204	2006
235	1	1	139	205	2006
236	1	1	131	204	2008
237	1	1	142	202	2006
238	2	2	143	207	2004
239	1	1	131	203	2005
240	1	1	0	202	2007
241	1	1	147	206	2007
242	1	1	124	204	2009
243	1	1	125	210	2009
244	1	2	146	206	2007
245	1	1	122	208	2009
246	1	1	131	205	2008
247	1	2	0	206	2009
248	1	2	113	202	2006
249	1	2	123	0	2006
250	1	2	131	203	2007
251	2	1	151	208	2003
252	1	2	142	206	2009
253	1	2	116	0	2006
254	1	1	0	0	2007
255	1	2	136	208	2009
256	1	2	120	203	2006
257	2	1	123	209	2005
258	1	1	125	202	2006
259	1	1	123	205	2007
260	1	1	131	204	2008
261	1	1	137	208	2006
262	1	2	123	204	2007
263	1	2	112	208	2006
264	1	2	0	0	2008
265	2	0	0	0	0
266	3	2	132	203	2008
267	1	1	125	204	2008
268	1	2	112	203	2007
269	2	1	132	209	2005
270	1	1	121	209	2007
271	2	2	137	203	2004
272	1	2	116	210	2004
273	2	2	142	209	2004
274	1	2	0	0	0
275	1	2	143	206	2009
276	1	1	124	209	2007
277	1	2	131	206	2007
278	1	2	136	206	2006
279	1	0	0	0	0
280	1	1	132	202	2009
281	2	2	141	203	2001
282	1	1	108	208	2008
283	1	1	126	205	2007
284	1	1	121	207	2007
285	2	2	137	204	2005
286	2	1	127	210	2003
287	1	1	108	205	2008
288	1	1	121	208	2006
289	1	1	112	206	2006
290	1	2	142	209	2009
291	2	2	123	0	2005
292	1	2	137	204	2009
293	5	2	125	0	2007
294	1	2	131	203	0
295	1	1	137	202	2008
296	1	2	135	203	2006
297	1	2	142	203	0
298	3	0	112	0	0
299	2	1	108	205	2003
300	1	2	136	210	2009
301	1	1	131	204	2007
302	1	1	0	206	2009
303	1	2	120	209	2008
304	1	1	108	204	2006
305	1	2	143	0	2007
306	1	1	122	203	2006
307	1	1	112	210	2008
308	1	2	120	205	2008
309	2	2	140	210	2005
310	2	1	110	202	2005
311	2	2	138	206	2005
312	1	1	0	205	2009
313	5	0	0	0	0
314	1	1	131	206	2009
315	1	0	142	210	2009
316	1	2	142	206	2009
317	1	2	135	207	2008
318	1	1	131	206	2007
319	2	1	125	204	2001
320	1	2	135	205	2006
321	1	1	112	206	2008
322	1	1	137	210	2008
323	1	1	112	210	2009
324	1	2	132	206	2008
325	1	1	112	202	2008
326	1	2	120	209	0
327	2	1	112	206	2004
328	5	0	0	0	0
329	5	2	116	210	2005
330	5	2	0	0	0
331	1	2	142	210	2006
332	1	2	138	210	2007
333	1	1	148	209	2008
334	1	1	123	208	2006
335	1	2	115	202	2009
336	1	2	143	202	2007
337	1	2	143	205	2008
338	1	2	122	204	2006
339	1	1	137	206	2009
340	1	2	143	205	2007
341	1	2	125	204	2009
342	1	2	142	202	2009
343	1	1	0	208	2009
344	1	1	123	208	2007
345	1	1	137	205	2005
346	2	0	0	0	0
347	2	1	124	205	2005
348	1	1	124	205	2007
349	2	1	123	209	2004
350	1	1	122	210	2008
351	1	2	120	203	2005
352	1	2	134	207	2006
353	1	1	137	205	2006
354	1	1	123	205	2007
355	5	2	136	0	2010
356	1	2	131	206	2007
357	1	2	142	203	2008
358	1	2	123	206	2006
359	1	1	118	203	2007
360	2	2	142	208	2003
361	1	1	131	204	2009
362	1	2	120	209	2008
363	2	2	123	210	2004
364	1	2	131	0	0
365	2	2	142	208	2004
366	1	2	142	210	2006
367	2	2	122	208	2004
368	2	2	141	0	2005
369	2	1	113	207	2004
370	3	0	114	0	0
371	1	1	133	209	2006
372	1	1	133	207	2006
373	1	0	0	0	0
374	1	1	122	208	2007
375	1	0	0	0	0
376	1	1	0	205	2006
377	1	1	148	207	2008
378	1	2	131	203	2007
379	1	2	122	206	2009
380	2	2	142	209	0
381	1	2	131	204	2007
382	1	1	0	0	2009
383	1	2	131	203	2006
384	1	2	142	204	2007
385	2	1	120	209	2004
386	2	1	123	205	0
387	1	1	123	210	2008
388	1	1	119	206	0
389	1	1	131	210	2007
390	2	1	137	207	2005
391	2	1	119	203	2004
392	1	1	108	203	0
393	1	2	120	205	2007
394	1	2	137	210	2008
395	1	2	120	207	2007
396	2	2	137	209	2005
397	1	1	108	210	0
398	1	1	124	207	2008
399	1	1	131	206	2008
400	1	0	124	203	2008
401	1	1	149	203	2009
402	2	2	142	207	2005
403	5	1	0	0	2008
404	1	2	131	209	2007
405	1	2	112	210	2007
406	1	1	132	209	2009
407	2	2	141	205	2004
408	1	2	122	0	2007
409	1	1	143	206	2007
410	1	1	108	202	2007
411	2	0	0	0	0
412	1	2	141	202	2006
413	2	0	0	0	0
414	1	2	115	202	2006
415	1	2	0	207	2006
416	2	2	113	208	2004
417	1	2	123	205	2008
418	1	1	131	205	2007
419	1	1	108	206	2008
420	1	2	140	204	2007
421	1	2	125	210	2009
422	1	1	122	204	2006
423	1	2	143	202	2006
424	2	1	137	209	2004
425	1	2	131	204	2007
426	5	2	132	0	2008
427	2	1	0	0	2005
428	2	1	108	202	2005
429	1	2	113	0	2008
430	1	1	131	206	2009
431	1	2	0	0	2006
432	2	0	0	0	0
433	1	0	0	0	0
434	1	1	123	207	2008
435	1	1	137	204	2008
436	2	1	108	209	2004
437	1	1	127	209	0
438	1	2	112	204	2006
439	1	2	127	207	2007
440	1	2	143	209	2006
441	5	2	131	0	0
442	1	1	112	206	2008
443	1	2	142	207	2007
444	1	2	131	207	2008
445	1	1	116	205	2005
446	2	1	0	0	2003
447	1	2	127	209	2007
448	2	2	143	205	2004
449	2	2	149	0	2005
450	2	2	112	203	2005
451	1	1	132	205	2008
452	1	1	139	202	2009
453	2	2	132	206	2000
454	1	2	143	207	2008
455	1	2	148	204	2007
456	1	2	139	203	2008
457	1	2	125	203	2009
458	2	1	122	210	2004
459	2	1	123	0	2005
460	1	1	108	206	2008
461	1	1	131	203	2007
462	1	2	0	209	2009
463	1	1	122	210	2009
464	1	1	108	210	2009
465	1	1	108	207	2008
466	1	1	0	205	2007
467	1	2	132	205	2008
468	1	1	127	202	2009
469	1	1	122	203	2007
470	1	2	132	208	2005
471	2	2	133	205	2004
472	1	1	125	206	2007
473	2	2	115	208	2005
474	2	0	142	205	2005
475	2	2	122	206	2005
476	1	1	131	203	2009
477	2	1	118	0	2005
478	1	2	112	0	2005
479	1	2	121	208	2006
480	2	1	142	202	2000
481	2	2	115	208	2004
482	1	2	143	202	2007
483	1	2	113	207	2007
484	1	1	131	207	0
485	1	0	112	203	2006
486	1	1	121	206	2008
487	1	0	0	0	0
488	1	1	0	210	2008
489	2	2	142	205	2001
490	2	2	132	203	2005
491	1	2	120	207	2007
492	1	2	125	208	2008
493	2	1	138	207	2004
494	1	2	120	209	2006
495	2	2	108	210	2004
496	1	2	142	204	2007
497	1	1	131	209	2009
498	1	2	123	209	2007
499	1	2	108	207	2006
500	1	2	141	206	2005
501	1	2	142	208	2008
502	1	2	131	205	2009
503	1	1	124	208	2007
504	1	1	131	203	2008
505	1	1	108	209	2008
506	1	1	148	203	2008
507	1	1	108	209	2007
508	1	2	143	206	2009
509	1	2	137	208	2007
510	1	2	108	203	2006
511	1	0	125	0	0
512	1	2	108	0	2006
513	1	2	138	209	2009
514	2	2	122	206	2004
515	1	1	0	208	2008
516	1	1	127	204	2006
517	1	2	131	208	2009
518	2	2	112	207	2002
519	1	1	114	209	2006
520	1	1	131	206	2006
521	1	1	137	207	2009
522	2	2	138	0	2005
523	1	1	125	205	2009
524	2	2	112	202	2005
525	2	2	113	208	2004
526	1	2	119	0	0
527	1	2	121	203	2007
528	1	2	143	210	2007
529	1	1	138	202	2006
530	1	2	120	202	2007
531	1	1	0	205	2008
532	1	2	139	205	2008
533	1	2	112	205	0
534	1	1	0	207	2007
535	1	2	108	203	2008
536	1	1	131	209	2009
537	1	2	128	205	0
538	1	1	131	202	2007
539	5	2	137	0	2009
540	1	1	131	204	2008
541	1	1	0	202	2007
542	1	1	111	204	2008
543	1	1	122	210	2008
544	1	1	127	0	2008
545	1	1	0	203	2007
546	1	1	116	210	2008
547	2	2	142	205	2000
548	2	1	129	204	2005
549	1	2	143	206	2006
550	2	2	131	205	0
551	1	2	137	204	2009
552	1	1	113	207	2006
553	2	2	137	207	2005
554	2	1	119	0	2005
555	1	2	132	203	2009
556	1	1	136	205	2008
557	1	1	114	203	2008
558	1	2	123	209	2006
559	1	2	136	207	2009
560	1	2	122	207	2007
561	2	2	116	208	2005
562	1	2	136	209	2009
563	1	1	108	210	2009
564	1	0	0	0	0
565	2	1	143	202	2005
566	1	2	144	207	2007
567	1	1	125	207	2006
568	2	1	108	205	2004
569	2	2	143	202	2004
570	2	2	131	0	2005
571	1	2	131	205	2008
572	1	2	114	204	2007
573	1	1	123	203	2006
574	2	2	137	208	2005
575	1	2	141	204	2009
576	1	2	123	207	2006
577	1	1	123	208	2007
578	2	2	112	208	2004
579	1	1	123	202	2009
580	2	1	133	208	2003
581	1	1	122	210	2008
582	1	1	137	202	2009
583	3	2	112	0	0
584	1	2	143	202	2008
585	4	2	0	0	0
586	1	1	138	204	2006
587	2	2	133	208	2004
588	1	1	108	207	2008
589	1	2	143	204	2007
590	1	2	143	209	2006
591	1	1	0	205	2008
592	2	2	123	210	2005
593	1	1	131	207	2006
594	1	1	0	202	2009
595	1	1	122	207	2009
596	1	1	120	210	2006
597	5	2	132	0	2008
598	1	2	125	209	2009
599	1	1	122	206	2007
600	2	1	108	205	2004
601	1	2	142	205	2006
602	1	2	121	202	2008
603	1	1	136	210	2009
604	1	1	124	210	2006
605	1	1	127	208	2009
606	5	1	123	209	2002
607	4	1	0	0	0
608	1	1	139	203	2007
609	1	0	0	0	0
610	1	1	113	207	2009
611	1	2	121	207	2006
612	1	1	111	206	2008
613	1	2	125	204	2006
614	1	2	142	210	2007
615	2	2	112	204	2005
616	1	2	149	203	2006
617	1	1	108	210	2006
618	1	1	142	205	2009
619	2	1	112	0	2004
620	1	2	132	202	2009
621	2	1	124	202	2002
622	1	1	118	209	2005
623	1	1	120	206	2007
624	1	2	120	209	2008
625	1	2	127	207	2008
626	1	2	142	202	2006
627	1	2	122	203	2009
628	2	2	141	208	2004
629	1	1	121	206	2009
630	2	1	122	204	2004
631	1	1	134	204	2009
632	1	2	108	204	2009
633	2	2	139	210	2005
634	1	1	133	205	2006
635	2	2	127	209	0
636	1	2	108	210	2006
637	1	1	127	210	2009
638	1	1	106	208	2008
639	2	1	122	203	2005
640	1	1	141	0	2004
641	1	2	143	202	0
642	1	0	143	207	2008
643	1	2	131	208	0
644	1	1	131	207	2007
645	1	1	114	209	2008
646	1	2	0	210	2008
647	1	2	127	210	2007
648	1	2	142	203	2008
649	1	1	131	202	2007
650	1	2	131	203	0
651	1	1	131	206	2008
652	2	1	125	204	2004
653	1	1	114	210	0
654	1	2	120	0	2008
655	1	1	131	206	2007
656	2	1	134	0	2005
657	1	1	0	208	2009
658	1	2	137	0	2008
659	1	2	131	203	2008
660	2	2	142	207	2004
661	1	2	141	205	2009
662	2	1	108	206	2004
663	1	2	108	203	2007
664	2	1	124	210	2005
665	1	2	136	203	2007
666	1	1	143	204	2008
667	1	2	122	207	2008
668	1	0	0	0	0
669	2	2	142	208	2005
670	2	1	133	207	2004
671	1	0	131	207	2006
672	2	2	131	208	2005
673	5	2	111	0	0
674	1	2	131	207	2007
675	1	2	131	203	2007
676	2	2	141	204	2001
677	1	2	136	206	2005
678	1	1	108	208	2006
679	2	2	142	209	2004
680	1	2	142	206	2006
681	1	2	137	204	2007
682	1	2	131	204	2008
683	1	1	136	206	2007
684	2	2	137	202	2004
685	1	1	133	210	2008
686	1	2	116	206	2006
687	1	1	131	202	2008
688	1	2	138	203	2008
689	1	2	124	204	2006
690	1	2	138	203	2006
691	1	2	139	207	2008
692	2	2	142	202	2004
693	2	2	141	203	2003
694	5	1	125	0	2007
695	1	2	137	205	2006
696	1	2	131	205	2007
697	1	0	0	0	0
698	1	1	113	204	2006
699	1	1	131	207	2007
700	1	1	125	202	2007
701	1	1	142	205	2007
702	1	2	119	210	2007
703	1	2	149	203	2007
704	1	1	125	204	2006
705	1	2	120	206	2008
706	1	1	127	0	2008
707	5	2	114	0	0
708	2	2	113	208	2004
709	2	2	138	210	1980
710	1	1	144	203	2007
711	1	2	120	205	2008
712	1	1	138	207	2007
713	1	0	0	0	0
714	1	2	125	204	2009
715	2	2	138	210	2005
716	1	2	120	210	2009
717	1	2	143	203	2009
718	5	2	135	0	2005
719	1	1	123	203	0
720	2	2	109	206	2004
721	2	1	123	206	2001
722	1	2	131	205	2009
723	1	2	108	207	2005
724	1	2	137	209	0
725	1	2	114	202	2006
726	2	1	143	203	2005
727	1	0	0	0	0
728	2	2	138	202	2002
729	1	2	126	204	2005
730	1	1	120	207	2006
731	1	2	123	207	2007
732	1	2	131	205	2007
733	1	0	0	0	0
734	2	2	136	207	2004
735	2	2	125	208	1973
736	1	2	120	209	2005
737	1	1	137	207	2009
738	2	1	122	202	0
739	2	1	149	204	2005
740	1	1	137	204	2009
741	1	1	137	202	2008
742	1	2	143	206	2008
743	2	2	0	206	2003
744	2	2	136	203	2005
745	2	1	112	210	2003
746	2	1	109	204	2004
747	1	2	131	206	2008
748	2	1	108	208	2005
749	2	1	108	0	2005
750	1	1	125	210	2008
751	1	1	0	203	2009
752	1	1	123	208	2006
753	2	1	138	208	2005
754	2	2	142	206	0
755	2	1	113	207	0
756	1	2	112	208	2006
757	1	1	132	208	2007
758	1	1	112	205	2006
759	1	1	143	205	2006
760	1	2	136	203	2007
761	2	0	120	206	2004
762	1	1	122	209	2006
763	2	1	113	203	2004
764	2	1	114	205	2003
765	1	0	137	209	0
766	1	1	134	210	2006
767	2	1	112	0	2004
768	1	2	136	207	2009
769	3	0	0	0	0
770	1	2	113	202	2009
771	1	2	131	204	2006
772	1	1	137	205	2006
773	1	2	120	202	2007
774	1	2	135	206	2007
775	1	1	112	207	2007
776	1	2	122	207	2008
777	1	2	122	205	2009
778	1	2	108	205	2007
779	1	2	113	203	2009
780	1	2	134	208	2006
781	1	2	121	210	2008
782	1	1	131	205	0
783	2	2	120	202	2004
784	1	2	121	206	2007
785	1	1	114	204	2009
786	1	2	122	205	2007
787	1	1	108	204	2008
788	1	1	143	203	2006
789	2	1	112	205	2004
790	2	1	123	202	2005
791	1	0	0	0	0
792	1	2	143	210	2009
793	5	2	142	0	2010
794	1	1	131	210	2007
795	1	2	139	203	2005
796	2	1	131	204	2005
797	1	1	123	209	2006
798	1	2	141	205	2009
799	2	2	141	206	2005
800	2	1	120	202	2003
801	1	0	0	0	0
802	1	1	112	204	2008
803	1	2	0	210	2007
804	1	2	119	204	2007
805	2	2	118	203	2004
806	1	1	139	203	2007
807	1	2	0	208	2008
808	1	2	0	202	2007
809	1	1	131	203	2008
810	1	1	106	205	2007
811	1	1	124	206	2009
812	2	1	127	0	2005
813	1	0	0	0	0
814	1	1	113	203	2007
815	1	2	123	204	2009
816	1	2	149	204	2009
817	1	2	0	209	2008
818	1	2	135	209	2006
819	2	1	113	202	2003
820	1	1	123	203	2009
821	1	2	143	204	2008
822	1	2	141	203	2007
823	1	1	131	209	2008
824	1	1	108	210	2009
825	1	2	135	210	2006
826	1	2	136	207	2007
827	1	1	124	205	2005
828	5	1	109	0	0
829	1	1	131	203	2006
830	1	1	114	205	2007
831	2	2	142	203	2004
832	1	2	131	205	2009
833	1	0	0	0	0
834	2	1	142	209	2004
835	1	2	106	209	2007
836	5	2	127	0	2007
837	2	2	142	210	2002
838	2	2	142	207	2005
839	2	2	112	208	2005
840	1	1	148	203	2007
841	5	0	140	0	0
842	2	0	0	203	2005
843	5	1	134	0	0
844	2	1	108	209	2004
845	1	2	142	207	2007
846	1	2	139	208	2007
847	2	1	131	205	2005
848	1	1	127	205	2006
849	2	2	122	204	2005
850	1	2	137	207	2006
851	1	1	137	202	2009
852	1	2	123	207	2007
853	1	2	127	205	2008
854	1	2	143	204	2006
855	1	2	136	208	2009
856	1	1	0	202	2009
857	1	0	141	202	2007
858	1	1	143	204	2007
859	1	2	137	210	2009
860	1	2	0	204	2009
861	1	2	120	206	2008
862	1	2	152	208	2009
863	2	2	151	208	2005
864	1	2	120	203	0
865	1	2	120	205	2006
866	2	2	141	205	2003
867	5	1	136	209	2004
868	1	1	115	207	2007
869	1	2	142	207	2007
870	1	0	0	0	0
871	1	2	131	206	2006
872	1	1	131	0	2007
873	1	2	142	206	2009
874	2	2	0	208	2004
875	5	2	0	0	0
876	5	1	114	0	2010
877	2	2	136	205	2005
878	1	1	122	206	2006
879	2	1	137	206	2005
880	1	2	143	205	2008
881	1	1	108	204	2007
882	1	2	120	0	0
883	2	1	119	203	2004
884	1	1	0	205	2009
885	1	2	122	208	2007
886	3	2	122	0	0
887	1	2	142	203	2006
888	1	2	122	207	2007
889	1	1	0	210	2007
890	1	2	138	205	2008
891	1	1	113	202	2006
892	2	1	122	209	2004
893	1	1	148	208	2007
894	1	1	0	0	0
895	2	1	141	208	2004
896	2	2	135	0	0
897	2	1	124	0	2005
898	1	1	108	202	2007
899	1	2	143	204	2009
900	1	1	131	208	2007
901	1	1	139	205	2005
902	2	1	124	203	2004
903	2	1	137	207	2004
904	1	1	0	205	2008
905	2	1	133	210	2003
906	1	2	125	206	2005
907	2	1	143	206	2003
908	2	1	124	0	2004
909	2	1	122	202	2005
910	1	1	137	208	2009
911	1	1	138	210	2007
912	1	2	0	207	2008
913	1	2	0	210	2007
914	1	1	108	207	2007
915	2	0	123	206	2004
916	2	2	143	202	2005
917	1	1	112	207	2005
918	1	1	138	204	2006
919	2	2	108	210	2003
920	1	1	139	209	2007
921	1	1	131	210	0
922	1	2	142	203	2005
923	1	1	121	209	2006
924	1	1	146	205	2008
925	1	2	131	206	2006
926	2	1	119	209	2005
927	1	2	120	202	2008
928	2	1	123	0	2005
929	1	1	121	205	2007
930	2	2	131	204	2005
931	1	1	121	202	2006
932	1	2	141	209	2006
933	2	1	133	202	2003
934	1	2	143	208	2008
935	2	1	0	0	2005
936	1	1	132	0	2006
937	1	1	132	209	2009
938	1	1	123	205	2006
939	1	1	112	207	2007
940	1	1	131	210	2007
941	2	2	114	202	2005
942	1	1	106	206	2005
943	5	2	131	0	2006
944	1	2	143	203	2010
945	2	0	0	0	0
946	1	1	143	206	2006
947	1	2	122	209	2007
948	1	1	0	206	2007
949	2	2	133	205	2005
950	1	1	125	202	2008
951	2	2	141	209	1997
952	2	0	0	0	0
953	2	2	143	209	2003
954	1	2	113	205	2007
955	1	1	131	205	0
956	1	2	132	210	2006
957	1	1	112	203	2007
958	5	2	137	207	2004
959	1	2	120	204	2007
960	2	2	121	210	2005
961	2	1	139	209	2001
962	1	1	113	206	2007
963	1	2	135	206	2008
964	1	1	144	0	2006
965	2	1	112	207	2005
966	2	2	142	208	2003
967	1	2	0	210	2009
968	1	0	131	206	2008
969	1	2	136	203	2009
970	1	2	112	203	2007
971	2	1	112	209	2004
972	1	1	113	202	2008
973	1	2	143	203	2009
974	1	1	131	204	2006
975	1	1	138	203	2007
976	1	2	0	203	2009
977	1	2	143	205	2009
978	2	1	122	207	2003
979	1	2	137	210	2006
980	1	2	0	203	0
981	1	1	122	207	2007
982	2	0	0	0	0
983	1	0	0	0	0
984	2	2	124	203	2004
985	1	2	108	0	2005
986	1	1	131	207	2008
987	1	2	138	208	2008
988	1	1	139	203	2007
989	1	2	135	205	2008
990	1	2	108	0	2006
991	1	2	143	203	2007
992	1	2	121	205	2007
993	1	1	124	206	2008
994	1	2	142	208	2009
995	1	2	127	0	0
996	1	0	106	0	0
997	1	1	112	203	2006
998	2	0	119	204	2005
999	1	1	127	207	2008
1000	1	2	151	205	2009
1001	1	2	143	209	2008
1002	2	0	0	0	0
1003	1	2	122	209	2009
1004	1	2	122	203	2008
1005	1	1	139	208	2006
1006	2	0	0	204	0
1007	1	1	136	209	2005
1008	2	2	131	208	2005
1009	1	1	115	203	2007
1010	2	1	131	206	0
1011	1	1	138	209	2006
1012	1	2	143	209	2009
1013	1	1	131	204	2007
1014	2	2	122	208	2003
1015	1	2	142	205	2007
1016	2	1	112	202	2003
1017	5	2	108	0	2004
1018	3	1	152	210	2010
1019	2	1	139	208	2004
1020	2	1	112	205	2005
1021	1	2	120	207	2009
1022	2	1	140	208	2004
1023	1	2	0	206	2007
1024	2	2	108	210	2003
1025	1	2	143	207	2007
1026	1	1	125	203	2007
1027	2	1	122	207	2004
1028	4	1	0	0	0
1029	1	2	122	206	2006
1030	1	2	135	209	2007
1031	1	1	119	210	2006
1032	1	1	116	207	2007
1033	1	1	0	209	2007
1034	1	0	0	207	2006
1035	2	2	137	206	2005
1036	1	2	0	0	0
1037	1	1	113	202	2009
1038	1	1	137	206	2009
1039	1	1	148	206	2009
1040	1	2	131	208	2009
1041	1	1	0	206	2009
1042	4	0	0	0	0
1043	2	2	115	208	2004
1044	1	0	122	0	2005
1045	1	2	138	207	2006
1046	3	2	134	0	0
1047	1	1	137	203	2009
1048	1	1	137	209	2006
1049	1	0	0	0	0
1050	1	0	0	0	0
1051	2	2	137	210	2004
1052	1	2	137	207	2006
1053	1	2	0	207	2009
1054	1	1	124	210	2007
1055	1	1	148	210	2009
1056	1	1	131	206	2007
1057	1	1	138	208	2009
1058	1	2	136	206	2006
1059	1	1	108	208	2008
1060	1	2	138	207	2008
1061	2	1	131	0	2005
1062	1	2	143	202	2008
1063	1	1	132	204	2006
1064	1	2	132	207	2007
1065	1	2	111	207	2007
1066	1	2	0	207	2006
1067	1	1	125	208	2008
1068	1	2	0	0	2006
1069	1	1	106	205	2007
1070	1	2	125	206	2009
1071	1	2	115	210	2006
1072	1	1	132	208	2007
1073	1	1	138	203	2007
1074	1	2	152	208	0
1075	2	2	120	0	2005
1076	1	0	112	208	0
1077	1	2	143	210	2009
1078	1	1	125	0	2007
1079	1	1	148	210	2008
1080	1	2	108	0	0
1081	1	2	113	202	2009
1082	1	2	143	208	2006
1083	1	1	131	207	2007
1084	1	1	147	204	2007
1085	1	1	108	210	2007
1086	1	2	142	207	2006
1087	2	1	133	210	2005
1088	2	1	133	205	2004
1089	1	2	120	208	2006
1090	1	1	150	204	2007
1091	1	1	135	0	2006
1092	1	2	120	207	2008
1093	1	1	141	203	2007
1094	1	2	138	210	2007
1095	2	2	108	203	2004
1096	1	1	127	202	2008
1097	1	1	108	205	2008
1098	1	1	108	208	2007
1099	1	2	120	205	2005
1100	1	2	120	210	2007
1101	2	2	135	205	2004
1102	1	0	139	208	2009
1103	1	1	132	207	2008
1104	2	1	146	206	2005
1105	1	2	125	203	2007
1106	2	0	0	0	0
1107	2	2	0	205	0
1108	1	0	137	208	2006
1109	5	2	136	0	0
1110	1	2	139	207	2006
1111	1	2	0	210	2009
1112	1	2	113	203	2006
1113	1	1	120	202	2009
1114	2	0	0	0	0
1115	1	1	137	209	2008
1116	1	1	122	210	2009
1117	1	1	131	204	2008
1118	2	1	123	208	2002
1119	2	2	142	0	0
1120	1	1	138	207	2007
1121	1	1	143	207	2009
1122	1	2	151	206	2006
1123	1	2	131	203	2009
1124	1	1	115	210	2008
1125	2	1	119	208	2004
1126	2	1	143	210	2005
1127	5	1	112	0	2008
1128	2	2	135	203	2005
1129	2	2	131	208	2000
1130	1	1	112	207	2008
1131	1	2	0	206	2009
1132	1	2	136	205	2009
1133	2	2	123	202	2004
1134	2	2	136	203	2003
1135	1	0	152	204	2006
1136	1	1	123	208	2007
1137	1	2	121	209	2008
1138	2	2	137	204	2004
1139	1	1	123	208	2007
1140	2	0	0	0	0
1141	5	0	0	0	0
1142	1	2	140	209	2009
1143	1	2	141	206	2006
1144	1	1	133	202	2009
1145	1	1	136	0	2004
1146	1	2	141	206	2006
1147	1	1	124	207	2006
1148	2	1	120	0	2004
1149	1	0	0	209	0
1150	1	2	142	209	2008
1151	1	1	132	210	2006
1152	2	1	131	210	2005
1153	1	2	121	205	2009
1154	2	2	127	0	2004
1155	1	1	138	203	2006
1156	1	2	131	210	0
1157	1	2	125	204	2007
1158	2	2	131	204	2004
1159	2	2	136	0	2005
1160	1	1	122	205	2005
1161	1	2	147	205	2008
1162	1	1	138	207	2006
1163	1	2	127	203	2008
1164	2	1	108	0	2005
1165	1	1	131	204	2006
1166	3	2	109	0	0
1167	1	1	137	203	2006
1168	1	1	137	203	2008
1169	2	2	123	208	2004
1170	1	2	141	206	2007
1171	1	2	131	207	2007
1172	1	2	0	206	2009
1173	2	1	120	205	2005
1174	2	1	124	0	2005
1175	1	1	119	206	2009
1176	1	2	137	207	2007
1177	1	1	121	203	0
1178	1	2	142	207	2007
1179	1	1	150	207	2009
1180	1	2	141	209	2008
1181	1	1	148	210	2009
1182	1	0	0	207	2008
1183	5	2	141	0	2004
1184	1	2	139	210	2006
1185	1	1	112	203	2007
1186	1	2	137	207	2006
1187	1	1	142	204	2007
1188	1	1	131	209	2009
1189	1	1	131	202	2008
1190	4	2	138	0	0
1191	1	1	139	205	2007
1192	1	1	108	202	2008
1193	1	1	114	205	2008
1194	2	2	142	210	2004
1195	1	2	112	206	2007
1196	1	2	113	205	2008
1197	2	1	137	208	2004
1198	1	1	127	206	2007
1199	1	2	131	209	2009
1200	1	1	0	202	0
1201	2	1	108	209	2005
1202	1	2	137	207	2008
1203	1	1	113	202	2008
1204	1	2	136	202	2006
1205	2	2	138	0	0
1206	1	2	112	208	2008
1207	1	2	131	204	2007
1208	1	0	138	207	2008
1209	1	2	0	210	2007
1210	1	2	120	0	2004
1211	1	1	108	206	2007
1212	1	2	143	210	2008
1213	1	1	122	209	0
1214	1	1	142	210	2008
1215	1	2	0	209	2008
1216	1	1	112	202	2006
1217	1	2	137	210	2008
1218	2	2	141	205	2004
1219	1	1	112	208	2008
1220	1	2	108	204	2006
1221	5	2	143	0	0
1222	1	2	115	206	2009
1223	1	2	122	206	2007
1224	2	1	124	208	2005
1225	1	2	0	208	2008
1226	1	1	138	203	2006
1227	1	1	123	203	2006
1228	1	1	108	204	2007
1229	1	1	108	210	2008
1230	1	2	147	202	2007
1231	2	2	0	206	2005
1232	1	2	140	208	2008
1233	1	2	122	210	2008
1234	1	2	143	206	2009
1235	1	2	149	0	2006
1236	1	2	142	205	2009
1237	2	1	114	208	0
1238	1	1	122	202	2007
1239	1	1	120	207	2007
1240	1	2	123	202	2009
1241	1	1	122	206	2007
1242	1	1	123	203	2007
1243	1	2	120	208	2007
1244	1	2	143	205	2007
1245	2	1	114	209	2005
1246	2	2	120	204	2002
1247	1	2	143	210	2009
1248	1	2	127	0	0
1249	1	1	108	204	2006
1250	2	1	113	0	2004
1251	1	1	123	204	2009
1252	2	2	111	202	1999
1253	1	2	142	210	2007
1254	1	1	108	203	2008
1255	1	0	0	0	0
1256	1	2	108	205	0
1257	1	2	122	210	2008
1258	1	1	108	205	2005
1259	2	1	120	208	2004
1260	1	0	127	207	2007
1261	1	0	0	0	0
1262	2	2	142	209	2005
1263	1	1	127	203	2007
1264	2	2	112	209	2005
1265	1	2	115	209	2008
1266	1	1	0	205	2008
1267	1	2	131	204	2008
1268	2	2	127	207	2005
1269	2	1	131	203	2004
1270	2	0	0	0	0
1271	1	1	119	206	2007
1272	1	2	137	206	2009
1273	2	1	108	205	2004
1274	1	1	113	206	2006
1275	1	1	131	208	2008
1276	1	1	142	0	0
1277	2	1	0	204	0
1278	2	1	123	210	2005
1279	1	1	143	209	2008
1280	1	2	120	204	2006
1281	1	2	121	202	2006
1282	1	1	137	208	2009
1283	1	2	135	207	2008
1284	1	2	0	0	0
1285	1	0	0	204	0
1286	2	2	131	203	2004
1287	5	2	112	209	2005
1288	1	2	113	210	2009
1289	1	2	138	210	2008
1290	1	1	122	209	2009
1291	1	2	113	207	2006
1292	1	1	113	208	2008
1293	1	2	120	0	2007
1294	1	1	113	205	2006
1295	2	1	112	208	2005
1296	1	1	108	208	2006
1297	1	1	106	207	2006
1298	2	1	112	204	2004
1299	1	2	131	203	2009
1300	1	2	137	209	2007
1301	1	1	137	208	2009
1302	1	2	108	209	2007
1303	1	1	127	0	2006
1304	2	1	122	209	2001
1305	1	2	106	206	2006
1306	2	2	127	209	2004
1307	1	1	122	209	2006
1308	1	2	143	202	2006
1309	1	2	143	207	2005
1310	1	1	122	203	2007
1311	1	2	137	202	2009
1312	2	2	112	205	2005
1313	2	1	137	210	2005
1314	1	2	143	207	2009
1315	2	0	114	0	2004
1316	1	2	143	202	2009
1317	2	1	122	202	2004
1318	1	1	123	208	2007
1319	1	0	0	203	2006
1320	1	0	0	0	0
1321	1	1	135	205	2007
1322	1	0	148	209	2006
1323	1	1	135	208	2007
1324	1	2	120	206	2008
1325	1	1	112	204	2009
1326	1	1	123	204	2007
1327	1	2	132	203	2007
1328	2	2	115	205	1995
1329	1	2	131	209	2007
1330	1	2	144	204	2005
1331	2	2	0	206	2002
1332	1	1	125	0	2006
1333	1	1	123	205	2007
1334	1	2	131	0	2008
1335	3	1	134	0	0
1336	2	0	0	0	0
1337	1	2	0	0	0
1338	1	1	119	209	2007
1339	1	2	132	206	2009
1340	2	1	124	202	2005
1341	1	2	135	203	2007
1342	1	1	0	207	2009
1343	2	2	132	208	2005
1344	2	1	127	0	2005
1345	1	1	131	207	2008
1346	1	2	143	209	2009
1347	1	2	127	204	2007
1348	2	2	108	0	2005
1349	2	2	123	204	2005
1350	1	2	137	207	2005
1351	4	1	124	0	1995
1352	1	1	108	206	2007
1353	1	2	122	210	2006
1354	1	0	120	203	0
1355	1	2	121	207	2007
1356	1	1	0	208	2004
1357	1	2	0	202	2008
1358	1	2	137	210	2007
1359	1	0	0	210	0
1360	1	1	127	205	2009
1361	1	1	123	210	2009
1362	4	0	0	0	0
1363	2	1	123	202	2002
1364	1	2	137	209	2008
1365	1	1	133	203	2005
1366	1	2	135	205	2007
1367	2	2	120	209	2003
1368	1	1	135	208	2007
1369	1	2	138	210	2006
1370	1	1	131	210	2009
1371	1	2	142	209	2005
1372	1	2	135	208	2009
1373	1	1	133	208	2009
1374	1	1	124	204	2008
1375	1	1	106	203	2008
1376	1	2	136	206	2009
1377	5	0	0	0	0
1378	1	2	0	208	2009
1379	2	1	0	0	2005
1380	2	1	123	210	2005
1381	2	1	114	204	2004
1382	1	1	112	210	2007
1383	5	1	0	0	2006
1384	1	2	135	207	2008
1385	2	0	124	209	2003
1386	2	0	0	0	0
1387	1	1	144	210	2006
1388	2	2	138	205	2004
1389	1	1	131	208	2006
1390	5	2	149	204	2006
1391	2	1	123	202	2004
1392	1	1	123	207	0
1393	1	2	137	205	2008
1394	1	1	127	202	2008
1395	1	0	0	0	0
1396	1	1	131	203	2007
1397	2	1	151	209	2005
1398	1	1	0	206	2008
1399	2	1	118	202	2005
1400	1	1	125	207	2005
1401	1	2	120	204	2005
1402	1	1	148	209	2008
1403	1	1	0	207	2007
1404	1	1	0	209	2009
1405	1	2	0	207	2008
1406	1	2	141	209	2006
1407	1	1	137	203	2006
1408	2	1	127	0	2005
1409	1	2	131	204	2008
1410	2	1	108	208	2004
1411	1	1	134	208	2007
1412	1	1	125	206	2007
1413	2	0	137	209	2005
1414	1	1	127	203	2009
1415	1	2	120	0	0
1416	5	2	143	0	2005
1417	1	2	141	203	2009
1418	2	1	119	210	2005
1419	5	2	136	0	0
1420	1	2	0	210	2009
1421	1	2	127	204	2009
1422	1	2	152	204	2009
1423	1	1	131	205	2008
1424	1	1	120	204	2006
1425	2	1	135	205	2005
1426	1	1	119	209	2006
1427	1	2	122	203	2008
1428	2	2	131	207	0
1429	2	0	0	0	0
1430	1	1	108	208	2009
1431	1	1	127	0	2006
1432	1	1	113	204	2009
1433	5	2	136	0	2008
1434	1	2	121	205	2008
1435	1	1	123	207	2008
1436	1	1	118	209	2008
1437	1	2	142	210	2008
1438	1	1	123	209	2008
1439	1	2	148	202	2008
1440	5	2	140	204	2005
1441	1	1	120	202	2008
1442	1	2	143	0	2005
1443	1	2	131	205	2006
1444	1	2	120	205	2006
1445	2	0	144	210	2005
1446	1	2	138	210	2008
1447	1	2	123	203	2006
1448	1	2	115	203	2008
1449	1	1	124	208	2008
1450	1	2	138	202	2009
1451	1	1	106	208	2007
1452	1	2	0	203	2009
1453	1	2	138	209	2006
1454	1	1	136	203	2009
1455	1	2	132	205	2006
1456	1	2	123	207	2007
1457	2	1	152	205	2004
1458	1	2	131	203	2006
1459	1	1	131	209	2008
1460	2	1	112	210	2004
1461	1	1	108	209	2009
1462	2	2	141	202	2002
1463	1	2	121	208	2006
1464	1	1	119	205	2009
1465	1	1	108	209	2008
1466	2	2	142	208	2004
1467	1	2	119	210	2007
1468	1	2	127	206	0
1469	1	2	0	204	2007
1470	1	2	149	210	2007
1471	1	2	141	203	2008
1472	1	1	123	203	2007
1473	2	1	112	204	2005
1474	2	1	113	204	2005
1475	1	2	120	205	2007
1476	1	1	131	202	2007
1477	4	2	0	0	0
1478	1	2	122	202	2007
1479	1	1	122	208	2008
1480	2	2	120	206	2005
1481	2	2	143	204	2005
1482	1	2	0	206	2009
1483	2	0	131	206	0
1484	2	1	140	203	2004
1485	1	1	131	202	2006
1486	4	2	0	0	0
1487	2	2	120	202	2004
1488	1	1	0	209	2008
1489	1	2	113	202	2007
1490	2	2	113	205	2005
1491	2	1	151	205	2004
1492	1	0	0	0	0
1493	1	1	139	202	2008
1494	2	2	124	205	2005
1495	2	1	143	203	2005
1496	2	1	132	202	2005
1497	1	1	141	206	2008
1498	1	1	123	208	2006
1499	1	1	113	204	2008
1500	1	1	132	203	2007
1501	1	2	114	209	2008
1502	1	2	113	204	0
1503	1	2	131	208	2007
1504	1	2	141	206	2007
1505	1	1	143	202	2008
1506	5	1	109	0	2009
1507	1	1	143	206	2008
1508	2	2	122	203	2004
1509	1	2	122	206	2009
1510	2	2	141	205	2004
1511	1	2	127	202	2008
1512	1	2	131	209	2008
1513	2	1	123	202	2005
1514	1	2	138	202	2008
1515	4	2	0	204	0
1516	1	1	115	210	2005
1517	1	2	0	203	2008
1518	1	1	131	203	2006
1519	1	1	137	206	2009
1520	1	2	140	208	2008
1521	1	1	131	209	2006
1522	1	1	110	204	2007
1523	1	2	0	207	0
1524	2	1	124	206	2005
1525	1	2	143	204	2009
1526	1	0	137	0	0
1527	1	2	123	202	2008
1528	2	1	0	0	2004
1529	2	1	131	207	2005
1530	1	2	121	205	2007
1531	1	2	143	209	2007
1532	1	2	143	209	2008
1533	1	1	131	204	2009
1534	1	1	139	0	2006
1535	1	1	131	202	2009
1536	2	1	127	209	2004
1537	1	2	141	203	2007
1538	1	2	120	207	2005
1539	1	1	118	205	2008
1540	1	0	152	206	0
1541	1	2	136	205	2006
1542	1	1	139	210	2005
1543	1	1	112	206	2006
1544	1	1	120	204	0
1545	1	2	145	204	2006
1546	1	2	137	210	2009
1547	2	2	131	205	2004
1548	1	2	113	204	2005
1549	1	2	131	208	2008
1550	1	1	123	204	2008
1551	1	2	138	203	0
1552	1	1	143	207	2007
1553	1	2	147	202	2008
1554	1	2	141	203	2006
1555	2	1	122	202	2005
1556	2	2	120	207	2005
1557	1	2	143	204	2008
1558	1	2	122	207	2009
1559	1	2	133	210	2006
1560	2	2	0	204	2004
1561	1	1	119	209	2009
1562	1	2	0	209	2008
1563	1	2	137	202	2009
1564	3	1	146	0	0
1565	1	1	119	0	2008
1566	1	1	120	203	2007
1567	1	2	121	202	2008
1568	1	2	122	203	2008
1569	1	2	0	208	2009
1570	1	1	148	208	2008
1571	1	2	113	206	2006
1572	1	1	0	208	2007
1573	1	2	115	207	2008
1574	5	2	115	0	0
1575	1	2	143	207	2007
1576	2	1	127	209	0
1577	1	2	149	204	2007
1578	1	2	112	205	2007
1579	1	1	131	203	0
1580	1	1	148	205	2007
1581	1	2	142	206	2006
1582	1	2	122	204	2006
1583	2	1	121	0	2005
1584	1	2	141	210	2008
1585	2	2	143	208	1997
1586	1	2	120	202	2008
1587	2	2	120	205	2000
1588	1	2	141	210	2009
1589	1	2	149	0	0
1590	1	2	122	209	2008
1591	1	2	137	203	2009
1592	1	1	127	207	2006
1593	1	1	123	202	2007
1594	1	2	143	204	2006
1595	1	1	108	208	2008
1596	1	1	0	208	2009
1597	1	2	147	210	2008
1598	1	2	131	208	2006
1599	1	1	148	207	2006
1600	1	0	137	208	0
1601	2	1	119	207	2005
1602	1	1	131	205	2006
1603	2	2	0	204	2004
1604	1	2	142	206	2009
1605	1	1	0	204	0
1606	1	1	0	209	2007
1607	3	2	127	0	0
1608	1	2	0	210	2009
1609	1	2	115	204	0
1610	1	1	124	202	2008
1611	1	1	120	206	2009
1612	2	2	125	210	2004
1613	1	2	120	210	2008
1614	1	1	108	207	2007
1615	1	2	120	202	2007
1616	1	1	134	208	2008
1617	1	2	131	207	2007
1618	1	2	113	0	2006
1619	2	1	137	204	2005
1620	1	2	0	206	2008
1621	1	2	120	209	2005
1622	2	2	142	202	2005
1623	1	1	0	205	2009
1624	1	2	131	209	2006
1625	1	1	108	205	0
1626	1	2	121	205	2006
1627	1	2	123	202	2008
1628	1	2	143	208	2009
1629	1	2	142	202	2009
1630	5	2	136	0	2010
1631	1	1	137	210	2009
1632	1	2	115	207	2006
1633	1	2	123	202	2009
1634	1	2	137	210	2006
1635	1	2	137	205	2007
1636	1	2	120	205	2007
1637	1	1	120	207	2006
1638	1	1	122	207	2005
1639	2	2	142	202	2004
1640	1	2	112	202	2006
1641	1	1	123	202	2008
1642	1	1	131	209	2009
1643	1	1	123	208	2006
1644	1	2	125	206	2006
1645	2	1	122	204	2004
1646	2	2	136	0	0
1647	1	1	142	209	0
1648	1	2	120	208	2007
1649	1	2	135	202	2007
1650	2	2	131	207	2004
1651	1	1	123	203	2007
1652	1	1	132	205	2007
1653	2	2	120	205	2004
1654	2	1	123	0	2005
1655	5	2	149	206	2006
1656	1	1	151	203	2006
1657	1	2	135	203	2006
1658	1	1	121	202	2006
1659	1	2	113	207	2008
1660	2	2	141	207	2005
1661	1	2	125	208	2007
1662	2	0	0	0	0
1663	1	1	132	210	2008
1664	1	1	123	209	2009
1665	1	1	122	209	2007
1666	2	2	138	204	2003
1667	1	0	116	0	2007
1668	2	2	143	202	2004
1669	2	2	115	210	2003
1670	1	0	0	0	0
1671	1	1	131	209	2009
1672	1	1	124	202	2006
1673	1	2	108	205	2009
1674	2	1	139	209	2005
1675	1	2	138	206	2009
1676	1	2	120	203	2006
1677	1	0	0	0	0
1678	1	1	0	208	2009
1679	1	0	0	0	0
1680	1	2	122	204	2006
1681	1	1	131	203	2008
1682	1	1	147	205	2006
1683	1	0	0	0	0
1684	1	2	108	208	0
1685	1	2	142	206	2008
1686	1	1	131	206	2006
1687	1	1	120	208	0
1688	1	2	131	204	2008
1689	2	1	111	206	2005
1690	1	1	108	202	2008
1691	1	2	149	203	0
1692	1	2	121	0	2005
1693	1	2	127	208	2006
1694	2	0	0	0	0
1695	2	2	142	203	2003
1696	1	1	136	203	2008
1697	1	2	114	209	2006
1698	2	1	0	210	2005
1699	1	1	122	203	2009
1700	2	2	120	209	2004
1701	1	2	143	203	2009
1702	1	1	113	205	2009
1703	1	2	151	206	2007
1704	1	1	127	202	2005
1705	1	1	131	202	2007
1706	1	2	137	207	2009
1707	2	2	141	202	1999
1708	1	2	142	204	2009
1709	1	1	131	202	2009
1710	2	2	121	204	2002
1711	1	1	138	207	2008
1712	1	0	0	0	0
1713	1	2	120	203	2006
1714	2	0	0	0	0
1715	1	2	131	206	0
1716	1	2	137	207	2008
1717	5	2	131	0	2008
1718	1	1	125	207	2007
1719	1	2	132	207	2009
1720	2	2	142	203	2004
1721	1	1	143	202	2008
1722	1	1	137	206	2009
1723	2	1	110	208	2005
1724	1	2	120	210	2007
1725	1	2	149	209	2008
1726	1	1	138	205	2009
1727	1	1	133	206	2009
1728	2	1	143	209	2005
1729	1	2	107	202	2006
1730	1	1	137	205	2006
1731	1	2	0	207	2008
1732	1	2	108	0	2006
1733	1	1	137	206	2009
1734	1	1	127	208	2008
1735	2	1	137	208	2002
1736	1	1	120	202	2008
1737	2	2	132	207	2003
1738	1	1	137	203	2008
1739	1	2	139	207	2009
1740	1	2	120	210	2009
1741	1	2	0	207	2008
1742	1	2	121	205	2006
1743	2	1	137	205	2004
1744	1	1	136	203	2007
1745	2	0	0	0	0
1746	5	1	131	209	0
1747	1	2	127	209	2009
1748	1	1	0	206	2009
1749	1	1	113	209	0
1750	2	2	142	208	2004
1751	1	1	122	208	2007
1752	4	2	0	0	0
1753	1	1	108	202	2005
1754	1	1	131	208	2009
1755	1	2	133	206	2008
1756	1	2	143	207	2009
1757	1	1	123	203	2008
1758	1	2	140	208	2006
1759	1	2	142	202	2009
1760	2	1	108	204	2003
1761	1	2	127	208	2006
1762	2	2	141	202	2005
1763	1	1	123	202	2008
1764	1	2	115	204	2006
1765	1	2	0	210	2009
1766	1	1	120	202	2007
1767	1	2	146	203	2008
1768	1	2	143	206	2006
1769	2	1	127	205	2005
1770	1	1	141	204	2009
1771	1	2	122	210	2007
1772	1	1	125	202	2005
1773	1	0	122	203	2008
1774	1	1	0	203	2009
1775	2	2	134	206	2005
1776	1	1	119	204	2008
1777	1	2	115	0	2007
1778	1	2	123	206	2005
1779	1	1	108	208	2006
1780	1	2	120	0	0
1781	1	1	118	209	2007
1782	1	1	106	203	2007
1783	1	1	0	207	2009
1784	1	2	125	202	2005
1785	1	2	120	204	2006
1786	2	1	0	0	2005
1787	1	1	131	202	2006
1788	2	2	108	207	2004
1789	1	2	115	204	2006
1790	2	2	119	203	2004
1791	5	2	127	0	0
1792	1	2	131	206	2008
1793	1	2	142	207	2009
1794	1	1	124	208	2007
1795	1	1	124	204	2007
1796	1	2	140	209	2008
1797	2	1	122	207	2004
1798	1	1	122	206	2008
1799	5	2	136	0	0
1800	1	0	130	202	0
1801	1	2	143	205	2006
1802	2	2	120	0	2005
1803	1	2	141	204	2008
1804	2	1	108	210	2005
1805	1	2	0	206	2009
1806	1	2	108	206	2005
1807	1	1	149	209	2006
1808	1	2	142	203	2007
1809	1	2	142	204	2008
1810	1	2	0	207	2008
1811	2	1	119	202	2005
1812	2	2	124	210	2004
1813	1	1	120	210	2007
1814	1	1	113	207	2007
1815	2	2	136	210	2003
1816	1	2	139	207	2006
1817	2	2	120	209	2005
1818	1	1	120	207	2006
1819	1	2	121	202	2009
1820	1	2	143	208	2009
1821	1	2	131	208	2006
1822	1	1	150	206	2006
1823	2	1	131	210	2004
1824	5	2	142	204	2004
1825	1	1	122	202	2006
1826	5	2	136	0	0
1827	2	0	0	0	0
1828	1	0	0	203	0
1829	1	2	122	208	2009
1830	1	2	120	203	2006
1831	4	1	126	0	0
1832	1	1	131	202	2009
1833	4	1	0	0	0
1834	2	1	108	210	2004
1835	2	2	124	205	2005
1836	1	1	127	206	2008
1837	2	2	139	207	2004
1838	1	1	108	209	2009
1839	1	2	142	210	2005
1840	1	2	143	203	2006
1841	2	0	0	210	0
1842	1	2	141	210	2007
1843	1	1	122	210	2009
1844	5	0	0	0	0
1845	1	2	123	206	2009
1846	2	2	131	0	2005
1847	1	2	131	205	2006
1848	2	1	119	209	2005
1849	1	0	0	0	0
1850	2	2	143	207	2005
1851	1	2	121	204	2008
1852	1	0	125	207	2008
1853	2	2	0	209	2004
1854	1	1	0	210	2009
1855	2	2	0	210	2005
1856	2	2	113	204	2003
1857	1	2	142	210	2009
1858	1	2	140	204	2005
1859	1	1	138	210	2009
1860	1	1	106	208	2007
1861	1	1	132	210	2008
1862	1	1	133	207	2007
1863	1	1	113	210	2007
1864	1	2	136	206	2007
1865	1	0	0	0	0
1866	1	1	124	202	2007
1867	1	2	0	208	2009
1868	2	0	0	0	0
1869	1	2	123	205	2007
1870	2	2	142	210	2004
1871	1	1	0	204	2006
1872	1	2	141	208	2009
1873	1	1	127	204	2007
1874	1	1	123	204	2008
1875	1	2	135	202	2008
1876	2	1	108	203	2005
1877	1	1	0	202	2009
1878	1	2	108	209	2006
1879	2	2	142	209	2005
1880	1	1	127	208	2009
1881	1	2	138	202	2008
1882	2	1	137	207	2004
1883	1	2	0	204	2009
1884	1	1	127	202	2008
1885	5	2	142	208	2004
1886	1	2	145	207	2008
1887	1	1	127	0	2008
1888	1	2	139	204	2008
1889	2	2	120	202	2002
1890	1	1	121	210	2006
1891	1	1	131	203	2006
1892	1	2	133	203	2007
1893	1	1	124	206	2006
1894	1	2	137	208	2008
1895	1	2	131	210	2007
1896	1	2	120	208	2006
1897	1	1	120	206	2007
1898	1	2	121	202	2006
1899	1	1	131	202	2006
1900	5	1	127	0	0
1901	1	1	125	210	2007
1902	1	1	112	206	2008
1903	1	1	108	203	2008
1904	1	1	137	209	2007
1905	2	1	136	210	2004
1906	2	2	115	209	2005
1907	1	2	143	207	2006
1908	1	1	112	204	2009
1909	1	2	122	210	2008
1910	1	2	121	209	2008
1911	2	2	143	202	2003
1912	1	2	138	205	2006
1913	2	1	113	0	0
1914	1	2	113	208	2009
1915	1	2	124	209	2006
1916	1	2	112	209	2007
1917	1	2	131	204	2008
1918	2	2	141	210	0
1919	1	1	124	204	2008
1920	1	1	138	202	2006
1921	1	2	127	203	2006
1922	1	1	0	204	2006
1923	1	2	0	209	2009
1924	1	1	123	203	2006
1925	2	1	125	206	2005
1926	2	2	142	205	2005
1927	2	1	121	208	2004
1928	1	2	137	203	2009
1929	1	2	113	0	0
1930	1	1	122	204	2008
1931	1	2	136	206	2008
1932	2	1	111	0	2005
1933	1	1	112	202	2007
1934	1	1	108	202	2006
1935	1	2	135	202	2007
1936	1	2	142	204	2009
1937	1	2	143	209	2009
1938	1	2	120	203	2006
1939	2	2	141	208	2004
1940	4	2	112	0	0
1941	1	2	124	210	2008
1942	2	1	133	209	2005
1943	1	2	143	207	2009
1944	4	0	0	0	0
1945	5	1	132	0	0
1946	2	1	119	210	2004
1947	2	1	131	202	2005
1948	2	1	132	204	2005
1949	1	1	137	207	0
1950	1	2	131	203	2007
1951	1	1	120	208	2008
1952	1	2	131	208	2009
1953	1	1	131	206	2009
1954	1	1	122	205	2009
1955	2	0	0	0	0
1956	2	1	142	204	2005
1957	1	0	0	0	0
1958	1	1	134	204	2005
1959	1	1	0	206	2008
1960	1	2	142	204	2008
1961	1	2	132	205	2009
1962	1	1	135	203	2009
1963	1	2	140	208	2007
1964	1	0	122	0	2007
1965	1	2	135	202	2008
1966	1	1	122	204	2009
1967	1	1	123	203	2006
1968	2	1	108	209	2005
1969	1	2	138	203	2007
1970	2	0	108	208	2005
1971	1	2	143	210	2008
1972	1	1	143	202	2007
1973	1	2	138	207	2007
1974	1	1	0	207	0
1975	1	2	108	206	0
1976	1	1	112	205	2007
1977	2	2	138	202	0
1978	1	1	127	205	2009
1979	2	1	119	209	2005
1980	1	2	131	203	0
1981	2	2	131	203	2005
1982	2	2	138	205	2005
1983	1	2	137	205	2006
1984	1	0	0	0	0
1985	1	2	131	210	2008
1986	2	2	127	0	2004
1987	1	2	145	202	2007
1988	1	1	120	203	2008
1989	1	2	143	206	2008
1990	1	2	138	208	2007
1991	2	1	123	204	2005
1992	1	1	124	208	2006
1993	2	1	137	208	2005
1994	1	1	123	204	2007
1995	1	2	141	210	2008
1996	2	2	132	209	2005
1997	2	2	142	202	2004
1998	1	2	138	206	2007
1999	1	1	131	210	2006
2000	1	1	0	210	2009
2001	1	2	134	206	2008
2002	1	1	132	210	2009
2003	1	1	113	207	2008
2004	1	2	0	0	2007
2005	2	2	106	210	2005
2006	1	2	143	203	2009
2007	1	2	137	210	2009
2008	1	1	132	209	2008
2009	1	1	0	207	2007
2010	2	1	131	210	1999
2011	1	2	138	202	0
2012	1	2	146	205	2007
2013	1	1	125	209	2006
2014	2	2	112	205	2004
2015	1	2	139	204	2008
2016	4	2	0	0	0
2017	2	1	123	208	0
2018	1	1	139	204	2008
2019	1	1	113	209	2008
2020	1	1	113	202	2005
2021	5	2	137	0	2007
2022	1	1	137	206	2008
2023	5	2	120	0	0
2024	1	1	124	202	0
2025	1	2	148	202	2009
2026	2	1	125	0	2005
2027	1	2	132	210	2009
2028	1	1	138	208	2006
2029	1	1	131	210	2006
2030	1	1	136	205	2009
2031	2	2	116	209	2005
2032	2	1	131	206	2005
2033	2	1	127	0	0
2034	1	2	120	203	2006
2035	1	2	122	205	2008
2036	1	1	125	206	2005
2037	1	2	119	203	2006
2038	1	1	137	203	2009
2039	1	1	0	203	2008
2040	1	1	108	207	2007
2041	5	2	142	0	0
2042	1	1	120	204	2006
2043	1	1	122	205	2006
2044	1	2	132	203	2009
2045	1	2	143	206	2006
2046	1	1	112	209	2009
2047	1	2	131	204	2009
2048	1	2	131	210	2007
2049	5	2	112	0	0
2050	1	2	120	208	2007
2051	1	2	115	203	2006
2052	1	2	121	209	0
2053	1	1	108	204	2009
2054	1	2	123	205	2006
2055	1	2	127	204	2008
2056	2	1	108	202	2004
2057	2	0	118	0	2005
2058	2	2	131	209	2004
2059	1	1	120	206	2009
2060	1	2	143	205	2006
2061	1	1	112	205	2007
2062	2	0	0	0	0
2063	2	2	132	210	2004
2064	1	1	111	202	2007
2065	1	2	120	203	2009
2066	1	2	142	206	0
2067	1	2	108	207	2007
2068	1	1	123	209	2007
2069	1	2	141	210	2008
2070	1	2	123	207	0
2071	1	2	137	204	2008
2072	1	2	135	207	2008
2073	2	2	112	210	2005
2074	1	1	131	203	2006
2075	1	2	142	210	2008
2076	2	2	131	203	2004
2077	1	1	119	202	2007
2078	1	1	143	208	2007
2079	1	1	125	205	2007
2080	2	2	113	208	2003
2081	1	1	123	207	2006
2082	2	2	120	202	2005
2083	2	2	141	202	2003
2084	1	1	132	210	2007
2085	1	2	139	203	2009
2086	1	1	124	205	2005
2087	2	2	152	209	2004
2088	2	1	148	206	2003
2089	1	2	131	205	2006
2090	2	1	135	206	2003
2091	1	0	128	203	2004
2092	2	1	131	0	2005
2093	1	2	143	209	2007
2094	1	1	106	203	2009
2095	2	1	127	0	2005
2096	4	2	142	210	2005
2097	2	2	131	204	2003
2098	1	2	108	205	2008
2099	1	1	131	205	2009
2100	1	2	112	0	2009
2101	1	1	133	202	2006
2102	2	2	135	210	2005
2103	1	0	0	0	0
2104	1	0	0	0	0
2105	1	1	108	205	2008
2106	1	2	113	209	2006
2107	1	2	121	202	2006
2108	1	2	112	209	2009
2109	1	1	131	207	2008
2110	2	2	120	203	2004
2111	2	1	137	208	2004
2112	1	1	133	204	2006
2113	1	1	119	209	2007
2114	2	2	142	203	2004
2115	1	2	138	0	2005
2116	1	1	127	206	2009
2117	1	2	131	205	2006
2118	2	2	136	209	2005
2119	2	1	0	209	2004
2120	2	1	138	0	2005
2121	2	1	135	206	2005
2122	2	0	0	0	0
2123	1	0	0	0	0
2124	1	2	139	202	2009
2125	1	1	108	208	2006
2126	2	1	122	204	2004
2127	1	2	131	206	2008
2128	1	2	140	205	2007
2129	1	2	0	0	0
2130	1	0	0	0	0
2131	2	2	152	0	2008
2132	1	1	129	210	2006
2133	2	2	141	205	2005
2134	1	1	121	206	2008
2135	1	2	141	204	2009
2136	2	2	138	207	2005
2137	1	2	121	203	0
2138	1	1	139	208	2006
2139	1	1	108	206	2007
2140	2	2	0	202	2004
2141	1	2	136	210	2008
2142	2	2	141	202	2003
2143	1	2	131	206	2009
2144	2	1	108	202	2005
2145	1	1	125	209	2006
2146	4	1	113	0	0
2147	2	0	0	202	0
2148	1	1	108	205	2004
2149	1	1	142	209	2007
2150	2	2	128	0	0
2151	1	1	125	203	2006
2152	1	1	114	209	2008
2153	1	1	137	206	2008
2154	1	1	124	204	2007
2155	1	2	120	207	2008
2156	1	2	138	205	2006
2157	1	1	113	208	2008
2158	1	2	113	207	2006
2159	1	1	136	210	2008
2160	1	2	122	203	2009
2161	1	2	125	206	2008
2162	1	2	112	205	2005
2163	1	1	120	203	2009
2164	5	2	143	0	0
2165	1	1	136	205	2009
2166	1	1	120	209	2008
2167	1	2	139	202	2006
2168	2	1	120	202	0
2169	2	1	123	0	2004
2170	1	2	112	204	2009
2171	1	1	0	209	2009
2172	1	2	143	203	2007
2173	1	1	141	0	2006
2174	1	2	143	206	2008
2175	1	2	113	203	2009
2176	1	2	112	206	2008
2177	1	1	140	210	2006
2178	1	1	143	207	2006
2179	2	2	127	0	0
2180	1	1	0	206	2007
2181	1	2	0	206	2008
2182	1	2	112	207	2009
2183	1	1	136	204	2008
2184	1	2	143	204	2007
2185	1	1	127	203	2007
2186	1	1	138	203	2005
2187	1	0	0	0	0
2188	1	0	0	0	0
2189	1	2	113	206	2006
2190	2	2	122	209	2005
2191	1	1	0	208	2007
2192	2	1	119	208	2004
2193	5	0	0	0	0
2194	1	2	120	209	2009
2195	2	0	141	207	2003
2196	2	2	139	205	2004
2197	1	1	116	208	2006
2198	1	2	131	209	2009
2199	2	1	122	206	2005
2200	1	2	125	208	2006
2201	2	2	142	210	2003
2202	1	2	110	203	2005
2203	1	1	137	203	2009
2204	1	1	124	204	2006
2205	1	1	127	209	2007
2206	5	2	125	206	2005
2207	3	2	0	0	0
2208	2	2	120	208	2002
2209	1	2	0	204	2009
2210	1	1	116	204	2006
2211	1	1	0	0	0
2212	1	0	123	0	2007
2213	1	1	125	208	2008
2214	1	2	108	209	2008
2215	1	2	141	210	2008
2216	2	1	111	206	2005
2217	1	2	136	0	2009
2218	1	2	136	205	2006
2219	3	2	136	0	0
2220	1	1	0	202	2008
2221	1	1	127	204	2006
2222	1	2	142	203	2008
2223	1	1	131	204	2008
2224	2	2	142	210	2003
2225	1	2	123	206	2007
2226	1	1	152	202	2009
2227	5	2	141	208	2004
2228	1	1	106	210	2006
2229	2	2	141	206	2001
2230	1	1	123	209	2006
2231	1	1	111	208	2008
2232	5	2	122	0	2005
2233	2	2	143	206	2004
2234	1	1	125	205	2007
2235	1	1	113	210	2008
2236	2	1	108	0	2005
2237	4	1	0	0	0
2238	1	2	133	203	2006
2239	2	1	131	208	2005
2240	5	2	136	0	0
2241	2	1	124	207	2004
2242	2	0	0	0	0
2243	1	2	137	210	2007
2244	2	0	0	210	2005
2245	2	2	131	205	2004
2246	2	1	0	204	0
2247	1	2	122	206	2009
2248	1	2	112	210	2009
2249	1	2	139	203	2007
2250	1	2	0	206	2006
2251	1	2	122	202	2009
2252	2	2	127	208	2005
2253	1	0	0	202	0
2254	5	1	135	0	2010
2255	1	2	143	203	2009
2256	1	1	136	0	2007
2257	2	1	136	204	2005
2258	2	2	136	210	2005
2259	1	1	131	202	2006
2260	1	1	108	203	2009
2261	1	2	127	210	2005
2262	2	2	142	208	2003
2263	1	2	120	0	2006
2264	5	2	144	204	2001
2265	2	1	122	205	0
2266	1	1	131	203	2008
2267	1	2	137	204	2009
2268	2	0	142	206	2005
2269	1	2	148	204	2006
2270	1	1	122	205	2008
2271	1	1	119	204	2008
2272	1	2	136	206	2007
2273	1	1	108	208	2009
2274	1	1	118	205	2008
2275	1	1	0	209	2008
2276	2	1	125	204	2005
2277	1	1	108	203	2006
2278	2	2	133	210	2004
2279	1	1	131	207	2008
2280	2	1	131	204	2004
2281	2	2	139	205	2005
2282	1	2	142	207	2009
2283	2	1	131	210	2004
2284	1	1	108	207	2008
2285	2	2	122	207	2005
2286	1	1	123	0	2006
2287	1	1	141	205	2008
2288	1	1	148	202	2009
2289	2	2	145	204	2004
2290	1	0	113	205	2007
2291	1	0	0	0	0
2292	1	1	123	204	2007
2293	1	2	108	0	0
2294	1	2	122	204	0
2295	2	2	120	209	2001
2296	1	1	123	208	2007
2297	1	2	142	210	2006
2298	2	2	0	0	0
2299	1	1	140	203	2008
2300	1	2	137	208	2008
2301	1	2	138	209	2006
2302	1	2	122	204	2007
2303	2	2	142	204	2004
2304	1	1	121	202	2007
2305	1	1	124	203	2006
2306	1	1	131	202	2008
2307	1	1	131	202	2007
2308	2	2	108	0	2004
2309	1	2	121	203	2008
2310	1	1	0	208	2006
2311	1	1	122	205	2009
2312	1	1	124	210	2006
2313	5	2	127	0	2007
2314	2	1	123	203	2005
2315	1	2	137	203	2008
2316	1	1	108	207	2008
2317	1	2	131	203	2007
2318	2	1	123	206	2004
2319	1	2	120	205	2006
2320	1	2	122	205	2007
2321	1	1	147	205	2008
2322	1	0	0	0	0
2323	1	1	131	210	2008
2324	2	1	127	204	2004
2325	2	2	141	204	2005
2326	1	1	124	202	2007
2327	1	1	121	208	2006
2328	1	2	143	205	2007
2329	1	2	138	209	2006
2330	2	2	133	205	2000
2331	1	1	138	203	2007
2332	1	1	123	203	2008
2333	1	0	0	0	0
2334	1	2	0	0	0
2335	1	2	137	207	2006
2336	5	2	142	207	2003
2337	1	1	131	203	2008
2338	1	1	148	204	2007
2339	1	2	0	202	2008
2340	2	1	120	210	2000
2341	1	2	143	204	2008
2342	1	2	143	0	2008
2343	1	2	112	209	2006
2344	1	1	112	204	2009
2345	2	2	108	206	2004
2346	1	2	142	206	2007
2347	1	0	120	0	2007
2348	1	1	124	202	2008
2349	1	2	121	209	2006
2350	1	1	137	209	2007
2351	2	0	123	204	2005
2352	1	1	106	204	2008
2353	1	1	0	203	2009
2354	2	1	121	0	2005
2355	2	2	115	203	2005
2356	1	2	108	203	2006
2357	1	2	131	209	2007
2358	1	1	141	210	2006
2359	2	2	127	0	2005
2360	1	1	127	210	2007
2361	1	1	133	203	2007
2362	1	2	120	206	2008
2363	1	1	123	206	0
2364	1	2	0	202	2009
2365	1	0	113	203	2007
2366	1	2	143	0	2008
2367	2	0	140	0	2005
2368	2	2	122	207	2004
2369	1	1	121	205	2006
2370	2	1	108	206	2004
2371	1	2	128	206	2008
2372	1	1	120	205	2007
2373	1	1	108	0	0
2374	1	1	142	210	2008
2375	2	2	138	208	2004
2376	1	0	142	203	2007
2377	1	2	112	208	2008
2378	2	2	120	202	2004
2379	1	1	0	204	2009
2380	1	2	139	204	2006
2381	2	2	131	208	2005
2382	2	1	111	204	2004
2383	1	2	108	206	2005
2384	1	2	143	207	2008
2385	1	1	131	208	2009
2386	1	1	140	203	2008
2387	1	1	113	206	2007
2388	1	1	137	209	2009
2389	1	2	121	202	2006
2390	1	1	131	208	2008
2391	1	1	0	207	0
2392	5	0	123	0	2005
2393	2	2	131	202	2005
2394	1	1	108	206	2009
2395	1	2	137	203	2006
2396	1	1	0	209	2006
2397	2	1	108	209	2003
2398	1	2	122	209	2007
2399	1	2	125	208	2009
2400	1	2	138	204	2008
2401	1	1	131	208	2009
2402	2	1	148	204	2003
2403	2	1	0	0	2005
2404	5	0	0	0	0
2405	2	1	112	0	2005
2406	2	2	121	208	2005
2407	2	1	133	209	2005
2408	1	1	138	210	2008
2409	4	1	0	0	0
2410	2	2	143	204	2005
2411	1	2	131	207	2009
2412	2	1	115	205	2002
2413	1	2	121	209	2008
2414	1	1	137	210	2006
2415	2	2	137	204	2005
2416	1	2	143	207	2009
2417	1	1	148	210	2008
2418	4	2	142	206	0
2419	2	1	112	204	2004
2420	2	2	113	202	2005
2421	2	2	112	206	2002
2422	2	2	142	0	2004
2423	1	2	141	209	2004
2424	2	1	0	204	2003
2425	1	1	112	210	0
2426	2	2	131	204	2000
2427	5	1	109	0	0
2428	1	1	137	204	2007
2429	1	2	131	208	2008
2430	1	2	119	203	2008
2431	2	1	124	207	2005
2432	2	2	108	202	2004
2433	1	2	108	204	2008
2434	1	1	142	210	2005
2435	1	1	109	204	2007
2436	2	1	124	205	2005
2437	1	1	138	208	2008
2438	1	2	120	207	2006
2439	2	1	120	210	2004
2440	1	0	0	0	0
2441	1	1	123	207	2007
2442	1	2	113	208	2009
2443	2	2	142	208	2001
2444	2	1	108	206	2005
2445	2	1	119	206	2004
2446	1	2	141	204	2009
2447	1	0	120	207	0
2448	1	1	113	203	2008
2449	2	0	106	202	2004
2450	1	1	116	210	2008
2451	1	2	132	209	2008
2452	2	2	148	202	2005
2453	1	2	131	207	2006
2454	5	2	120	206	2005
2455	1	1	131	203	2009
2456	1	2	125	207	2009
2457	2	1	138	206	2003
2458	1	1	143	209	2008
2459	1	1	127	0	2008
2460	2	2	116	208	2005
2461	1	1	122	205	2007
2462	1	1	148	209	2009
2463	2	1	122	204	2004
2464	1	1	131	209	2008
2465	2	1	149	210	2005
2466	1	2	141	209	2005
2467	1	1	112	203	2006
2468	5	2	115	206	2008
2469	2	1	141	208	2004
2470	1	2	142	209	2006
2471	1	1	143	207	2009
2472	1	1	125	206	2007
2473	1	2	111	208	2008
2474	1	1	124	205	2007
2475	1	1	107	205	2006
2476	2	2	142	210	2002
2477	1	1	122	206	2008
2478	5	2	144	204	2003
2479	2	2	143	208	0
2480	5	2	140	0	0
2481	1	1	141	208	2007
2482	2	2	139	203	2005
2483	1	2	123	203	2006
2484	1	1	106	203	0
2485	1	0	0	0	0
2486	1	1	123	209	2008
2487	1	2	142	205	2005
2488	2	1	123	205	2003
2489	2	0	0	205	0
2490	1	2	142	207	2006
2491	2	1	142	0	2005
2492	1	1	0	209	2009
2493	2	1	150	0	2005
2494	1	1	121	205	2007
2495	1	2	125	208	2007
2496	1	2	128	205	2006
2497	1	2	127	206	2004
2498	1	1	149	206	2007
2499	2	2	113	206	2004
2500	1	2	137	202	2006
2501	1	2	120	208	2007
2502	1	1	137	208	2009
2503	1	2	136	204	2006
2504	2	1	123	209	0
2505	1	2	142	207	2008
2506	1	1	145	204	2008
2507	1	1	120	203	2008
2508	1	1	131	210	2009
2509	1	1	0	204	2008
2510	1	2	0	0	2005
2511	1	2	149	208	2007
2512	2	2	131	205	2005
2513	1	2	136	205	2008
2514	1	1	139	203	2008
2515	2	2	142	202	2005
2516	2	0	142	207	2003
2517	2	2	122	207	2005
2518	1	2	122	208	2007
2519	1	2	137	202	2006
2520	1	2	137	207	2007
2521	1	2	138	206	2008
2522	1	2	115	206	2009
2523	1	2	136	205	2007
2524	2	1	122	204	2005
2525	1	1	125	202	2005
2526	2	2	120	0	2005
2527	1	1	138	208	2008
2528	1	1	123	207	2007
2529	1	1	145	210	2008
2530	1	1	106	205	2008
2531	1	1	108	209	2008
2532	1	2	138	207	2009
2533	1	2	115	204	2007
2534	2	1	114	208	2003
2535	1	2	141	205	2006
2536	2	2	120	208	2005
2537	2	1	125	206	2004
2538	2	1	124	209	2005
2539	1	0	120	210	2007
2540	2	2	141	209	2005
2541	1	2	132	205	2009
2542	1	1	112	209	2008
2543	1	1	121	202	2008
2544	2	1	106	206	2005
2545	1	2	148	207	2009
2546	1	2	123	208	2006
2547	1	2	125	203	2005
2548	1	1	123	209	2008
2549	1	2	0	207	2009
2550	5	2	109	0	0
2551	1	0	112	202	0
2552	1	1	131	207	2007
2553	1	1	119	208	2006
2554	1	2	131	205	2006
2555	1	2	0	208	2008
2556	1	2	142	209	2008
2557	2	1	122	208	2005
2558	1	1	113	208	2006
2559	5	2	133	0	2007
2560	1	2	138	203	2007
2561	1	2	138	210	2008
2562	1	2	113	210	2007
2563	2	1	123	209	2002
2564	1	1	143	203	2006
2565	1	2	147	207	2009
2566	2	1	131	203	2004
2567	1	2	136	207	2008
2568	2	2	135	210	2004
2569	3	2	149	202	2008
2570	1	2	137	210	2005
2571	1	2	112	208	2008
2572	2	2	137	209	2005
2573	1	2	124	207	2006
2574	1	1	115	204	2007
2575	1	1	131	203	2008
2576	1	2	143	202	2008
2577	2	1	124	208	2003
2578	1	1	0	205	2008
2579	2	2	135	205	2005
2580	1	1	108	208	2006
2581	1	1	125	208	0
2582	2	1	142	205	2005
2583	1	2	143	210	2009
2584	1	1	123	206	2007
2585	1	0	108	202	0
2586	1	1	131	202	2008
2587	1	1	120	207	2006
2588	4	0	0	0	0
2589	1	2	139	206	2006
2590	1	2	108	206	2007
2591	1	2	113	206	2006
2592	1	2	0	0	2006
2593	3	2	146	0	2010
2594	1	1	120	204	2008
2595	2	2	108	203	2005
2596	1	2	112	0	2007
2597	1	1	151	205	2008
2598	1	2	121	208	2007
2599	1	1	112	206	2007
2600	1	1	0	206	2008
2601	1	2	131	202	2008
2602	2	0	0	0	0
2603	5	1	123	0	2008
2604	1	2	131	206	2005
2605	2	2	137	207	2005
2606	1	1	124	210	2008
2607	1	1	112	203	2009
2608	1	2	141	205	2008
2609	1	2	119	209	2007
2610	1	2	131	207	2007
2611	2	2	121	202	2004
2612	1	2	127	0	2008
2613	1	1	138	210	2007
2614	2	2	138	203	2004
2615	1	1	127	202	2006
2616	2	2	141	209	2004
2617	1	2	0	203	2007
2618	1	1	131	0	0
2619	1	1	125	203	2008
2620	1	1	124	204	2007
2621	1	2	132	202	2006
2622	1	2	142	210	2006
2623	2	1	122	207	2005
2624	1	2	142	208	2007
2625	1	2	142	210	2006
2626	1	2	112	209	2009
2627	1	2	142	204	2006
2628	1	2	122	202	2009
2629	1	2	120	206	2008
2630	1	1	0	203	2009
2631	1	1	124	206	2008
2632	1	2	143	209	2009
2633	1	2	141	204	2009
2634	1	2	136	205	2007
2635	2	1	120	0	2005
2636	2	2	127	0	2005
2637	1	2	135	205	2006
2638	1	2	123	202	2009
2639	2	1	131	207	2005
2640	1	1	112	203	2007
2641	1	1	113	205	2007
2642	1	2	112	204	2007
2643	1	2	0	205	2009
2644	1	1	152	206	2006
2645	1	1	0	203	2008
2646	1	2	141	0	2007
2647	1	2	138	208	2008
2648	1	2	108	205	2008
2649	1	1	123	208	2006
2650	1	2	121	205	2008
2651	1	1	124	204	2007
2652	1	1	110	209	2007
2653	1	2	120	203	2006
2654	2	0	0	0	0
2655	1	2	137	207	2009
2656	2	2	127	204	2003
2657	1	2	143	204	2009
2658	1	1	122	210	2006
2659	1	2	136	203	2008
2660	1	2	108	204	2007
2661	1	2	143	209	2009
2662	1	1	106	202	2009
2663	1	2	146	210	2008
2664	2	1	111	204	2004
2665	2	2	0	0	2005
2666	2	2	122	207	2005
2667	1	2	143	210	2009
2668	1	2	132	209	2009
2669	1	1	0	207	2007
2670	1	1	124	203	2008
2671	1	2	0	206	2006
2672	2	2	112	203	2004
2673	2	1	123	206	2004
2674	1	1	114	204	2009
2675	1	2	146	205	2007
2676	1	1	0	0	0
2677	2	1	118	206	2004
2678	1	2	142	205	2006
2679	1	2	140	210	2008
2680	1	2	131	204	2007
2681	1	1	139	204	2009
2682	1	1	131	210	2007
2683	1	2	131	205	2007
2684	1	2	0	205	0
2685	1	1	131	204	2008
2686	1	1	127	207	2009
2687	1	1	108	207	0
2688	1	2	125	209	2006
2689	1	2	131	204	2007
2690	1	1	136	204	2008
2691	1	2	121	206	2006
2692	1	1	127	203	2006
2693	1	1	131	208	2006
2694	1	2	138	203	2007
2695	2	2	141	206	2004
2696	2	1	122	208	2005
2697	1	2	137	207	2008
2698	1	1	143	204	2009
2699	1	1	120	203	2006
2700	1	2	121	204	2006
2701	2	2	131	206	2001
2702	1	0	0	0	0
2703	2	1	131	203	2005
2704	1	2	138	204	2009
2705	5	2	148	0	0
2706	2	1	123	202	2005
2707	1	1	120	205	2005
2708	1	1	127	209	2009
2709	2	1	124	209	2005
2710	1	1	127	204	2009
2711	1	1	111	210	2006
2712	1	1	0	204	2007
2713	1	1	137	207	2006
2714	1	1	124	208	2009
2715	1	2	137	206	2007
2716	1	2	113	209	2007
2717	2	2	142	210	2002
2718	1	1	123	204	2008
2719	1	1	121	202	2007
2720	2	1	123	202	2004
2721	1	1	139	206	2008
2722	2	1	106	0	2005
2723	1	2	0	209	2009
2724	1	1	139	209	0
2725	1	2	108	209	2007
2726	1	1	0	208	2009
2727	1	1	125	205	2008
2728	1	1	112	206	2007
2729	1	1	120	205	2007
2730	1	1	127	208	2009
2731	1	2	0	0	0
2732	1	2	131	210	2008
2733	2	0	0	0	0
2734	1	2	142	206	2008
2735	2	1	134	206	2005
2736	1	1	131	210	2007
2737	1	0	123	203	2006
2738	1	1	108	209	2007
2739	1	1	125	207	2008
2740	2	2	125	208	2004
2741	1	1	115	206	2008
2742	2	2	122	208	2005
2743	5	2	127	0	2006
2744	2	1	0	209	2004
2745	2	1	122	210	2005
2746	1	1	136	206	2007
2747	1	1	143	207	2007
2748	2	2	122	209	2005
2749	2	1	138	202	2005
2750	1	1	108	209	2006
2751	1	2	120	208	2007
2752	1	2	120	202	2009
2753	1	2	131	202	2009
2754	1	2	143	207	0
2755	1	2	122	207	2009
2756	1	1	131	203	2009
2757	1	1	123	202	2008
2758	2	2	121	205	2004
2759	1	1	125	209	2005
2760	1	1	133	203	2009
2761	1	2	137	206	2009
2762	1	2	127	207	2008
2763	2	2	131	205	2004
2764	1	2	142	202	2007
2765	1	0	0	0	0
2766	1	2	138	204	2006
2767	1	0	0	0	0
2768	1	1	118	206	2007
2769	1	2	135	205	2007
2770	1	1	131	206	2008
2771	1	1	142	208	2007
2772	1	2	120	208	2006
2773	1	2	143	203	2007
2774	1	2	137	205	2006
2775	1	1	137	210	2008
2776	2	0	131	203	2006
2777	2	0	0	0	0
2778	1	1	131	208	2008
2779	1	2	140	210	2008
2780	1	1	125	209	2006
2781	1	1	116	206	2007
2782	1	1	120	206	2006
2783	1	1	125	208	2006
2784	1	2	132	209	2006
2785	1	2	131	202	2009
2786	1	2	131	209	2007
2787	1	1	127	210	2006
2788	1	1	124	202	2008
2789	1	1	118	210	2006
2790	1	2	120	203	2008
2791	1	2	122	209	2009
2792	1	1	0	206	2009
2793	2	2	124	202	2004
2794	2	1	119	0	2005
2795	1	1	131	204	2007
2796	1	1	123	207	2007
2797	1	2	138	210	2009
2798	2	1	122	208	2005
2799	1	2	116	205	2006
2800	2	2	118	205	2002
2801	1	2	113	206	2008
2802	1	1	0	205	2008
2803	1	1	139	207	2009
2804	1	1	131	207	2008
2805	1	2	143	204	2007
2806	1	2	122	209	2005
2807	1	2	115	207	0
2808	1	2	143	209	2008
2809	5	0	0	0	0
2810	2	1	113	209	2004
2811	1	2	112	207	2009
2812	1	2	143	204	2007
2813	4	2	0	0	0
2814	1	2	113	0	2005
2815	1	0	0	0	0
2816	2	1	137	204	2004
2817	1	1	119	202	2009
2818	1	1	143	208	2008
2819	2	2	131	205	2003
2820	1	2	132	205	2005
2821	2	2	141	208	0
2822	1	2	137	210	2006
2823	1	2	139	206	2007
2824	1	2	142	203	2009
2825	1	0	0	0	0
2826	2	2	112	0	2005
2827	1	1	123	207	2008
2828	2	2	122	204	2005
2829	2	2	0	209	2001
2830	1	2	127	208	2008
2831	1	1	133	204	2006
2832	1	1	127	204	2009
2833	2	2	143	205	2005
2834	1	2	142	206	2006
2835	2	1	141	205	2000
2836	1	1	131	210	2008
2837	5	0	0	0	0
2838	1	2	138	205	2009
2839	1	2	113	207	2007
2840	1	1	131	205	2008
2841	2	1	131	207	2004
2842	2	0	124	0	2005
2843	1	2	112	208	2006
2844	1	1	138	207	0
2845	1	1	113	205	2007
2846	1	2	131	203	2008
2847	1	1	112	209	2007
2848	1	1	131	0	2009
2849	1	1	139	206	2008
2850	1	1	112	0	2008
2851	1	2	131	203	2009
2852	2	1	120	202	2004
2853	1	1	120	208	2009
2854	1	1	143	208	0
2855	1	1	121	202	2008
2856	1	2	139	206	2009
2857	2	1	113	208	2005
2858	2	2	122	202	2003
2859	2	1	127	208	2004
2860	2	1	123	203	2005
2861	2	1	108	206	1996
2862	1	1	121	206	2009
2863	1	2	120	206	2008
2864	1	2	119	207	2006
2865	1	2	127	205	2008
2866	2	2	108	210	2005
2867	1	2	123	208	2006
2868	1	1	122	202	2008
2869	1	1	148	207	2009
2870	1	2	120	204	2007
2871	1	1	149	204	2008
2872	2	1	127	206	2005
2873	1	2	143	210	2009
2874	1	0	0	0	0
2875	1	2	143	208	2006
2876	1	1	112	0	2008
2877	1	2	108	207	2009
2878	2	2	112	206	2004
2879	2	2	127	208	2003
2880	1	1	106	203	2007
2881	5	0	0	0	0
2882	2	2	114	0	2005
2883	1	1	106	202	2008
2884	1	2	142	205	2007
2885	1	2	142	208	2006
2886	2	2	139	203	2004
2887	4	2	146	206	2005
2888	2	1	131	202	2005
2889	1	1	124	206	2008
2890	1	1	123	210	0
2891	2	2	152	207	2004
2892	1	1	133	209	2006
2893	1	1	131	203	2009
2894	1	1	138	206	2008
2895	1	2	127	209	2006
2896	1	2	141	203	2009
2897	1	1	121	202	2006
2898	1	1	108	210	2008
2899	1	2	114	206	2008
2900	2	2	120	204	2005
2901	1	1	131	210	2009
2902	1	1	123	209	2008
2903	1	1	112	205	2008
2904	1	1	127	205	2008
2905	1	1	0	208	2009
2906	1	1	143	0	2006
2907	2	2	141	206	0
2908	1	2	0	203	2009
2909	4	0	0	0	0
2910	1	2	127	205	2009
2911	1	1	138	210	2009
2912	2	2	113	209	2005
2913	1	1	118	207	2005
2914	1	1	127	204	2008
2915	1	0	125	210	2007
2916	2	2	108	202	2005
2917	1	1	108	0	2008
2918	1	0	0	0	0
2919	1	1	139	209	2008
2920	2	1	131	204	0
2921	2	2	149	204	2004
2922	1	2	120	210	2007
2923	1	1	0	208	2009
2924	1	2	137	205	2009
2925	2	1	118	206	2005
2926	1	2	142	205	2008
2927	1	2	131	203	2009
2928	1	2	0	204	2008
2929	1	1	137	206	2007
2930	1	2	136	205	2009
2931	1	1	127	207	2008
2932	1	2	141	208	2005
2933	1	2	125	202	2008
2934	2	1	122	205	2004
2935	1	1	143	204	2007
2936	2	1	108	209	0
2937	2	1	135	206	2005
2938	1	2	142	206	2008
2939	2	2	147	208	2005
2940	1	1	112	206	2008
2941	1	2	137	202	2008
2942	1	2	119	204	2006
2943	1	2	122	210	2008
2944	1	1	137	204	0
2945	1	2	137	209	2006
2946	2	0	0	0	0
2947	1	1	108	202	2007
2948	1	1	131	205	2007
2949	2	1	124	208	2005
2950	1	1	131	205	2009
2951	1	1	123	204	2008
2952	1	2	138	205	2008
2953	1	2	137	209	2009
2954	1	1	131	205	2009
2955	1	2	122	204	2006
2956	1	1	108	206	2006
2957	1	0	133	203	2005
2958	2	2	112	209	2004
2959	1	2	127	0	2007
2960	1	2	135	208	2009
2961	2	2	120	210	2005
2962	1	0	0	0	0
2963	1	1	113	209	2006
2964	1	2	141	208	2009
2965	1	1	108	207	2008
2966	1	2	136	0	2007
2967	5	2	131	0	2008
2968	1	1	124	205	2009
2969	2	2	0	0	0
2970	2	2	116	204	2003
2971	2	1	142	208	0
2972	1	1	112	207	2008
2973	1	2	0	210	2009
2974	1	1	112	204	2009
2975	1	2	120	207	2006
2976	5	0	0	0	0
2977	1	1	133	209	2008
2978	1	1	127	206	2008
2979	1	1	111	203	2009
2980	1	2	136	209	2008
2981	2	2	123	0	2005
2982	1	1	112	210	2007
2983	1	1	133	204	2009
2984	2	1	148	209	2004
2985	1	1	143	204	2007
2986	1	2	150	0	2007
2987	2	2	148	202	2004
2988	2	1	0	204	2005
2989	1	1	127	207	2009
2990	1	1	138	208	2009
2991	1	2	112	206	2008
2992	1	0	0	0	0
2993	2	1	122	205	2005
2994	1	2	142	210	2009
2995	1	1	114	206	2008
2996	1	0	138	202	2006
2997	2	1	125	210	2004
2998	1	1	136	209	2009
2999	1	1	106	202	2008
3000	1	1	106	209	2006
3001	3	0	0	0	0
3002	1	2	137	209	2006
3003	1	1	120	208	2008
3004	1	2	123	203	2009
3005	3	2	112	0	1900
3006	3	0	0	0	0
3007	1	1	127	202	2007
3008	1	2	137	207	2006
3009	1	1	0	210	2007
3010	1	2	131	203	2007
3011	1	1	132	203	2009
3012	2	1	108	206	2005
3013	1	2	142	203	2006
3014	1	1	132	209	2006
3015	1	1	0	208	2007
3016	5	2	127	0	2006
3017	1	0	0	0	0
3018	1	2	136	210	2007
3019	1	1	0	207	0
3020	1	2	121	202	2006
3021	2	1	108	208	2004
3022	1	1	119	202	2007
3023	1	2	0	208	2008
3024	2	1	137	207	2005
3025	2	2	131	204	2005
3026	1	2	143	203	2009
3027	1	1	108	203	2006
3028	1	1	122	206	2008
3029	2	1	122	208	2004
3030	1	2	137	208	2008
3031	2	2	132	210	2003
3032	1	0	122	203	2006
3033	5	1	109	0	2007
3034	1	1	122	207	2005
3035	2	1	152	204	2005
3036	2	0	0	0	0
3037	1	1	121	204	2008
3038	1	1	123	202	2007
3039	1	0	125	207	2005
3040	1	2	137	209	2008
3041	1	2	108	205	2006
3042	1	2	120	202	2009
3043	1	2	120	206	2009
3044	2	2	142	209	2001
3045	2	1	139	206	2005
3046	2	2	115	209	2005
3047	1	1	148	206	2009
3048	1	1	123	206	2008
3049	2	2	127	203	2005
3050	1	1	131	202	2008
3051	1	1	127	210	2009
3052	1	2	112	204	2006
3053	1	1	127	209	2008
3054	1	1	146	206	2008
3055	2	2	142	210	2004
3056	2	2	120	206	2002
3057	2	2	142	206	2004
3058	2	2	122	202	2005
3059	1	2	122	206	2006
3060	1	1	113	205	2009
3061	5	1	136	0	0
3062	1	1	119	210	2007
3063	1	1	131	204	2007
3064	1	1	131	209	2009
3065	1	2	149	202	2008
3066	2	2	113	210	2004
3067	1	2	142	206	0
3068	1	1	138	205	2008
3069	1	1	122	210	2007
3070	1	2	120	208	2006
3071	1	2	142	203	2009
3072	1	1	108	202	2005
3073	1	1	123	205	2006
3074	4	2	0	0	0
3075	1	1	122	207	2007
3076	1	2	0	209	2006
3077	1	1	141	210	2006
3078	2	1	113	202	2003
3079	1	1	120	209	2008
3080	1	2	142	206	2009
3081	2	2	136	202	2005
3082	3	2	122	202	0
3083	2	1	131	209	2004
3084	1	2	143	210	2009
3085	2	1	131	208	2004
3086	1	2	120	0	2005
3087	2	2	120	205	0
3088	2	1	0	209	2004
3089	1	1	0	209	2008
3090	1	2	132	209	2006
3091	2	1	141	204	1996
3092	1	1	111	206	2006
3093	2	2	137	207	2003
3094	1	1	137	209	2009
3095	1	2	148	204	2009
3096	1	1	143	207	2008
3097	1	2	122	206	2008
3098	2	2	141	207	2004
3099	1	2	137	210	2008
3100	1	1	148	207	2009
3101	2	2	120	202	2005
3102	1	1	133	206	2009
3103	1	1	131	210	2007
3104	1	2	122	205	2007
3105	1	2	107	207	2008
3106	2	1	112	0	2005
3107	1	2	138	210	2009
3108	1	2	138	208	2008
3109	1	2	142	202	2007
3110	1	1	122	204	2005
3111	1	2	137	208	2009
3112	1	1	127	207	2008
3113	1	2	134	203	2008
3114	1	1	109	202	2006
3115	1	1	123	205	2006
3116	1	2	0	203	0
3117	1	2	136	208	2009
3118	1	2	121	209	2006
3119	2	2	142	209	2001
3120	1	2	122	202	2009
3121	1	1	0	205	2008
3122	1	2	137	202	2008
3123	5	2	114	0	2007
3124	1	2	121	202	2008
3125	1	1	108	208	2005
3126	1	1	127	205	2008
3127	2	2	131	208	2005
3128	1	1	108	203	2009
3129	1	2	136	203	2008
3130	1	0	0	0	0
3131	2	2	124	204	2005
3132	1	1	122	204	2009
3133	1	2	124	205	2006
3134	1	2	127	207	2009
3135	1	2	149	207	2008
3136	2	2	138	210	2004
3137	2	2	0	207	2004
3138	1	2	0	208	0
3139	1	2	141	206	2007
3140	1	2	149	208	2006
3141	1	2	142	203	2005
3142	1	2	142	206	2007
3143	1	2	131	206	2006
3144	1	2	148	210	2005
3145	1	2	131	208	2008
3146	1	1	137	207	2008
3147	1	2	113	202	2009
3148	2	2	147	204	2001
3149	1	2	112	208	2006
3150	1	0	0	0	0
3151	2	1	122	0	2005
3152	1	0	0	0	0
3153	2	2	108	210	2005
3154	2	1	123	202	2005
3155	1	2	120	207	2008
3156	1	1	122	210	2006
3157	1	0	124	209	2007
3158	1	1	122	204	2009
3159	1	1	118	210	2005
3160	2	1	123	203	2002
3161	2	2	131	204	0
3162	1	2	135	202	2007
3163	1	1	108	205	2007
3164	1	2	142	209	2008
3165	1	2	122	209	2008
3166	1	2	132	0	2008
3167	1	1	131	210	2007
3168	1	1	0	203	2008
3169	1	1	131	208	2007
3170	1	2	141	208	2006
3171	1	2	131	204	0
3172	1	1	131	209	2008
3173	5	2	137	0	0
3174	1	2	152	0	2006
3175	2	2	142	206	2005
3176	1	2	113	208	2007
3177	1	1	0	204	2008
3178	5	0	0	0	0
3179	2	0	0	0	0
3180	1	0	115	203	0
3181	1	1	131	210	2006
3182	1	1	0	203	2007
3183	2	2	128	210	2005
3184	1	1	148	207	2006
3185	1	1	131	209	2006
3186	1	1	123	208	2006
3187	1	2	122	204	2008
3188	2	1	131	206	2005
3189	1	2	143	206	2006
3190	1	1	108	209	2008
3191	1	2	137	209	2009
3192	5	0	0	0	0
3193	1	2	113	202	2006
3194	1	1	127	204	2008
3195	1	1	131	210	2009
3196	2	1	123	203	2005
3197	1	2	131	210	2006
3198	1	1	139	205	2005
3199	1	2	152	209	2007
3200	1	2	120	0	2008
3201	1	2	121	202	2009
3202	1	2	127	206	2007
3203	1	1	119	206	2006
3204	1	2	149	209	2008
3205	1	2	148	208	2007
3206	1	2	0	209	2007
3207	1	1	137	209	0
3208	2	1	0	0	2005
3209	1	2	122	208	2006
3210	1	1	123	207	2008
3211	1	0	0	0	0
3212	1	2	138	208	2009
3213	2	2	143	0	2002
3214	1	2	132	203	2007
3215	1	2	0	202	2008
3216	1	2	125	209	2008
3217	2	2	115	204	2004
3218	1	2	143	204	2009
3219	1	1	136	206	0
3220	1	0	0	0	0
3221	1	1	127	210	2008
3222	1	1	122	209	2006
3223	1	2	120	203	2005
3224	1	2	135	203	2009
3225	2	1	137	204	2004
3226	1	2	118	202	2005
3227	1	1	127	208	2007
3228	1	1	143	209	2009
3229	2	2	138	204	0
3230	1	2	136	207	2009
3231	1	2	136	204	2008
3232	1	1	139	204	2008
3233	1	1	131	210	2007
3234	1	1	137	204	2009
3235	1	1	131	202	2009
3236	1	2	142	206	2007
3237	1	1	108	0	2007
3238	1	1	124	202	0
3239	2	1	139	210	2005
3240	5	1	111	0	2006
3241	1	1	106	210	2008
3242	1	0	0	0	0
3243	2	0	0	0	0
3244	1	1	119	205	2009
3245	1	0	0	0	0
3246	1	1	131	203	2008
3247	2	1	108	206	2000
3248	1	1	112	210	2007
3249	2	2	136	205	2004
3250	2	0	0	0	2005
3251	2	1	146	202	2003
3252	1	1	125	208	2005
3253	1	2	112	205	2006
3254	2	1	108	209	2004
3255	1	1	141	208	2006
3256	1	1	124	204	2006
3257	1	2	113	204	2009
3258	1	1	111	207	2006
3259	1	2	139	210	2006
3260	1	0	136	0	2007
3261	2	1	131	204	2005
3262	2	2	139	203	2005
3263	1	2	148	207	2008
3264	1	2	120	210	2008
3265	1	1	145	207	0
3266	1	1	131	209	2006
3267	2	1	139	208	2004
3268	1	2	128	202	2007
3269	1	2	141	208	2009
3270	2	1	112	203	2004
3271	2	1	123	205	2004
3272	1	1	115	207	2007
3273	1	1	131	203	2008
3274	1	2	122	205	2007
3275	1	1	120	206	2007
3276	1	2	142	206	2006
3277	2	1	142	207	2004
3278	1	2	122	208	2007
3279	2	1	127	210	0
3280	1	2	124	208	2005
3281	1	1	143	203	2009
3282	4	2	0	0	0
3283	1	2	116	210	2008
3284	1	1	131	204	2006
3285	2	1	127	210	2003
3286	1	2	112	207	2008
3287	2	1	112	209	2001
3288	1	1	133	204	2006
3289	2	2	135	206	2005
3290	1	0	0	0	0
3291	1	0	124	208	2007
3292	2	1	112	204	2001
3293	1	1	139	209	2009
3294	1	2	125	202	2009
3295	2	2	124	204	2005
3296	1	2	108	202	2007
3297	1	1	120	210	2007
3298	1	2	142	203	2005
3299	2	1	120	206	2004
3300	1	2	142	202	2009
3301	1	1	135	202	2009
3302	1	1	135	207	2009
3303	1	1	127	207	2009
3304	2	2	135	208	2005
3305	1	2	132	203	0
3306	1	2	140	210	2008
3307	1	2	121	209	2006
3308	1	1	137	205	2009
3309	1	1	123	206	2009
3310	1	1	142	209	0
3311	1	2	148	202	2007
3312	1	2	135	210	2005
3313	2	2	131	0	2005
3314	1	2	122	210	2006
3315	1	1	131	204	2009
3316	1	2	136	207	2009
3317	1	1	123	208	2007
3318	1	2	139	207	2008
3319	5	2	142	204	2006
3320	2	2	0	0	2004
3321	1	0	0	0	0
3322	1	1	136	205	2008
3323	1	2	131	207	2009
3324	2	0	0	0	0
3325	2	2	120	0	2005
3326	1	2	115	206	2006
3327	1	1	131	210	2007
3328	1	2	143	204	2006
3329	2	2	141	205	2004
3330	1	2	112	209	2007
3331	1	1	131	210	2007
3332	1	1	131	203	2009
3333	1	2	148	210	2007
3334	5	1	0	210	0
3335	1	1	112	207	2007
3336	1	1	108	204	0
3337	1	1	124	0	2006
3338	2	0	0	0	0
3339	2	2	120	209	2004
3340	1	2	131	204	2008
3341	1	2	143	208	2008
3342	2	1	122	204	2005
3343	2	0	124	0	2005
3344	2	1	131	204	2005
3345	5	0	0	0	0
3346	2	2	143	210	2005
3347	1	1	123	210	2007
3348	2	2	108	208	2004
3349	1	2	148	204	0
3350	1	1	127	207	2006
3351	2	2	141	205	2005
3352	1	2	112	205	2008
3353	3	2	0	0	0
3354	1	2	122	205	2007
3355	5	2	0	206	2006
3356	1	2	137	205	2009
3357	1	1	134	204	2006
3358	1	1	112	210	2006
3359	1	2	138	202	2009
3360	2	2	112	206	2005
3361	2	1	106	209	2005
3362	1	2	143	207	2009
3363	1	2	137	207	2007
3364	1	2	137	202	2008
3365	1	1	0	203	2009
3366	1	1	108	210	2009
3367	1	0	106	204	2006
3368	1	1	140	206	2009
3369	2	1	114	210	2005
3370	1	2	115	203	2009
3371	2	1	122	205	2005
3372	1	1	112	205	2008
3373	1	2	108	210	2006
3374	2	2	125	208	2004
3375	1	1	115	209	2007
3376	2	0	0	0	0
3377	2	1	131	208	2005
3378	1	2	123	207	2009
3379	1	2	0	203	2008
3380	1	2	0	206	0
3381	1	2	139	202	2006
3382	1	2	131	202	2007
3383	1	2	131	208	2009
3384	2	1	123	207	2005
3385	1	2	141	202	2009
3386	2	1	121	206	2003
3387	1	2	141	208	2006
3388	2	1	133	206	2005
3389	2	2	113	206	2003
3390	1	1	127	205	2009
3391	2	1	111	204	2003
3392	1	2	142	209	2007
3393	1	2	113	209	2008
3394	2	1	127	206	2003
3395	1	1	125	209	2008
3396	1	1	121	208	2006
3397	1	1	131	202	2007
3398	2	2	141	207	2004
3399	1	1	115	208	2006
3400	1	2	108	205	0
3401	1	1	125	208	0
3402	1	2	113	209	2008
3403	2	2	132	206	2004
3404	1	1	0	205	2009
3405	2	1	138	208	2004
3406	1	2	136	204	2009
3407	5	2	139	0	0
3408	1	1	131	207	2008
3409	1	1	125	204	2009
3410	2	2	115	0	2005
3411	2	1	131	203	2004
3412	1	2	113	204	2006
3413	2	1	120	0	2004
3414	1	2	141	202	2007
3415	1	1	116	204	2006
3416	1	1	148	202	2006
3417	1	1	137	207	2009
3418	1	1	142	208	2006
3419	1	1	119	204	2008
3420	1	1	124	205	2008
3421	1	1	131	204	2009
3422	2	0	0	0	0
3423	1	2	122	210	2007
3424	1	1	0	205	2009
3425	2	2	122	204	0
3426	1	1	131	210	2009
3427	1	2	136	210	2009
3428	2	1	119	0	0
3429	5	1	144	0	0
3430	1	1	132	205	2006
3431	1	2	138	207	2009
3432	1	2	136	208	2006
3433	1	1	123	209	2007
3434	1	2	141	208	2008
3435	1	1	111	203	2006
3436	1	1	143	210	2007
3437	2	0	0	0	0
3438	1	2	125	210	2007
3439	5	2	122	0	0
3440	1	1	123	206	2008
3441	2	1	110	207	2003
3442	1	1	108	0	2008
3443	2	2	0	0	2004
3444	1	2	138	210	2009
3445	2	2	0	210	2005
3446	1	1	122	203	2007
3447	2	2	125	206	2002
3448	1	1	132	206	2007
3449	1	2	125	203	2006
3450	1	2	0	202	2009
3451	1	1	122	207	2006
3452	2	2	108	0	2005
3453	1	2	107	203	2006
3454	1	1	125	203	2007
3455	1	2	142	210	2006
3456	1	1	0	205	2009
3457	1	1	123	203	2006
3458	5	2	137	205	2004
3459	1	2	134	202	2007
3460	1	1	108	202	2008
3461	2	2	137	206	2005
3462	1	2	108	204	2006
3463	1	2	141	205	2009
3464	1	2	149	202	2009
3465	1	1	132	205	2006
3466	2	1	133	208	2005
3467	1	1	120	202	2008
3468	1	1	115	209	2007
3469	1	2	124	204	2004
3470	1	1	108	207	2008
3471	2	2	120	205	2005
3472	1	2	118	207	2006
3473	1	2	142	206	2006
3474	5	2	0	0	2005
3475	1	1	142	208	2007
3476	1	1	0	204	2007
3477	1	1	120	207	2009
3478	1	2	131	209	2009
3479	1	2	142	207	2006
3480	5	2	135	207	2003
3481	2	2	122	210	2003
3482	5	2	124	210	0
3483	2	2	138	205	2005
3484	1	1	148	210	2008
3485	1	1	143	210	2008
3486	2	2	152	0	0
3487	2	2	120	204	2004
3488	1	1	124	210	2009
3489	1	2	131	208	2005
3490	1	2	120	207	2007
3491	1	0	0	0	0
3492	1	1	125	206	2008
3493	1	1	133	206	2008
3494	1	1	122	210	2006
3495	2	1	137	203	2004
3496	1	2	121	0	2006
3497	2	1	152	202	0
3498	1	2	112	206	2006
3499	2	2	123	208	2005
3500	1	2	121	203	2006
3501	1	1	131	209	2006
3502	1	2	142	203	2007
3503	1	2	0	202	2007
3504	1	2	0	209	2007
3505	1	1	119	206	2009
3506	2	2	143	205	2005
3507	1	1	141	208	2007
3508	1	2	0	0	0
3509	1	1	131	207	2009
3510	1	2	143	205	2006
3511	1	1	111	202	2009
3512	2	1	0	0	2005
3513	1	2	138	205	2008
3514	2	1	141	202	2004
3515	1	2	135	203	2009
3516	2	2	122	209	2001
3517	2	2	138	209	2005
3518	1	2	143	207	2008
3519	1	2	0	205	2009
3520	2	2	132	206	2004
3521	1	1	123	206	2007
3522	1	1	131	209	2005
3523	1	1	137	208	2008
3524	1	1	0	210	2009
3525	1	1	131	209	2006
3526	2	1	139	204	2005
3527	2	2	122	205	2004
3528	1	2	123	202	2006
3529	2	1	108	203	2004
3530	1	2	140	204	2007
3531	1	1	0	202	0
3532	1	1	125	210	2005
3533	2	2	113	205	2005
3534	1	1	135	204	2009
3535	1	2	122	205	2008
3536	2	2	141	209	2001
3537	1	1	122	204	2007
3538	1	1	125	209	2009
3539	1	2	115	210	2006
3540	1	1	109	205	2008
3541	2	1	138	206	2005
3542	1	2	127	0	2005
3543	2	2	138	205	2004
3544	1	2	120	208	0
3545	1	2	108	205	2006
3546	1	2	138	210	2007
3547	1	1	137	204	2008
3548	2	2	145	204	1904
3549	2	2	120	206	2005
3550	1	1	125	202	2006
3551	2	2	131	205	2004
3552	1	0	0	0	0
3553	1	2	142	202	2008
3554	1	2	123	202	2007
3555	1	2	125	202	2009
3556	1	1	112	209	2007
3557	2	2	142	203	2002
3558	1	2	131	202	2007
3559	1	1	133	202	2006
3560	1	1	137	203	2008
3561	1	1	111	208	2007
3562	1	2	124	207	2006
3563	1	2	136	206	2006
3564	2	2	113	0	2004
3565	1	1	125	207	2009
3566	1	2	142	210	2006
3567	1	2	137	203	2006
3568	1	2	120	208	2009
3569	1	1	127	203	2008
3570	1	2	112	208	2007
3571	2	1	122	207	2004
3572	1	2	138	206	2006
3573	1	1	113	206	2006
3574	1	1	113	202	2006
3575	1	0	0	209	2006
3576	1	2	118	209	2007
3577	2	1	141	203	0
3578	1	2	122	209	2006
3579	1	1	144	208	2008
3580	1	2	108	204	2009
3581	1	2	131	208	2007
3582	1	1	138	205	2009
3583	1	1	125	210	2009
3584	2	2	141	206	2003
3585	2	1	108	210	2004
3586	2	1	133	204	2005
3587	1	2	126	210	2008
3588	1	1	131	210	2009
3589	1	0	0	0	0
3590	1	1	141	206	2008
3591	1	0	131	207	2008
3592	5	2	131	0	0
3593	1	2	131	207	2009
3594	2	2	112	202	2004
3595	2	2	142	202	2001
3596	2	2	0	209	2003
3597	1	2	121	204	2006
3598	1	1	123	203	2006
3599	1	1	118	208	2009
3600	2	0	0	0	0
3601	1	0	115	209	2008
3602	1	2	123	210	2006
3603	1	1	131	206	2008
3604	1	2	135	205	2009
3605	1	1	127	203	2008
3606	1	2	112	210	2008
3607	1	2	113	0	2007
3608	1	2	148	204	2008
3609	1	2	128	0	0
3610	2	2	142	210	2003
3611	1	2	0	209	2007
3612	1	1	148	205	2006
3613	1	2	137	204	2009
3614	1	2	141	202	2006
3615	2	2	120	210	2004
3616	1	2	120	205	2008
3617	2	2	143	207	2003
3618	1	1	120	206	2008
3619	1	1	124	206	2008
3620	1	2	148	208	2008
3621	1	0	0	0	0
3622	1	2	120	0	2006
3623	5	0	0	0	0
3624	1	2	116	209	2009
3625	2	1	112	209	2005
3626	2	2	135	202	2005
3627	1	2	136	206	2007
3628	1	1	131	205	2008
3629	1	2	138	204	2008
3630	1	2	131	204	2006
3631	2	2	143	209	2005
3632	1	2	143	210	2007
3633	1	1	149	0	2009
3634	1	2	127	210	2006
3635	1	2	138	205	2007
3636	1	2	112	208	2007
3637	1	1	149	208	2009
3638	1	2	135	208	0
3639	1	1	148	210	2008
3640	2	1	124	202	2005
3641	1	2	120	204	2005
3642	1	1	136	205	2009
3643	2	2	120	209	2005
3644	1	1	131	203	2008
3645	1	2	136	204	2009
3646	2	2	113	0	2005
3647	1	0	0	0	0
3648	1	2	0	202	2009
3649	1	1	119	207	2007
3650	2	0	0	0	0
3651	1	2	136	204	2009
3652	1	2	120	203	2006
3653	1	2	135	209	2008
3654	1	1	142	205	2006
3655	1	1	131	205	2006
3656	1	2	121	208	2008
3657	5	0	0	0	0
3658	1	2	137	208	2008
3659	1	2	122	205	2008
3660	1	2	0	0	0
3661	1	2	142	203	2008
3662	1	2	142	208	2008
3663	1	1	137	207	2009
3664	1	1	142	210	2007
3665	1	1	0	0	0
3666	1	2	0	204	2008
3667	1	2	136	210	2008
3668	1	2	131	204	2006
3669	2	1	122	0	2005
3670	1	1	0	207	2008
3671	2	1	106	204	2005
3672	1	1	141	204	2009
3673	2	2	141	208	2002
3674	1	1	113	206	2006
3675	2	2	140	205	2005
3676	2	2	122	208	2005
3677	2	2	141	207	2004
3678	1	1	113	208	2006
3679	1	2	143	209	2008
3680	1	1	106	203	2007
3681	1	1	122	203	2008
3682	1	1	131	207	2009
3683	1	1	131	206	2009
3684	1	1	135	208	2009
3685	1	1	138	205	2008
3686	1	2	0	0	2008
3687	1	2	143	208	2006
3688	1	1	127	210	2006
3689	2	2	143	202	2005
3690	1	1	137	206	2006
3691	5	2	127	0	0
3692	1	1	145	210	2008
3693	1	2	138	205	2009
3694	2	2	143	203	2005
3695	1	2	137	209	2009
3696	1	2	149	204	2008
3697	1	1	0	0	0
3698	2	1	133	208	2005
3699	1	0	0	0	0
3700	5	2	137	0	2005
3701	1	1	131	207	2009
3702	1	2	122	204	2009
3703	1	1	123	209	2008
3704	1	1	143	209	2006
3705	4	0	0	0	1990
3706	2	1	122	0	2005
3707	5	2	136	203	2005
3708	1	2	143	208	2007
3709	2	1	124	204	2005
3710	2	2	131	203	2004
3711	1	1	120	208	2007
3712	1	2	142	209	2008
3713	2	1	120	207	2004
3714	1	1	127	202	2007
3715	1	1	124	209	2006
3716	1	2	122	204	2008
3717	1	1	116	206	2009
3718	1	1	119	204	2006
3719	1	2	136	205	2007
3720	1	2	131	204	2006
3721	2	2	134	208	2004
3722	2	2	123	205	2004
3723	2	1	140	205	2005
3724	5	1	125	0	0
3725	1	2	120	205	2006
3726	1	2	113	206	2007
3727	1	2	134	208	2007
3728	1	2	131	202	2009
3729	1	1	120	204	2007
3730	1	2	138	205	2008
3731	1	2	127	203	2005
3732	2	1	125	204	2003
3733	1	1	120	0	0
3734	1	2	137	208	2006
3735	1	2	137	202	2006
3736	1	1	113	209	2006
3737	1	2	120	202	2008
3738	2	0	0	0	0
3739	1	1	140	210	2006
3740	2	2	121	204	2003
3741	1	0	0	0	0
3742	1	1	118	203	2006
3743	2	2	143	203	2005
3744	1	2	120	203	2006
3745	1	1	142	204	2009
3746	1	2	141	207	2009
3747	1	1	123	210	2006
3748	1	2	108	204	2007
3749	1	1	136	204	2008
3750	1	2	141	208	2009
3751	1	2	141	204	2007
3752	2	2	142	207	2003
3753	1	1	125	204	2007
3754	2	1	123	209	2004
3755	1	2	123	210	2009
3756	1	2	125	0	2006
3757	5	1	123	0	2009
3758	1	2	136	0	0
3759	2	0	0	0	0
3760	1	1	125	202	2009
3761	1	1	136	203	2006
3762	1	1	0	209	2007
3763	1	2	0	0	0
3764	1	2	131	209	2007
3765	1	1	123	205	2008
3766	1	1	137	202	2007
3767	2	1	131	0	2005
3768	1	2	137	204	2006
3769	1	2	115	204	2006
3770	1	2	143	209	2007
3771	2	2	120	205	2004
3772	1	0	142	0	0
3773	1	2	123	202	2004
3774	2	2	112	209	2004
3775	1	1	138	205	2007
3776	1	1	148	204	2009
3777	1	2	125	203	2008
3778	1	1	144	207	2007
3779	1	2	142	203	2008
3780	1	1	0	207	2007
3781	2	1	106	203	2004
3782	1	2	138	207	2008
3783	1	1	108	207	2005
3784	2	2	142	203	2003
3785	1	2	125	210	2006
3786	1	2	112	0	0
3787	1	1	124	208	2006
3788	1	1	0	0	2006
3789	5	0	0	0	0
3790	1	1	131	202	2009
3791	1	1	108	209	2005
3792	2	1	148	205	2002
3793	1	1	0	202	2009
3794	2	1	0	209	2000
3795	2	2	127	209	2005
3796	1	1	108	206	2009
3797	1	2	143	209	2007
3798	1	1	108	203	2009
3799	2	1	124	207	2004
3800	1	0	0	0	0
3801	1	2	127	210	2008
3802	1	1	120	204	2007
3803	1	1	122	205	2009
3804	2	1	141	207	2003
3805	2	1	148	206	2005
3806	2	2	143	205	2004
3807	5	1	136	0	2009
3808	1	2	142	203	0
3809	1	2	145	210	2007
3810	1	2	112	203	2006
3811	2	0	0	0	0
3812	1	2	0	208	2009
3813	1	2	131	0	2007
3814	1	1	125	209	2009
3815	1	2	122	210	2006
3816	2	1	137	203	2005
3817	1	1	0	207	2007
3818	1	2	112	206	2008
3819	1	1	113	202	2006
3820	1	1	131	207	2007
3821	5	2	144	0	0
3822	1	1	123	205	2006
3823	1	1	131	205	2007
3824	1	2	118	205	2008
3825	1	0	0	0	0
3826	1	2	141	202	2008
3827	2	1	152	203	2005
3828	1	2	131	203	2008
3829	2	1	120	204	2005
3830	1	2	0	203	2008
3831	1	1	133	204	2007
3832	1	1	0	205	2008
3833	2	1	132	208	2001
3834	2	2	120	202	2003
3835	2	2	108	0	2005
3836	2	2	122	0	2005
3837	1	1	139	208	2008
3838	1	1	137	205	2008
3839	1	2	131	207	2008
3840	1	1	132	203	2007
3841	1	2	125	205	2009
3842	1	1	122	207	0
3843	1	2	121	203	2007
3844	1	1	137	205	2008
3845	1	1	137	210	2006
3846	2	2	0	0	2005
3847	1	2	0	0	2007
3848	2	1	119	207	2004
3849	1	2	142	208	2009
3850	2	2	141	206	2005
3851	1	1	108	203	2008
3852	2	2	137	207	2005
3853	1	2	0	203	2009
3854	1	2	135	205	2007
3855	2	1	131	206	2004
3856	1	2	131	204	2008
3857	1	1	108	209	2005
3858	1	1	131	209	2006
3859	1	2	125	202	2006
3860	1	2	122	203	2006
3861	4	2	129	207	2005
3862	2	2	142	208	2004
3863	1	1	121	204	2008
3864	1	2	118	203	0
3865	1	2	143	204	2009
3866	1	2	142	205	2009
3867	1	2	132	208	2005
3868	1	1	149	206	2008
3869	1	1	120	204	2006
3870	1	1	139	208	2007
3871	1	2	143	209	2009
3872	1	2	127	203	2009
3873	1	1	120	203	2009
3874	2	2	137	206	2005
3875	2	2	143	210	2005
3876	1	2	0	206	2009
3877	1	2	142	202	2006
3878	2	2	142	210	2004
3879	2	2	115	202	2005
3880	1	1	0	210	2007
3881	2	1	139	0	2005
3882	2	1	131	205	2003
3883	1	1	131	204	2007
3884	1	1	131	208	2007
3885	1	1	133	208	2007
3886	1	2	137	208	2007
3887	1	1	127	202	2007
3888	2	2	142	206	2004
3889	1	1	108	205	2007
3890	2	2	131	207	2003
3891	2	2	120	206	2003
3892	1	0	0	209	0
3893	1	2	140	204	2007
3894	1	1	137	205	2007
3895	1	1	123	202	2008
3896	2	1	131	210	2005
3897	2	1	122	205	2005
3898	2	0	115	0	2004
3899	2	1	137	205	2005
3900	1	0	123	210	0
3901	2	1	109	202	1993
3902	1	2	136	203	2007
3903	1	1	123	202	2008
3904	1	2	137	205	2007
3905	1	1	137	204	2007
3906	2	1	0	205	2004
3907	2	1	118	203	2003
3908	1	1	113	210	2008
3909	1	2	124	209	2008
3910	1	2	141	207	2009
3911	1	1	123	202	2007
3912	1	1	122	205	2007
3913	1	2	122	209	2007
3914	2	1	127	0	0
3915	1	2	120	0	2007
3916	1	2	123	207	2006
3917	2	1	137	208	2004
3918	2	1	123	208	2002
3919	1	2	125	202	2007
3920	4	0	0	0	0
3921	1	1	127	208	2008
3922	1	1	123	205	2007
3923	1	2	127	209	2005
3924	1	2	122	209	2008
3925	1	2	143	205	2008
3926	1	1	131	208	2007
3927	1	2	108	202	2006
3928	1	1	131	205	2009
3929	1	2	136	208	2006
3930	2	1	122	210	2004
3931	2	2	131	207	2005
3932	5	2	0	0	2007
3933	1	2	142	208	2006
3934	1	1	112	207	2009
3935	1	2	125	210	2008
3936	1	1	133	210	2006
3937	1	2	135	205	2008
3938	1	2	124	207	2006
3939	2	2	122	203	2005
3940	1	1	0	203	2007
3941	2	1	118	209	2004
3942	1	1	132	210	2007
3943	1	2	143	203	2007
3944	2	2	141	204	2005
3945	2	1	138	0	2004
3946	1	2	133	206	2008
3947	1	1	133	208	2009
3948	1	2	143	207	2007
3949	1	0	0	0	0
3950	2	2	143	202	2003
3951	2	1	123	202	2005
3952	1	1	124	207	2005
3953	2	2	148	208	2005
3954	1	0	0	210	0
3955	2	0	120	0	2005
3956	1	1	131	210	2008
3957	5	2	141	0	0
3958	2	1	137	208	2004
3959	1	1	137	209	2008
3960	1	1	123	207	2006
3961	1	1	112	204	2005
3962	1	2	122	207	2006
3963	1	1	123	210	2008
3964	1	2	120	207	2009
3965	1	1	122	208	2007
3966	1	2	141	205	2009
3967	2	0	106	202	2005
3968	1	1	113	210	2008
3969	1	1	131	208	2008
3970	2	2	142	202	2005
3971	1	1	120	207	2007
3972	1	2	123	210	2009
3973	1	1	120	207	2008
3974	1	2	121	208	2007
3975	1	1	136	208	2008
3976	1	2	142	209	2009
3977	2	1	127	203	2004
3978	1	2	0	210	2009
3979	1	0	142	0	2005
3980	1	1	0	204	2008
3981	2	1	148	207	2005
3982	1	2	115	208	2006
3983	2	1	141	204	0
3984	1	1	123	210	2007
3985	1	2	108	0	2007
3986	1	1	0	203	2008
3987	2	1	122	208	2004
3988	2	1	142	210	0
3989	1	1	0	207	2010
3990	2	1	124	207	2005
3991	2	2	113	210	2004
3992	2	2	131	210	2005
3993	1	1	123	209	2009
3994	1	1	143	205	2007
3995	1	2	106	203	2008
3996	1	1	122	202	2008
3997	1	2	133	202	2006
3998	2	1	118	207	2004
3999	2	1	142	206	2004
4000	1	2	147	209	2006
4001	1	2	149	208	2007
4002	1	1	0	207	2009
4003	1	1	137	203	2009
4004	1	2	141	203	2006
4005	1	2	136	208	2008
4006	1	2	135	208	2009
4007	2	1	119	209	2004
4008	1	1	127	209	2009
4009	1	2	131	204	2006
4010	2	2	113	0	0
4011	5	2	133	0	2007
4012	2	1	115	208	2005
4013	2	2	145	206	2005
4014	1	2	127	202	2008
4015	1	1	119	203	2009
4016	1	2	0	208	2008
4017	1	1	0	204	2009
4018	1	2	147	208	2007
4019	1	0	0	0	0
4020	1	2	120	208	2007
4021	1	2	0	210	2008
4022	1	0	0	0	0
4023	1	1	106	206	2008
4024	2	1	123	0	2005
4025	1	1	0	208	2008
4026	1	1	132	208	2009
4027	1	2	120	210	2005
4028	1	1	120	207	2009
4029	1	2	143	205	2009
4030	1	2	122	207	2009
4031	2	1	108	206	2004
4032	1	2	139	210	2009
4033	1	1	108	207	2006
4034	1	1	148	203	2008
4035	1	1	120	204	2007
4036	1	1	108	210	2007
4037	1	1	124	204	2006
4038	2	1	137	0	2005
4039	1	1	0	210	2009
4040	2	1	123	208	2005
4041	1	2	121	206	2006
4042	2	1	131	210	2002
4043	2	2	126	209	2004
4044	2	2	136	209	2004
4045	2	2	113	202	2004
4046	1	2	140	204	2007
4047	2	2	120	204	2004
4048	1	2	143	207	2008
4049	2	2	120	0	2005
4050	1	2	142	203	2008
4051	2	1	148	202	0
4052	1	0	137	206	2006
4053	2	2	124	202	2004
4054	1	2	120	208	2008
4055	2	1	123	209	2002
4056	1	2	136	202	2007
4057	2	1	131	210	2004
4058	2	2	113	0	2005
4059	2	2	148	204	2005
4060	1	2	143	205	2009
4061	2	2	143	208	2000
4062	2	1	108	205	2004
4063	2	1	126	209	2004
4064	1	2	0	210	2006
4065	1	2	122	204	2008
4066	1	1	125	207	2007
4067	5	1	137	204	2006
4068	1	1	120	210	2009
4069	2	2	0	0	0
4070	1	2	122	207	2008
4071	2	2	142	210	2004
4072	1	1	122	205	2006
4073	2	1	124	204	2005
4074	1	2	141	208	2009
4075	2	2	136	205	2005
4076	1	2	120	210	2006
4077	1	2	142	206	2008
4078	1	1	127	204	2009
4079	1	1	139	202	2007
4080	1	1	123	207	2007
4081	2	2	132	202	2005
4082	5	2	143	206	2005
4083	1	1	122	208	2007
4084	1	2	123	210	2006
4085	1	2	121	207	2007
4086	1	2	108	202	2006
4087	1	2	142	204	2007
