id	status	gender	major	dorm	year
1	1	1	0	322	2009
2	2	2	48	0	2002
3	1	2	14	294	2006
4	1	2	39	310	2008
5	1	2	66	293	2006
6	1	2	7	306	2007
7	1	2	53	307	2006
8	1	1	78	304	2004
9	1	1	0	0	0
10	1	1	28	0	2008
11	1	1	60	296	2009
12	1	1	76	0	0
13	2	1	7	306	0
14	2	2	85	320	2005
15	2	2	66	0	2005
16	2	0	76	0	2004
17	1	2	76	331	2006
18	1	2	24	293	2008
19	1	2	0	322	2009
20	1	1	3	322	2008
21	5	1	0	298	2006
22	1	2	65	0	0
23	1	1	84	322	2009
24	5	0	13	0	0
25	2	2	25	0	2005
26	2	2	93	0	2005
27	2	2	59	316	2005
28	2	1	28	0	2004
29	1	2	76	0	2008
30	1	2	51	306	2006
31	1	1	28	0	2006
32	1	2	66	293	2006
33	1	1	24	307	2008
34	1	2	28	306	2006
35	1	1	7	310	2008
36	1	2	48	305	2007
37	1	1	29	293	2008
38	1	1	7	293	2006
39	1	2	51	300	2007
40	1	1	9	0	2006
41	1	2	41	305	2009
42	1	1	53	322	2009
43	1	1	0	0	0
44	1	1	77	306	2007
45	1	1	65	306	2006
46	1	1	59	322	2007
47	1	2	53	322	2009
48	2	2	0	0	0
49	1	1	24	0	2007
50	1	1	86	293	2007
51	1	1	9	305	2009
52	5	2	18	310	2007
53	1	1	0	293	2008
54	2	1	38	0	2005
55	2	2	51	0	2005
56	1	2	18	322	2008
57	5	2	64	0	0
58	2	1	0	0	2005
59	1	2	76	0	2007
60	1	0	77	329	2005
61	1	1	0	305	2009
62	1	1	7	292	2007
63	1	1	12	306	2006
64	1	1	0	0	2006
65	1	2	7	316	2005
66	2	1	76	0	2005
67	1	2	9	305	2009
68	1	1	28	0	2006
69	1	2	28	298	2007
70	1	0	0	0	0
71	5	2	25	0	2006
72	1	2	24	0	2007
73	1	1	28	310	2006
74	2	2	23	302	2005
75	2	2	7	0	2005
76	1	2	39	302	2008
77	1	2	14	320	2006
78	1	2	66	322	2008
79	1	2	66	0	2006
80	5	1	0	326	2006
81	1	1	28	305	2009
82	1	1	24	322	2009
83	1	2	18	310	2006
84	1	2	32	305	2008
85	1	1	0	322	0
86	1	2	24	0	2007
87	1	0	0	0	0
88	1	2	24	0	2006
89	1	1	53	322	2009
90	2	2	65	320	2005
91	1	1	76	298	2006
92	1	1	0	322	2009
93	1	0	28	293	0
94	1	1	38	306	2007
95	1	2	6	295	2007
96	1	1	0	325	2007
97	1	2	4	296	2006
98	1	1	28	0	2005
99	1	1	62	296	2005
100	1	0	49	0	0
101	2	1	38	306	2005
102	1	1	65	310	2008
103	2	1	76	0	2005
104	5	2	7	320	2006
105	1	1	4	0	2006
106	1	1	28	0	2007
107	1	1	39	293	2007
108	1	2	28	310	2008
109	1	2	45	296	2009
110	1	1	6	307	2009
111	2	2	9	0	2004
112	1	2	24	290	2006
113	1	2	60	296	2008
114	1	1	84	322	2008
115	1	1	4	296	2008
116	1	2	9	305	2008
117	1	2	6	325	2006
118	1	2	77	0	2005
119	1	2	7	322	2008
120	1	2	53	298	2008
121	1	1	76	318	2008
122	1	2	77	0	2007
123	1	2	18	322	2007
124	1	1	7	305	2009
125	1	1	85	0	2006
126	1	1	28	322	2007
127	1	1	77	306	2007
128	1	2	0	0	2005
129	1	2	7	322	2009
130	2	2	66	0	2005
131	1	1	77	298	2007
132	1	1	77	318	2006
133	1	0	0	0	0
134	1	2	14	298	2008
135	1	0	0	0	0
136	1	1	25	0	2007
137	1	1	0	307	2009
138	3	0	0	0	0
139	1	2	76	322	2008
140	2	0	0	0	0
141	1	1	7	0	2006
142	2	1	28	293	2004
143	1	1	60	0	2006
144	1	1	5	293	2007
145	1	1	72	305	2009
146	1	0	0	0	0
147	1	1	77	297	2006
148	1	1	9	305	2009
149	1	2	18	322	2009
150	1	1	0	305	2009
151	2	2	28	0	2005
152	1	2	24	293	2008
153	5	2	14	0	0
154	1	1	0	322	2008
155	1	1	53	305	2009
156	1	2	63	0	2006
157	1	2	76	316	2007
158	2	0	0	0	0
159	1	1	53	298	2008
160	2	2	0	0	0
161	1	2	13	0	2006
162	1	2	48	322	2008
163	2	1	24	0	2005
164	2	2	25	0	2005
165	1	2	0	307	2009
166	1	2	60	306	2007
167	2	1	65	0	2005
168	1	2	24	297	2007
169	1	2	51	322	2009
170	1	1	7	322	2009
171	1	2	39	298	2008
172	1	2	4	296	2009
173	1	1	76	0	2006
174	1	1	34	325	2008
175	1	2	76	310	2008
176	1	2	7	307	2008
177	1	2	24	327	2007
178	1	2	17	293	2008
179	1	1	62	0	2007
180	2	2	72	0	2005
181	1	2	77	316	2008
182	1	2	24	322	2008
183	1	1	9	294	2008
184	1	2	58	325	2007
185	1	2	34	290	2007
186	1	2	7	306	2007
187	1	2	77	325	2008
188	1	2	60	0	2006
189	1	1	11	0	2006
190	1	2	18	306	2007
191	1	1	11	297	2006
192	5	0	25	0	0
193	1	2	24	0	2006
194	1	2	24	302	2006
195	1	2	7	325	2007
196	1	1	7	0	2006
197	1	2	11	322	2009
198	1	1	3	318	2006
199	1	1	76	325	2007
200	1	1	24	310	2008
201	1	2	9	305	2009
202	1	2	63	322	2008
203	2	0	0	0	0
204	1	2	24	0	0
205	1	1	34	0	2006
206	2	2	18	0	2005
207	1	1	7	306	2006
208	2	1	27	0	2005
209	1	1	77	0	2009
210	1	0	0	0	0
211	1	1	48	325	2008
212	1	1	0	0	2008
213	2	2	77	0	0
214	2	1	0	0	2003
215	1	1	7	306	2006
216	1	1	7	305	2007
217	1	2	60	0	2006
218	1	2	12	293	2007
219	1	1	51	314	2008
220	2	2	18	0	2004
221	2	2	48	0	2005
222	1	1	0	322	2009
223	1	1	77	292	2006
224	1	2	39	305	2008
225	1	2	51	0	2008
226	2	2	28	0	2004
227	1	2	3	0	2007
228	5	2	11	0	0
229	1	1	0	305	2009
230	1	2	83	306	2006
231	1	1	66	297	2008
232	1	1	39	0	2006
233	1	2	51	322	2009
234	1	1	0	322	0
235	1	2	61	0	2007
236	2	1	1	0	2004
237	2	1	66	0	2005
238	2	2	82	0	2005
239	2	1	77	0	2005
240	2	1	76	0	2004
241	1	2	24	293	2007
242	1	1	7	294	2008
243	1	1	60	0	0
244	2	1	17	304	2005
245	1	0	13	293	2008
246	2	0	24	0	2005
247	2	2	4	296	2005
248	1	2	66	290	2008
249	1	2	51	310	2008
250	2	2	80	0	2005
251	1	0	11	0	0
252	1	2	76	327	2006
253	1	1	0	294	2008
254	2	2	71	0	2005
255	1	1	76	293	2008
256	1	2	73	0	2006
257	1	2	91	322	2008
258	1	1	0	322	2009
259	1	2	39	0	0
260	1	1	51	322	2009
261	5	2	64	0	0
262	1	1	0	314	2007
263	1	2	18	306	2006
264	1	2	7	306	2008
265	1	2	78	322	2009
266	5	2	55	320	2004
267	1	2	7	290	2007
268	1	1	53	322	2009
269	1	1	0	298	2008
270	1	1	28	306	2008
271	1	1	7	322	2009
272	1	2	31	293	2007
273	1	2	62	293	2007
274	1	1	0	322	2009
275	1	1	39	0	2006
276	1	1	65	306	2007
277	1	1	0	293	2008
278	1	1	12	293	2007
279	1	1	77	305	2007
280	1	2	60	322	2009
281	1	1	65	322	2009
282	1	1	9	293	2008
283	1	2	0	307	2009
284	1	1	7	322	2009
285	2	1	77	0	2005
286	1	1	29	322	2009
287	1	2	18	310	2007
288	1	1	9	0	2007
289	2	1	77	0	2005
290	1	2	14	306	2005
291	1	2	45	0	2008
292	1	2	18	298	2007
293	1	1	77	0	2005
294	1	1	4	296	2007
295	1	2	11	0	2006
296	1	2	18	293	2007
297	1	2	0	305	2009
298	1	0	4	296	0
299	1	2	76	305	2009
300	1	1	7	322	2008
301	1	1	13	325	2008
302	1	1	4	296	2009
303	1	2	59	306	2006
304	3	2	37	0	0
305	1	1	0	322	2008
306	1	2	25	306	2007
307	1	2	18	0	2007
308	1	1	53	325	2008
309	1	1	51	306	2007
310	1	1	46	0	2006
311	1	2	13	293	2008
312	1	2	76	297	0
313	2	2	76	306	2005
314	1	1	4	296	2008
315	1	2	7	293	2008
316	1	2	13	0	2006
317	1	1	53	322	2009
318	1	2	77	0	2005
319	1	0	0	0	2008
320	1	2	18	310	2008
321	1	2	7	0	2006
322	1	1	0	322	2008
323	1	2	0	325	2008
324	2	2	76	293	2005
325	2	0	0	0	0
326	1	1	28	307	2009
327	1	2	9	298	2008
328	1	2	64	296	2006
329	1	2	24	307	2008
330	1	2	39	319	2005
331	1	2	51	322	2009
332	1	1	39	322	2009
333	1	2	28	295	2007
334	1	2	12	293	2006
335	1	1	77	322	2009
336	1	1	54	304	2007
337	1	2	0	322	2009
338	1	2	9	325	2006
339	1	1	76	0	2005
340	4	1	0	0	0
341	1	0	0	0	0
342	1	1	66	307	2009
343	1	1	39	306	2006
344	5	0	77	0	0
345	5	1	0	298	2006
346	1	1	65	0	2007
347	1	0	76	306	2007
348	1	2	39	306	2005
349	1	2	73	0	2006
350	1	1	60	0	2006
351	2	0	0	0	2005
352	1	2	0	0	2009
353	1	1	62	296	2008
354	1	2	53	327	2006
355	1	1	7	306	2006
356	1	2	76	293	2007
357	1	1	23	0	2006
358	1	0	24	297	2008
359	1	2	18	306	2007
360	1	2	0	322	2009
361	1	1	31	328	2006
362	1	2	77	0	2006
363	1	2	7	322	0
364	1	2	18	325	2008
365	1	2	24	327	2006
366	1	1	12	0	2006
367	1	1	9	322	2007
368	5	2	25	0	2005
369	1	2	9	305	2009
370	1	1	38	322	2009
371	1	1	80	322	2009
372	1	1	7	307	2009
373	1	1	0	293	2008
374	1	2	9	306	0
375	1	2	48	298	2008
376	1	2	59	0	2006
377	1	2	69	296	2006
378	1	1	77	293	2007
379	1	1	0	305	2008
380	1	2	55	0	2006
381	1	2	11	327	2007
382	1	1	3	328	2008
383	1	0	0	0	0
384	1	2	72	306	2006
385	1	2	48	0	2007
386	5	1	44	298	2006
387	1	1	60	296	2009
388	1	1	60	296	2007
389	1	2	24	306	2006
390	1	1	77	0	2006
391	1	2	77	322	2009
392	1	2	6	298	2007
393	1	2	90	0	2006
394	1	2	76	293	2006
395	1	2	60	296	2007
396	1	2	28	293	2007
397	1	1	28	310	2007
398	1	2	7	322	2009
399	1	2	18	293	2007
400	1	2	9	305	2009
401	1	1	65	298	2008
402	5	0	0	0	0
403	2	1	39	0	2005
404	1	2	9	306	2008
405	1	0	0	0	0
406	1	2	24	290	2008
407	1	1	7	0	2004
408	2	1	77	0	2005
409	1	1	13	0	2007
410	1	1	78	0	2006
411	1	1	51	297	2006
412	2	1	66	0	2005
413	1	1	7	307	2009
414	1	2	66	325	2007
415	1	1	77	293	2006
416	1	2	4	296	2009
417	1	2	4	296	2008
418	2	1	4	0	2005
419	2	2	76	324	2005
420	1	1	53	298	2008
421	1	1	7	0	2006
422	1	2	39	306	2005
423	1	2	25	293	2007
424	1	1	60	322	2009
425	1	2	76	325	2007
426	1	1	76	0	2007
427	3	0	63	0	0
428	1	2	24	0	0
429	2	1	24	318	2004
430	1	2	87	307	0
431	1	1	4	0	2006
432	1	2	0	293	2008
433	1	1	28	329	2007
434	1	1	11	322	2007
435	1	2	76	297	0
436	1	2	14	322	2009
437	1	2	0	322	2008
438	1	2	39	306	2007
439	1	1	9	322	2009
440	1	1	38	293	2007
441	1	1	76	314	2006
442	1	2	24	322	2008
443	1	1	76	318	2007
444	1	1	0	0	2008
445	1	2	6	0	2007
446	2	1	11	306	2005
447	1	1	38	306	2006
448	1	2	7	310	2008
449	1	1	51	0	2006
450	1	1	66	294	2006
451	1	1	60	0	2008
452	1	2	76	298	2006
453	4	1	0	0	0
454	1	2	51	322	2009
455	1	0	38	0	2006
456	1	1	7	298	2008
457	1	1	53	322	2009
458	1	1	39	293	2008
459	1	2	4	0	2007
460	1	2	48	293	2007
461	1	2	6	0	2006
462	2	2	24	0	2004
463	4	1	0	0	0
464	1	2	51	306	2006
465	1	1	0	325	2008
466	1	2	77	323	0
467	1	1	76	298	2008
468	1	1	77	0	2006
469	1	2	60	0	2006
470	1	1	12	318	2007
471	1	1	0	298	2008
472	1	0	0	0	0
473	1	1	60	296	2006
474	1	2	24	293	2007
475	2	2	59	300	2005
476	1	1	71	0	2006
477	1	2	0	305	2008
478	1	1	39	305	2008
479	1	1	11	292	2007
480	1	2	18	0	2006
481	1	2	72	322	2008
482	1	1	39	307	2008
483	1	2	60	0	0
484	1	1	78	305	2009
485	1	2	24	310	2007
486	1	1	77	318	2007
487	1	2	46	322	2009
488	1	1	7	310	2007
489	2	1	24	0	2005
490	1	1	77	306	0
491	1	2	72	322	2008
492	1	2	9	322	2009
493	1	1	28	299	2008
494	5	0	0	0	0
495	1	1	38	306	2006
496	1	2	35	0	2006
497	1	1	28	306	2006
498	1	1	76	322	2009
499	1	2	51	322	2008
500	2	2	51	319	2005
501	1	2	9	322	2009
502	1	2	9	294	2008
503	5	1	39	0	0
504	2	1	28	0	2005
505	1	2	43	0	2005
506	1	1	7	307	2009
507	1	2	76	316	2006
508	1	2	9	0	2006
509	1	1	23	0	2007
510	1	2	80	0	2006
511	1	2	4	0	2007
512	1	1	53	307	2009
513	1	2	60	296	2008
514	1	2	24	330	2008
515	1	2	71	307	0
516	2	1	77	0	2005
517	5	2	49	0	2004
518	1	1	59	293	2008
519	1	1	7	310	2007
520	5	1	53	0	2008
521	2	2	65	0	2005
522	1	2	60	296	2009
523	2	2	31	306	2005
524	1	2	73	0	2007
525	1	1	0	298	2007
526	1	1	7	322	2009
527	1	2	0	322	2009
528	1	1	0	305	2009
529	1	2	66	0	2005
530	1	2	0	322	2009
531	5	2	72	0	0
532	1	2	76	305	2004
533	1	1	78	297	2006
534	1	2	24	0	2008
535	1	2	51	297	2006
536	1	2	24	317	2006
537	1	2	87	0	2006
538	1	2	69	0	0
539	1	2	25	293	2008
540	2	0	76	0	2003
541	1	2	77	293	2007
542	1	1	0	305	2009
543	3	2	0	0	0
544	1	2	25	294	2006
545	1	2	77	294	2008
546	1	1	11	0	2007
547	1	2	60	0	2006
548	1	2	4	0	2005
549	1	1	32	322	2009
550	1	2	59	307	2009
551	1	2	4	0	2009
552	1	1	65	307	2009
553	1	2	0	293	2008
554	1	1	28	310	2007
555	1	2	89	0	2009
556	1	1	11	293	2006
557	1	2	66	310	2008
558	1	1	7	293	2008
559	1	2	53	305	2009
560	2	1	4	296	2004
561	1	1	0	322	2009
562	1	1	14	298	2006
563	1	2	11	320	2006
564	1	2	73	305	2009
565	1	2	24	0	2009
566	1	2	24	305	2009
567	1	1	24	297	2007
568	1	2	54	322	2009
569	1	2	24	323	2005
570	1	1	28	293	2007
571	1	2	7	330	2006
572	1	2	24	323	0
573	1	1	60	0	2006
574	1	1	13	298	2007
575	2	1	28	306	2005
576	2	2	65	0	0
577	1	1	0	307	2009
578	1	1	12	293	2006
579	2	0	24	0	2005
580	1	1	77	0	2007
581	1	1	6	0	2006
582	1	2	0	322	2008
583	1	2	0	323	2007
584	2	2	24	298	2005
585	5	0	0	0	0
586	1	2	62	0	2004
587	1	2	82	306	2005
588	1	1	60	296	2007
589	2	2	28	306	2005
590	1	1	4	296	2009
591	1	1	60	310	2008
592	2	1	28	292	2005
593	1	2	60	296	2008
594	1	1	0	322	2009
595	1	2	60	296	2008
596	1	2	60	296	2008
597	1	1	76	0	2006
598	1	2	18	322	2009
599	1	1	77	310	2007
600	1	1	0	0	2007
601	1	1	55	298	2007
602	1	2	4	296	2009
603	5	0	0	0	0
604	1	0	0	0	0
605	1	2	7	322	2009
606	1	1	80	305	2009
607	1	1	0	297	2007
608	1	1	14	307	2009
609	1	1	38	298	2006
610	1	2	24	307	2009
611	1	1	28	322	2009
612	1	1	0	322	2009
613	1	2	53	307	2008
614	1	1	0	322	2009
615	2	2	66	0	0
616	1	1	0	310	2008
617	1	1	7	322	2009
618	2	1	1	0	2005
619	2	2	72	306	2005
620	1	2	6	0	2008
621	1	2	24	0	2009
622	1	1	46	303	2006
623	1	1	48	322	2009
624	1	1	28	299	2008
625	1	0	0	0	0
626	1	1	9	306	2005
627	1	1	14	314	2007
628	1	2	53	322	2009
629	1	2	53	310	2008
630	1	2	22	322	2009
631	1	2	60	296	2008
632	1	1	48	293	2006
633	1	1	28	306	2007
634	2	1	1	0	2005
635	1	1	0	0	2008
636	1	2	57	293	2007
637	2	2	83	303	2002
638	1	1	60	0	2009
639	1	1	77	293	2007
640	1	1	55	0	2007
641	1	1	11	299	2006
642	1	2	34	293	2005
643	1	1	0	322	2009
644	1	2	24	322	2009
645	1	2	44	305	2006
646	1	1	7	322	2009
647	1	1	7	322	2008
648	1	1	0	305	2009
649	1	2	25	291	2007
650	1	1	77	310	2007
651	1	1	76	0	2007
652	1	1	78	294	2007
653	1	2	4	296	2007
654	1	1	11	306	2007
655	1	1	0	305	2009
656	2	2	51	0	2005
657	2	2	44	306	2005
658	1	1	0	329	2007
659	1	1	24	322	2009
660	5	0	0	0	0
661	2	1	38	0	2005
662	1	1	6	305	2009
663	1	1	66	305	2009
664	5	2	64	0	0
665	1	0	0	0	0
666	1	2	72	325	2008
667	1	1	9	307	2008
668	1	1	80	294	2006
669	1	1	77	0	2006
670	2	1	49	0	2004
671	2	2	60	298	2003
672	1	1	11	294	2007
673	1	2	39	319	2007
674	1	2	78	298	2007
675	1	1	4	296	2007
676	1	1	77	322	2009
677	1	2	7	302	2007
678	1	1	39	293	2008
679	1	1	24	297	2006
680	1	1	0	305	2009
681	1	1	20	322	2009
682	1	1	76	305	2009
683	1	2	4	0	2008
684	1	0	0	0	0
685	5	2	24	0	2008
686	1	1	60	296	2006
687	1	2	0	322	2009
688	1	0	39	294	2008
689	1	1	79	293	2006
690	2	1	76	306	2005
691	2	1	12	293	2005
692	1	1	4	296	2008
693	1	1	11	306	2006
694	1	1	7	310	2007
695	2	2	24	317	2005
696	1	2	6	322	2009
697	1	1	60	0	0
698	1	1	31	322	2009
699	1	1	84	298	2007
700	1	2	66	290	2006
701	1	2	51	293	2008
702	1	1	28	294	2006
703	1	1	4	0	2006
704	1	2	76	306	2006
705	1	1	60	304	2010
706	1	2	60	296	2009
707	1	2	9	0	2009
708	1	1	4	0	2008
709	1	1	6	310	2008
710	1	2	7	293	2008
711	1	1	0	305	0
712	1	2	7	293	2008
713	1	1	60	0	2008
714	1	2	11	322	2009
715	1	2	7	325	2007
716	2	2	25	0	2005
717	1	2	24	294	2008
718	1	2	28	0	2007
719	1	1	76	306	2007
720	1	1	4	296	2008
721	1	1	77	306	2007
722	1	1	76	293	2007
723	1	1	57	322	2009
724	1	1	24	306	2007
725	1	2	4	296	2007
726	1	2	4	0	2006
727	1	2	9	298	2007
728	1	1	48	310	2008
729	2	0	0	0	2004
730	1	1	7	294	2008
731	5	2	24	0	2006
732	1	2	48	0	2006
733	1	2	60	0	2006
734	2	1	0	0	2003
735	1	1	28	306	2007
736	1	1	29	307	2009
737	1	1	84	325	2008
738	1	2	6	293	2007
739	1	2	0	0	0
740	1	1	0	322	2009
741	5	2	53	320	2008
742	1	1	0	322	2008
743	1	2	72	322	2008
744	1	2	51	322	2009
745	2	2	4	0	2005
746	1	2	48	322	2008
747	2	1	77	0	2004
748	1	1	0	293	2008
749	5	2	60	0	2005
750	1	1	14	322	0
751	1	0	31	298	2008
752	1	1	33	305	2009
753	1	1	13	299	2006
754	1	1	9	293	0
755	1	2	24	316	2007
756	2	1	39	0	0
757	1	2	24	327	2006
758	1	2	59	322	2009
759	1	0	0	0	0
760	1	1	60	0	2008
761	1	1	7	298	2007
762	1	2	50	322	2009
763	2	0	0	0	0
764	2	1	1	298	2005
765	1	1	80	325	2008
766	1	2	62	0	2008
767	1	2	9	322	2009
768	1	2	51	310	2008
769	1	2	77	322	2009
770	1	2	7	303	2006
771	1	1	0	322	2009
772	5	2	53	0	0
773	1	2	18	307	2009
774	2	0	0	0	0
775	1	2	71	298	2007
776	1	1	39	0	2007
777	1	2	73	306	2006
778	2	2	76	0	2003
779	1	2	90	0	2006
780	1	2	39	306	2005
781	1	2	72	322	2009
782	2	1	39	305	2005
783	5	2	53	0	2008
784	1	1	7	325	2008
785	1	1	51	293	2006
786	4	1	0	0	2005
787	5	2	76	323	2004
788	1	1	28	0	2006
789	1	2	39	322	2009
790	2	2	7	0	2005
791	1	2	11	322	2009
792	1	1	11	294	2007
793	1	1	77	322	2009
794	1	1	48	322	2007
795	1	2	60	0	2007
796	2	1	23	0	2005
797	1	1	76	305	2008
798	1	1	28	322	2009
799	1	2	4	296	2008
800	1	2	51	325	2008
801	1	2	18	293	2008
802	1	2	13	322	2009
803	1	2	4	296	2009
804	2	2	24	316	2004
805	1	1	62	305	2009
806	1	2	24	305	2008
807	1	1	77	0	2006
808	1	1	65	0	2008
809	2	1	7	299	2005
810	1	1	43	293	2006
811	1	2	59	306	2007
812	1	2	18	293	0
813	1	2	18	293	2007
814	5	2	73	0	2004
815	1	1	7	0	2009
816	1	1	9	305	2009
817	1	2	9	300	2007
818	2	0	0	0	0
819	1	0	0	0	0
820	1	2	78	298	2006
821	1	2	18	293	2006
822	1	2	51	298	2007
823	1	0	7	305	2008
824	1	1	4	296	2007
825	1	2	6	298	2006
826	1	2	0	305	2009
827	1	2	7	0	2009
828	1	2	31	293	2008
829	2	2	9	306	2005
830	2	2	24	290	2005
831	1	1	59	322	2009
832	1	2	76	327	2007
833	1	2	14	322	2009
834	1	1	7	293	2007
835	1	1	24	322	2009
836	2	2	22	0	1989
837	1	2	25	291	2006
838	1	2	11	306	2006
839	1	1	62	296	2008
840	1	2	78	325	2008
841	1	1	28	306	2007
842	1	1	7	325	2008
843	1	2	28	0	2006
844	1	1	77	0	2007
845	5	2	10	0	0
846	1	1	48	293	2007
847	1	1	17	297	2007
848	1	1	77	314	2006
849	1	2	24	310	2006
850	1	1	60	296	2008
851	1	2	51	322	2009
852	2	2	7	306	1996
853	5	2	28	293	2005
854	1	1	78	0	2006
855	1	1	38	329	2006
856	2	2	6	293	2004
857	1	1	71	293	2007
858	1	1	0	305	2009
859	1	1	77	329	2008
860	1	1	11	306	2006
861	1	2	76	293	2007
862	1	1	77	310	2007
863	1	1	33	322	2009
864	2	0	0	0	2005
865	2	1	28	0	2004
866	2	1	24	314	2005
867	1	1	1	318	2005
868	5	2	25	0	0
869	1	1	39	325	2008
870	1	2	76	298	2007
871	1	2	12	291	2007
872	1	1	0	0	2009
873	1	2	55	307	2009
874	1	1	6	294	2008
875	2	1	76	0	2005
876	2	1	11	0	2005
877	2	1	0	0	2005
878	1	2	53	310	2007
879	1	2	48	293	2007
880	2	1	7	0	2005
881	1	2	9	306	2008
882	2	2	66	0	2003
883	1	2	66	307	2006
884	1	2	60	308	2007
885	1	1	65	322	2007
886	1	1	53	306	2008
887	1	1	9	306	2006
888	1	1	11	322	2009
889	1	2	4	296	2008
890	5	1	77	298	2005
891	1	2	77	293	2007
892	2	2	72	0	0
893	1	1	77	328	2007
894	2	1	46	298	2005
895	1	1	83	0	2006
896	1	1	13	322	2008
897	1	1	76	325	2006
898	1	1	14	307	2009
899	1	1	24	310	2008
900	1	1	77	322	2009
901	1	1	31	297	2006
902	2	1	65	0	2005
903	1	1	0	294	2008
904	1	2	6	305	2009
905	1	1	4	0	2006
906	2	2	39	0	2005
907	1	1	59	0	2007
908	1	2	28	306	2006
909	1	2	72	0	2007
910	1	0	0	0	0
911	1	2	51	322	2009
912	1	1	53	0	2009
913	1	1	28	322	2008
914	1	0	0	0	0
915	1	1	46	306	2005
916	5	1	9	0	2005
917	2	2	39	310	2004
918	1	1	77	0	2007
919	1	2	12	319	2007
920	1	2	39	328	2007
921	1	1	12	0	2006
922	1	2	39	306	2007
923	1	2	0	305	2009
924	1	1	34	298	2008
925	1	2	0	0	2007
926	1	1	62	296	0
927	1	1	77	298	2005
928	1	2	53	322	2009
929	2	1	38	0	2004
930	1	1	5	318	0
931	1	1	72	0	2009
932	2	2	77	0	2005
933	1	1	51	325	2008
934	5	2	76	331	2005
935	1	1	3	298	2007
936	1	2	12	0	2007
937	1	2	7	305	2009
938	1	1	4	0	2009
939	1	2	0	310	2008
940	1	2	6	310	2008
941	2	2	82	0	2004
942	1	0	28	293	2006
943	1	2	24	305	2009
944	1	1	28	0	2006
945	1	0	39	298	2006
946	1	2	72	298	2007
947	2	2	76	0	2005
948	5	2	60	0	0
949	1	2	13	322	2009
950	2	1	9	0	2005
951	1	2	14	0	0
952	1	1	0	0	2007
953	1	2	9	0	2008
954	1	1	14	294	2006
955	2	1	0	0	2003
956	1	2	45	0	2008
957	2	2	7	0	2004
958	1	2	76	298	2008
959	1	1	76	298	2007
960	2	2	18	0	2005
961	1	1	6	306	2006
962	1	1	7	0	2006
963	1	1	53	310	2008
964	2	1	12	304	2005
965	1	2	13	322	2009
966	2	1	38	299	2005
967	2	2	45	0	2004
968	1	2	53	307	2009
969	1	2	18	298	2008
970	1	2	24	306	2006
971	1	1	77	0	2006
972	1	2	72	310	2007
973	1	2	24	298	2007
974	3	2	25	0	0
975	1	0	0	0	0
976	3	2	76	298	2006
977	1	1	7	293	2008
978	1	2	4	0	2005
979	1	2	53	293	2008
980	2	2	7	0	2004
981	1	2	0	310	2008
982	1	2	53	322	2008
983	1	1	60	0	2009
984	1	2	76	327	2007
985	1	1	0	298	2008
986	1	1	14	293	2007
987	1	2	9	322	2008
988	1	1	6	293	2008
989	1	2	24	290	2006
990	5	1	53	0	2008
991	1	1	46	310	2008
992	1	2	7	327	2008
993	5	2	14	0	0
994	1	0	76	295	2007
995	1	1	6	325	2008
996	1	1	78	325	2006
997	1	1	9	306	2006
998	1	1	76	310	2008
999	2	2	72	0	2004
1000	1	2	26	322	2009
1001	1	1	7	306	2006
1002	1	1	7	298	2007
1003	1	2	14	306	2007
1004	2	2	39	303	2005
1005	2	2	18	0	2004
1006	1	2	61	296	2008
1007	2	2	76	0	2004
1008	1	2	82	293	2006
1009	1	1	7	307	2009
1010	5	1	38	0	2004
1011	2	2	39	0	2005
1012	1	1	15	299	2006
1013	1	1	38	0	2007
1014	1	2	39	293	2006
1015	1	1	86	318	2006
1016	2	2	0	0	0
1017	1	2	28	306	2006
1018	1	2	25	322	2009
1019	1	2	43	0	2004
1020	1	2	24	322	2007
1021	2	2	25	306	2005
1022	1	1	77	307	2008
1023	1	2	77	291	2007
1024	2	1	38	0	2004
1025	1	0	0	0	0
1026	1	0	76	322	2009
1027	1	1	59	299	2008
1028	3	2	0	0	0
1029	1	1	0	293	2008
1030	1	2	76	293	2008
1031	1	1	39	299	2007
1032	1	1	78	298	2008
1033	1	1	26	305	2009
1034	1	0	0	0	0
1035	1	2	25	0	2006
1036	1	1	12	0	2006
1037	1	1	13	0	2007
1038	1	2	18	293	2006
1039	1	1	24	322	2009
1040	2	2	76	0	2005
1041	1	1	7	294	2006
1042	1	2	60	0	2008
1043	5	2	60	0	2006
1044	1	1	77	294	2006
1045	1	1	48	0	2006
1046	2	1	62	0	2005
1047	1	2	76	293	2008
1048	1	2	9	305	2008
1049	1	0	0	0	0
1050	1	2	3	0	2006
1051	2	2	43	298	1996
1052	1	2	0	322	2009
1053	1	1	7	293	2008
1054	1	2	4	296	2008
1055	1	1	77	306	2006
1056	1	2	39	307	2009
1057	2	2	48	0	2005
1058	1	2	51	300	2007
1059	1	1	76	306	2007
1060	1	2	24	297	2008
1061	1	2	76	0	2006
1062	1	2	66	293	2007
1063	1	2	26	307	2009
1064	1	0	6	328	2007
1065	1	1	6	322	2009
1066	1	1	65	322	2009
1067	1	1	24	0	2008
1068	1	1	77	298	2008
1069	1	2	60	296	2009
1070	1	2	13	307	2009
1071	1	2	71	0	2009
1072	1	1	77	0	2008
1073	1	1	24	318	2008
1074	1	2	40	310	2008
1075	1	1	25	293	2007
1076	1	2	76	297	2006
1077	2	0	0	0	2004
1078	1	2	9	306	2007
1079	1	2	7	307	2009
1080	1	2	72	305	2009
1081	5	1	0	0	2005
1082	5	2	70	0	0
1083	1	2	0	322	2009
1084	1	1	39	0	2006
1085	1	2	76	293	2007
1086	1	2	14	307	2009
1087	1	0	0	314	2006
1088	1	2	0	305	2009
1089	1	2	28	0	2007
1090	2	0	0	0	0
1091	1	1	40	306	2006
1092	2	2	51	0	2005
1093	1	1	27	305	2009
1094	1	1	7	307	2009
1095	5	1	0	0	2005
1096	1	1	76	306	2007
1097	1	2	39	305	2009
1098	1	1	0	307	2009
1099	2	2	44	0	2005
1100	1	1	28	304	2006
1101	1	1	72	310	2007
1102	1	2	24	0	2007
1103	1	1	48	328	2006
1104	1	2	24	330	2006
1105	1	2	28	290	2008
1106	1	1	77	306	2006
1107	1	2	14	305	2009
1108	1	0	24	300	0
1109	1	2	11	322	2009
1110	1	2	90	298	2006
1111	1	2	4	296	2009
1112	1	2	14	0	2006
1113	2	2	11	0	2005
1114	1	1	76	305	2009
1115	1	2	7	325	2008
1116	1	1	7	305	2009
1117	1	1	76	293	2006
1118	1	2	38	317	2007
1119	2	2	24	323	2005
1120	2	2	76	331	2005
1121	2	1	32	0	2004
1122	2	1	77	304	2003
1123	1	0	51	329	2007
1124	1	1	59	306	2006
1125	1	0	0	0	0
1126	1	2	24	305	2009
1127	1	2	0	307	2009
1128	1	1	60	296	2009
1129	1	1	28	299	2006
1130	1	2	9	293	2006
1131	1	2	60	296	2006
1132	1	1	48	0	2009
1133	1	2	0	322	2009
1134	1	1	7	318	2007
1135	2	1	78	0	2005
1136	1	1	38	304	2007
1137	1	1	6	0	0
1138	5	0	0	0	0
1139	1	2	0	322	0
1140	1	2	24	293	2008
1141	1	2	76	298	2008
1142	2	2	71	0	2005
1143	1	1	60	0	2006
1144	1	1	6	322	2009
1145	1	1	28	325	0
1146	1	2	13	306	2006
1147	1	1	28	318	2006
1148	4	2	0	0	0
1149	1	2	76	322	2008
1150	2	2	14	0	2005
1151	1	2	28	293	2007
1152	1	2	25	325	2008
1153	1	0	0	0	0
1154	1	1	0	322	2009
1155	1	2	80	331	2006
1156	1	2	24	322	2008
1157	2	1	76	306	2005
1158	2	1	4	0	2005
1159	1	2	11	305	2009
1160	1	1	28	0	0
1161	1	1	38	298	2006
1162	1	2	72	310	2008
1163	2	1	76	0	2005
1164	1	2	28	305	2008
1165	1	1	58	318	2008
1166	1	1	0	293	2008
1167	2	2	6	0	2005
1168	1	2	25	322	2008
1169	2	1	82	0	2004
1170	1	2	18	310	2006
1171	1	2	0	322	2009
1172	1	2	25	297	2006
1173	1	1	14	305	2009
1174	2	2	3	306	2005
1175	1	2	66	297	2006
1176	1	1	7	305	2009
1177	1	2	18	0	0
1178	4	2	0	0	0
1179	1	0	51	306	2007
1180	2	1	39	0	2005
1181	1	1	48	322	2009
1182	1	1	62	296	2009
1183	1	1	12	298	2008
1184	1	1	38	318	0
1185	1	2	53	0	0
1186	2	2	18	0	2005
1187	1	2	72	322	2009
1188	1	1	60	0	2008
1189	1	2	45	0	2005
1190	1	2	14	0	2009
1191	1	1	28	298	2008
1192	1	2	65	298	2007
1193	1	1	0	322	2008
1194	1	1	7	294	2007
1195	1	2	38	305	2008
1196	1	1	76	318	2007
1197	1	2	60	296	2008
1198	1	2	24	322	2009
1199	2	1	78	0	2004
1200	1	0	3	0	2007
1201	2	2	14	0	2005
1202	2	1	0	0	2005
1203	1	1	28	298	2007
1204	2	1	0	0	0
1205	2	2	82	331	2005
1206	1	1	4	0	2008
1207	5	2	66	0	2006
1208	1	1	9	322	2009
1209	1	0	71	0	0
1210	1	2	9	297	2007
1211	1	1	28	306	2006
1212	1	2	1	306	2006
1213	1	2	24	316	2006
1214	2	2	78	0	2005
1215	1	1	76	0	2006
1216	1	2	66	298	2006
1217	2	1	77	0	2004
1218	1	2	13	307	2008
1219	1	2	31	293	2006
1220	1	2	4	0	2008
1221	1	1	0	322	2009
1222	5	2	53	0	2005
1223	1	2	25	306	2006
1224	1	2	24	300	0
1225	2	1	78	0	2004
1226	1	1	24	298	2006
1227	1	1	76	314	2008
1228	1	2	0	293	2006
1229	1	1	4	296	2007
1230	1	1	6	306	2006
1231	1	1	76	325	2008
1232	1	2	76	0	2007
1233	1	1	0	0	2009
1234	1	2	7	322	2008
1235	1	1	53	322	2009
1236	1	0	0	0	0
1237	2	1	78	0	2005
1238	1	2	48	310	2008
1239	1	2	24	293	2007
1240	1	2	77	322	2009
1241	1	2	4	0	2007
1242	2	1	77	0	2004
1243	1	2	51	305	2009
1244	1	2	60	296	2007
1245	1	1	24	0	2006
1246	2	2	65	0	2005
1247	1	1	7	310	2008
1248	2	2	24	327	2002
1249	1	2	80	293	2007
1250	1	2	72	322	0
1251	2	2	14	0	2004
1252	1	2	60	0	2004
1253	1	1	71	293	2008
1254	1	1	38	298	2008
1255	1	2	53	325	2007
1256	2	2	31	0	2005
1257	5	0	72	0	2000
1258	1	2	4	296	2006
1259	5	2	60	0	2006
1260	1	1	77	307	2009
1261	1	2	28	325	2007
1262	1	2	14	310	2008
1263	1	2	4	0	2005
1264	1	1	60	0	2008
1265	1	1	26	306	2006
1266	1	2	66	310	2007
1267	2	1	48	0	2005
1268	2	1	78	0	2005
1269	1	1	84	305	2009
1270	1	2	82	305	2008
1271	1	2	76	310	2008
1272	1	1	77	310	2008
1273	1	2	83	303	2007
1274	1	2	43	310	2006
1275	1	2	45	0	2008
1276	1	2	77	306	2005
1277	1	2	0	307	2009
1278	2	1	4	0	2005
1279	1	2	51	322	2009
1280	1	1	60	296	2008
1281	1	2	65	298	2008
1282	1	1	7	0	2008
1283	1	1	48	0	2006
1284	2	2	71	302	2005
1285	1	2	14	297	2007
1286	1	2	7	305	2009
1287	1	1	55	0	2006
1288	1	1	54	298	2007
1289	1	0	0	0	0
1290	1	2	60	0	0
1291	1	2	60	0	2007
1292	1	1	28	307	2009
1293	1	1	76	305	2009
1294	1	1	82	329	2006
1295	1	1	38	322	2009
1296	1	1	28	305	2009
1297	2	2	24	0	2005
1298	2	1	23	0	2005
1299	1	2	4	296	2009
1300	2	1	3	0	2005
1301	2	1	36	306	2005
1302	1	1	7	0	2009
1303	1	2	77	0	2006
1304	2	1	11	0	2005
1305	1	2	49	322	2009
1306	2	2	24	0	2005
1307	1	1	33	322	2009
1308	1	1	53	307	2009
1309	1	2	83	306	2008
1310	1	1	43	0	2006
1311	1	1	39	322	2008
1312	1	2	89	293	2005
1313	1	2	66	325	2008
1314	1	1	77	322	2009
1315	1	1	33	294	2006
1316	5	2	93	0	2005
1317	1	2	24	0	2007
1318	2	1	11	0	2005
1319	2	2	80	0	2007
1320	2	1	76	0	2005
1321	1	1	54	293	2008
1322	1	1	48	0	2006
1323	1	2	36	306	2006
1324	1	2	4	296	2008
1325	1	1	76	322	2009
1326	2	1	24	0	2005
1327	1	2	76	305	2009
1328	1	1	0	305	2009
1329	1	1	65	293	2008
1330	1	2	31	0	0
1331	1	1	0	322	2009
1332	1	1	65	314	2007
1333	1	2	0	0	0
1334	1	1	9	307	0
1335	1	2	39	0	2008
1336	1	2	24	295	2005
1337	1	1	11	293	2007
1338	1	1	12	0	2006
1339	5	1	24	0	2006
1340	1	2	0	322	2009
1341	1	2	38	322	2009
1342	1	1	32	306	2007
1343	1	1	77	322	2009
1344	2	2	9	0	2005
1345	1	1	53	305	2009
1346	1	1	7	0	2008
1347	1	2	24	325	2007
1348	1	2	13	310	2008
1349	1	0	0	0	0
1350	1	1	31	322	2009
1351	1	2	49	0	2006
1352	2	2	24	0	2003
1353	2	2	24	297	1995
1354	2	1	39	0	2005
1355	5	2	51	0	2005
1356	1	2	76	307	2007
1357	1	2	6	322	2009
1358	1	2	0	298	2008
1359	1	2	76	307	2009
1360	1	1	0	294	2008
1361	1	2	31	322	2008
1362	1	1	60	296	2007
1363	1	1	54	306	2007
1364	1	1	8	297	2008
1365	4	2	0	0	0
1366	1	2	39	293	2007
1367	1	2	31	298	2005
1368	1	1	73	293	2006
1369	1	2	4	296	2008
1370	1	2	45	296	0
1371	1	1	77	0	2008
1372	1	2	60	296	2008
1373	1	1	23	310	2008
1374	3	0	2	0	0
1375	1	1	4	0	2007
1376	1	1	0	322	2009
1377	1	2	0	330	2007
1378	1	1	0	307	2009
1379	1	1	4	296	2008
1380	1	1	12	325	2007
1381	1	1	60	296	2006
1382	1	1	0	322	2009
1383	1	2	39	298	2007
1384	1	1	24	298	2006
1385	1	2	0	307	2009
1386	1	1	77	294	2007
1387	1	2	60	0	2006
1388	1	2	87	290	2005
1389	1	1	60	0	2009
1390	1	1	77	297	2008
1391	2	0	77	0	2005
1392	1	2	24	323	2006
1393	1	0	11	0	2008
1394	1	2	82	298	2007
1395	5	2	53	320	2009
1396	2	1	60	299	2005
1397	2	1	11	0	2005
1398	1	1	7	307	2005
1399	2	2	13	0	2005
1400	1	2	76	320	2006
1401	2	2	24	0	2004
1402	1	1	6	293	2007
1403	1	1	65	293	2008
1404	1	2	76	322	2009
1405	1	2	77	305	2009
1406	1	1	65	298	2006
1407	2	1	11	0	2005
1408	1	1	9	322	2009
1409	1	2	59	322	2008
1410	1	2	82	305	2007
1411	1	1	0	0	2007
1412	1	1	0	329	2008
1413	1	2	72	310	2008
1414	2	1	9	306	2005
1415	2	1	76	0	2005
1416	1	1	76	294	2007
1417	5	2	53	0	2008
1418	1	1	60	296	2008
1419	1	2	0	0	0
1420	1	1	79	0	0
1421	1	0	38	0	2007
1422	1	2	6	307	2008
1423	1	1	4	299	2007
1424	1	1	0	322	0
1425	1	2	24	328	2006
1426	1	1	28	322	2008
1427	1	1	72	0	0
1428	2	1	12	299	2005
1429	1	1	76	294	2007
1430	1	2	65	322	2009
1431	2	1	0	0	2005
1432	1	2	51	310	2008
1433	1	1	43	307	2009
1434	1	1	39	298	2007
1435	1	2	9	294	2008
1436	1	2	87	310	2008
1437	1	1	77	293	2007
1438	1	1	60	0	2005
1439	1	0	62	296	2009
1440	1	1	4	296	2009
1441	1	1	4	0	2005
1442	1	2	24	297	2008
1443	1	1	0	0	2007
1444	2	1	65	0	2005
1445	1	1	0	305	2009
1446	1	1	76	0	2006
1447	1	1	48	310	2007
1448	1	2	76	327	2008
1449	1	1	53	322	2009
1450	2	2	76	0	2005
1451	1	2	39	0	2005
1452	1	1	11	293	2008
1453	1	2	77	310	2007
1454	1	0	0	0	2005
1455	1	2	11	322	2009
1456	1	1	51	0	2006
1457	1	2	76	310	2008
1458	1	2	7	293	2008
1459	1	2	9	322	2009
1460	1	2	60	296	2007
1461	1	2	18	298	2007
1462	2	1	79	0	2005
1463	1	2	31	325	2008
1464	1	1	4	296	2009
1465	2	2	24	0	2005
1466	1	2	60	0	2006
1467	2	1	71	0	2005
1468	1	2	0	307	2009
1469	1	1	0	0	2007
1470	2	1	28	0	0
1471	1	1	46	293	2008
1472	1	1	30	297	2007
1473	1	2	24	300	2006
1474	1	1	24	325	2005
1475	1	2	60	310	2008
1476	2	2	89	324	2005
1477	1	2	39	295	2006
1478	1	1	6	322	2009
1479	1	1	28	298	2006
1480	1	1	6	322	2009
1481	1	2	76	293	2007
1482	1	2	7	322	2009
1483	1	1	60	296	2009
1484	2	1	77	0	2005
1485	1	2	18	297	2006
1486	1	2	22	298	2007
1487	1	1	3	322	2008
1488	1	2	7	322	2009
1489	1	2	65	305	2009
1490	1	2	0	305	2009
1491	1	2	76	302	2007
1492	1	2	0	293	2008
1493	1	0	0	0	0
1494	1	0	76	293	2008
1495	1	2	3	0	2007
1496	1	2	28	0	2007
1497	5	1	63	0	2009
1498	1	2	24	305	2009
1499	1	2	76	293	2008
1500	1	2	82	320	2008
1501	1	2	60	296	2005
1502	1	1	76	307	2009
1503	1	1	4	0	2006
1504	1	2	62	296	2009
1505	1	2	51	298	2007
1506	1	1	23	293	2008
1507	1	0	60	296	2007
1508	1	2	4	0	2006
1509	1	2	14	297	2007
1510	1	1	4	0	2007
1511	1	1	53	299	2007
1512	1	1	65	298	2008
1513	1	1	76	306	2006
1514	1	1	1	298	2008
1515	1	1	77	298	2008
1516	5	2	93	0	2006
1517	1	2	24	293	2008
1518	1	0	0	0	0
1519	1	1	60	306	2006
1520	1	1	53	322	2009
1521	1	2	9	0	2007
1522	1	2	24	322	2009
1523	1	0	0	0	0
1524	1	1	14	298	2006
1525	1	1	13	322	2009
1526	1	2	25	298	2008
1527	1	2	39	322	2009
1528	1	2	24	0	2008
1529	1	1	7	298	2008
1530	1	1	55	293	2008
1531	1	0	0	0	0
1532	1	1	61	293	0
1533	1	1	7	322	2009
1534	1	1	77	0	2007
1535	1	2	80	298	2006
1536	1	1	82	298	2008
1537	1	2	76	316	2006
1538	1	1	12	294	2006
1539	2	1	77	0	2005
1540	1	1	5	314	2007
1541	1	2	0	0	2008
1542	1	1	76	298	2007
1543	1	2	76	0	2006
1544	5	1	9	0	2005
1545	2	0	46	306	2005
1546	1	1	53	293	2007
1547	1	2	14	307	2009
1548	1	2	66	293	2008
1549	1	1	23	293	2007
1550	1	2	65	322	2009
1551	2	1	24	293	2004
1552	1	1	53	306	2007
1553	1	1	28	322	2009
1554	1	2	24	295	2008
1555	1	2	51	0	2007
1556	2	2	77	0	2004
1557	1	2	60	293	2008
1558	1	1	14	306	2006
1559	1	2	9	0	2008
1560	1	2	76	306	2005
1561	1	2	73	327	2006
1562	1	1	4	0	2007
1563	1	2	11	326	2006
1564	1	2	9	298	2007
1565	1	1	0	305	0
1566	1	1	28	0	2006
1567	1	1	77	0	2006
1568	1	1	77	0	0
1569	1	2	72	0	2008
1570	2	2	22	0	2004
1571	1	1	0	322	2009
1572	1	2	0	305	2009
1573	1	1	76	306	0
1574	1	2	14	310	2008
1575	1	2	13	322	2009
1576	1	1	76	310	2008
1577	5	2	51	0	2006
1578	1	1	14	299	2007
1579	1	2	3	307	2006
1580	1	0	0	0	0
1581	1	2	51	305	2009
1582	1	1	53	322	2009
1583	1	2	24	325	2007
1584	1	1	33	306	2007
1585	1	1	53	305	2009
1586	1	2	60	296	2009
1587	1	2	39	298	2006
1588	1	1	7	310	2008
1589	1	1	9	322	2009
1590	5	0	0	0	0
1591	1	1	76	307	2009
1592	1	2	59	319	2006
1593	1	2	0	307	2009
1594	1	1	77	306	2007
1595	1	1	77	0	0
1596	1	0	46	293	2007
1597	1	0	0	0	0
1598	1	1	24	305	2008
1599	1	1	39	0	2007
1600	1	0	0	0	0
1601	1	1	34	322	2008
1602	1	2	13	305	2008
1603	1	1	78	322	2009
1604	1	1	11	322	0
1605	1	1	53	299	2006
1606	1	1	65	310	2008
1607	1	1	77	0	2006
1608	2	0	0	0	0
1609	5	2	53	0	2005
1610	1	2	4	296	2008
1611	1	1	4	296	2009
1612	2	2	2	319	2001
1613	1	1	77	306	2006
1614	2	1	79	0	2005
1615	1	2	0	298	2008
1616	3	2	60	0	0
1617	1	1	7	322	2009
1618	1	1	25	0	2007
1619	1	0	0	0	0
1620	1	2	9	297	2008
1621	1	1	55	307	2007
1622	1	1	76	305	2009
1623	1	0	24	0	2006
1624	1	2	77	293	2008
1625	1	1	60	0	2006
1626	1	1	60	0	2006
1627	1	2	80	302	2006
1628	5	2	48	0	0
1629	1	2	82	306	2007
1630	1	2	76	0	2005
1631	1	1	4	0	2006
1632	1	1	12	305	2006
1633	1	2	48	306	2007
1634	1	2	0	0	0
1635	2	1	11	0	2005
1636	1	1	60	0	2006
1637	1	1	24	314	2007
1638	1	1	7	0	2009
1639	1	2	48	298	2007
1640	1	2	14	0	2005
1641	1	2	18	306	2005
1642	1	2	39	305	2008
1643	1	2	0	297	2008
1644	5	2	53	0	2009
1645	1	1	77	293	2007
1646	1	1	28	310	2005
1647	1	2	39	300	2006
1648	1	2	18	325	2007
1649	1	2	78	320	2005
1650	1	2	76	327	2007
1651	1	2	48	293	2007
1652	1	2	9	293	2008
1653	1	2	44	0	2006
1654	2	1	14	0	2005
1655	1	0	28	328	2007
1656	1	2	76	293	2008
1657	1	1	4	296	2009
1658	1	2	3	322	2008
1659	2	1	7	0	2004
1660	1	2	24	293	2007
1661	5	2	25	0	2006
1662	1	1	0	322	2009
1663	1	1	0	307	2009
1664	1	2	24	298	2008
1665	1	2	39	306	2005
1666	1	1	77	314	2008
1667	2	2	0	0	0
1668	1	2	0	307	2009
1669	2	2	14	0	2005
1670	2	1	77	0	2005
1671	1	1	53	298	2008
1672	1	2	7	323	2007
1673	1	1	60	0	2008
1674	1	1	0	322	2009
1675	1	2	28	331	2006
1676	1	2	24	0	2007
1677	1	2	24	325	2006
1678	1	0	0	0	0
1679	1	1	60	0	2009
1680	2	2	7	319	2005
1681	1	2	9	307	2007
1682	1	1	65	298	2006
1683	4	1	4	0	2005
1684	1	1	77	0	2006
1685	1	0	0	0	0
1686	1	2	9	322	2008
1687	1	2	0	305	2008
1688	1	1	14	306	2006
1689	1	1	0	305	2008
1690	2	1	0	0	1978
1691	1	2	14	322	2009
1692	1	1	49	298	2006
1693	1	1	76	293	2007
1694	1	2	43	293	2007
1695	1	1	53	307	2009
1696	1	2	24	297	2006
1697	1	1	62	296	2008
1698	2	2	0	0	0
1699	1	1	14	322	2009
1700	1	2	25	0	2008
1701	1	1	7	322	2009
1702	1	1	11	322	2009
1703	1	1	0	325	2008
1704	1	2	39	293	2006
1705	1	2	0	322	2008
1706	2	2	14	0	2003
1707	1	1	76	298	2008
1708	1	2	13	306	2006
1709	2	2	39	0	2005
1710	5	2	11	0	2010
1711	1	0	60	0	0
1712	1	2	24	0	2007
1713	1	1	24	0	2007
1714	1	2	25	322	2009
1715	1	1	59	325	2006
1716	2	0	24	0	2005
1717	1	1	53	305	2009
1718	5	1	77	0	2005
1719	1	1	68	322	2008
1720	1	0	4	0	0
1721	1	1	7	306	2006
1722	1	2	14	290	2008
1723	1	1	53	325	2007
1724	2	0	0	0	0
1725	2	1	65	299	2005
1726	1	1	76	0	2006
1727	1	0	0	0	0
1728	1	2	72	0	2006
1729	2	2	7	306	2005
1730	1	2	4	296	2009
1731	1	0	0	0	0
1732	1	1	78	310	2008
1733	1	1	29	0	2006
1734	1	2	4	0	0
1735	1	1	24	322	2009
1736	1	1	60	293	2008
1737	2	2	24	0	2005
1738	1	1	0	322	2009
1739	1	1	38	307	2009
1740	2	2	76	0	2004
1741	1	2	76	294	2006
1742	1	2	76	322	2009
1743	1	1	0	310	2008
1744	1	2	25	325	2008
1745	2	1	76	0	2004
1746	1	1	0	0	2008
1747	1	1	53	293	2007
1748	5	2	53	0	2008
1749	1	2	25	293	2008
1750	5	2	53	0	2008
1751	1	1	53	305	2008
1752	1	1	53	307	2009
1753	1	2	24	324	2006
1754	1	2	89	0	2005
1755	1	2	28	326	2007
1756	1	1	11	321	2007
1757	1	1	53	322	2009
1758	1	2	24	293	2008
1759	1	2	9	305	2009
1760	1	2	60	0	2007
1761	1	1	78	293	2008
1762	1	1	12	305	2007
1763	1	1	77	0	2007
1764	1	2	48	293	2007
1765	1	1	60	296	2005
1766	1	2	24	324	2006
1767	1	1	76	306	2005
1768	2	1	28	318	2005
1769	1	0	9	293	2007
1770	5	1	9	0	0
1771	1	1	0	322	2009
1772	1	2	25	320	2006
1773	2	2	76	0	2005
1774	1	1	3	294	2006
1775	1	2	0	0	2009
1776	1	1	45	296	2007
1777	1	2	9	320	2006
1778	2	1	3	306	2005
1779	1	1	65	310	2008
1780	1	2	24	293	2006
1781	1	0	51	327	2008
1782	2	2	77	0	2004
1783	3	2	41	326	2007
1784	1	2	24	305	2009
1785	1	0	0	0	0
1786	2	2	9	0	2005
1787	1	2	48	0	2006
1788	1	2	60	296	2008
1789	1	2	24	0	2006
1790	1	2	66	310	2008
1791	1	1	60	296	2006
1792	1	2	24	298	2007
1793	1	2	4	0	2007
1794	1	2	0	325	2007
1795	1	2	14	0	2007
1796	1	1	24	0	2006
1797	1	2	86	305	2009
1798	1	1	4	0	2007
1799	1	2	63	296	0
1800	5	2	78	0	2004
1801	1	1	62	296	2007
1802	2	2	4	296	2005
1803	1	1	7	293	2007
1804	1	2	51	322	2009
1805	1	1	28	322	2009
1806	1	2	9	302	2006
1807	1	1	82	293	2008
1808	1	1	65	328	2008
1809	1	1	0	0	0
1810	1	2	14	306	2006
1811	1	0	9	314	2006
1812	1	2	4	0	2008
1813	1	1	7	298	2008
1814	1	2	45	0	2007
1815	1	2	51	305	2006
1816	2	1	77	318	2005
1817	1	2	46	305	2009
1818	1	1	7	325	2008
1819	2	2	76	322	2005
1820	5	1	66	0	2005
1821	1	0	0	0	0
1822	1	1	12	294	2007
1823	1	2	9	319	2007
1824	1	2	66	310	2007
1825	1	2	25	325	2008
1826	1	1	77	293	2008
1827	2	2	76	316	2005
1828	1	2	6	320	2006
1829	1	1	72	322	2009
1830	1	1	24	329	2007
1831	1	1	53	0	0
1832	1	0	24	0	2005
1833	5	2	70	0	2008
1834	1	1	77	293	2008
1835	1	1	32	294	2008
1836	1	1	7	0	0
1837	2	1	28	0	2005
1838	1	2	76	293	2008
1839	1	2	7	0	2005
1840	1	2	45	296	2009
1841	2	1	31	297	2005
1842	1	1	53	307	2009
1843	1	2	39	293	2008
1844	1	2	31	322	2009
1845	1	0	0	0	0
1846	1	1	24	294	2008
1847	1	0	0	330	2010
1848	1	2	9	330	2007
1849	1	2	51	325	2008
1850	1	1	4	0	2009
1851	1	2	65	298	2008
1852	1	1	60	293	2007
1853	1	0	76	322	2008
1854	1	1	6	298	2005
1855	1	2	51	0	2007
1856	1	0	24	319	2007
1857	1	2	18	306	2006
1858	5	2	24	0	2006
1859	1	1	77	298	2006
1860	1	1	0	322	2009
1861	1	1	28	306	2006
1862	1	1	6	325	2007
1863	1	1	60	296	2008
1864	1	2	24	293	2008
1865	1	2	24	306	2006
1866	2	2	18	0	2005
1867	2	2	39	0	2005
1868	1	1	45	293	2006
1869	1	2	76	294	2007
1870	1	1	14	294	2008
1871	1	2	18	0	0
1872	1	2	39	0	2005
1873	1	2	31	0	2006
1874	2	1	60	0	2005
1875	1	2	7	310	2007
1876	1	1	0	322	2009
1877	1	1	77	293	2008
1878	2	1	7	306	2005
1879	1	2	4	296	2006
1880	2	2	28	0	2005
1881	1	2	6	302	2006
1882	1	1	54	298	2007
1883	2	2	9	0	2004
1884	1	1	0	0	2008
1885	1	2	76	322	2009
1886	1	1	78	306	2007
1887	2	2	24	297	2005
1888	1	1	0	329	2006
1889	1	1	28	0	2007
1890	1	1	7	0	2007
1891	1	2	9	293	2006
1892	1	1	73	310	2008
1893	1	1	53	305	2009
1894	1	1	24	322	2009
1895	2	2	76	302	2005
1896	1	2	45	296	2007
1897	1	0	4	0	2007
1898	2	2	7	306	2005
1899	1	0	53	325	2007
1900	2	1	76	318	2005
1901	1	2	24	0	2004
1902	2	1	50	306	2005
1903	1	1	0	293	2008
1904	5	1	0	292	2006
1905	1	2	72	293	2007
1906	1	1	7	322	2009
1907	1	2	76	0	2008
1908	1	0	0	0	0
1909	1	0	7	0	2007
1910	1	2	7	0	0
1911	1	2	76	328	2006
1912	1	2	24	310	2007
1913	1	2	24	306	2006
1914	1	1	11	322	2007
1915	1	2	60	0	2006
1916	6	0	15	0	0
1917	1	2	31	0	2006
1918	1	1	4	296	2007
1919	1	2	48	297	2008
1920	1	1	66	306	2006
1921	1	2	0	322	2009
1922	1	1	6	298	2008
1923	1	1	6	307	2009
1924	1	2	13	307	2009
1925	5	2	53	0	2008
1926	2	1	13	293	2005
1927	1	2	80	307	2008
1928	1	1	78	322	2007
1929	1	2	60	296	2009
1930	1	1	9	305	2009
1931	1	2	18	306	2006
1932	1	1	11	297	2008
1933	1	2	70	295	2005
1934	5	1	0	0	2006
1935	1	0	0	0	0
1936	1	2	7	307	2009
1937	1	1	4	0	2008
1938	1	2	77	0	2007
1939	1	2	84	306	2006
1940	1	2	66	302	2008
1941	1	1	62	296	2009
1942	1	2	76	293	2007
1943	1	1	65	305	2009
1944	1	2	9	0	2009
1945	2	2	66	0	2004
1946	1	2	25	322	2009
1947	1	1	7	307	2009
1948	1	1	34	325	2007
1949	1	1	11	0	2006
1950	1	2	62	296	2009
1951	1	0	59	0	0
1952	1	1	53	292	2007
1953	1	1	51	294	2005
1954	1	2	9	322	2009
1955	1	1	7	305	2009
1956	1	2	76	290	2008
1957	1	2	60	296	2008
1958	1	1	0	325	2008
1959	1	1	7	310	2008
1960	1	1	24	314	2006
1961	1	2	76	293	2008
1962	1	2	18	0	2006
1963	2	2	18	0	2005
1964	5	1	69	0	2008
1965	1	1	7	307	2009
1966	2	2	51	0	2004
1967	1	1	11	310	2007
1968	5	1	3	0	2005
1969	1	1	7	294	2007
1970	1	2	76	307	2009
1971	1	1	7	305	2009
1972	1	2	7	317	2008
1973	1	1	11	298	2007
1974	1	2	7	305	0
1975	1	2	24	316	2006
1976	1	1	82	0	2006
1977	1	1	76	310	2007
1978	5	1	77	0	2005
1979	1	2	41	0	2006
1980	5	1	0	0	2006
1981	1	2	53	320	2008
1982	2	1	38	0	2005
1983	2	1	39	299	2005
1984	2	2	75	0	2004
1985	4	1	0	305	2009
1986	1	2	12	305	2009
1987	1	1	24	325	2007
1988	1	2	53	322	2009
1989	1	1	6	293	2007
1990	1	1	72	293	2007
1991	1	2	51	0	2008
1992	1	2	18	306	2006
1993	1	1	24	322	2008
1994	1	1	0	296	2009
1995	1	2	7	293	2007
1996	1	2	11	322	2009
1997	1	2	51	310	2008
1998	1	1	1	0	2006
1999	5	2	0	0	0
2000	1	1	4	296	2008
2001	1	1	51	0	0
2002	1	1	76	305	2008
2003	1	2	89	293	2008
2004	1	1	4	296	2006
2005	1	2	76	298	2007
2006	1	2	60	298	2007
2007	1	1	0	305	2008
2008	1	1	76	0	2005
2009	1	2	4	296	2007
2010	1	1	65	322	2009
2011	5	1	53	0	2008
2012	1	1	59	328	2007
2013	1	2	7	310	2008
2014	1	1	0	322	2009
2015	1	1	51	322	2008
2016	1	1	0	0	0
2017	1	0	0	293	0
2018	1	1	62	296	2009
2019	1	2	51	322	2009
2020	1	1	80	319	2006
2021	1	2	72	294	2008
2022	2	1	5	0	2005
2023	2	2	24	306	2005
2024	1	1	65	305	2007
2025	1	1	7	314	2007
2026	1	1	6	322	2009
2027	1	2	0	316	2010
2028	2	1	71	0	2005
2029	1	1	77	0	2006
2030	1	2	58	305	2008
2031	1	1	7	293	2008
2032	1	2	38	298	2006
2033	1	1	48	298	2006
2034	1	1	7	325	2008
2035	1	1	77	305	2009
2036	1	1	53	322	2009
2037	1	1	7	293	2008
2038	1	2	73	322	2009
2039	1	2	24	0	2007
2040	1	1	13	307	2009
2041	1	0	33	298	2006
2042	2	1	76	318	2005
2043	5	1	62	0	2006
2044	2	1	13	0	2005
2045	1	2	7	306	2007
2046	1	1	7	310	2007
2047	1	2	1	294	2007
2048	1	2	7	305	2009
2049	1	2	6	322	2009
2050	1	1	24	299	2007
2051	1	1	7	294	2006
2052	1	1	23	306	2006
2053	1	1	0	305	2008
2054	1	2	60	296	2007
2055	1	2	31	306	2007
2056	1	2	40	306	2006
2057	1	1	9	322	2009
2058	1	1	60	296	2008
2059	1	2	38	303	2007
2060	1	1	11	305	2009
2061	1	1	28	297	2006
2062	5	2	0	0	2006
2063	1	1	77	298	2008
2064	1	2	66	293	2007
2065	2	2	38	0	2005
2066	1	2	24	0	2007
2067	1	2	7	310	2007
2068	1	1	7	0	2009
2069	1	2	14	306	2008
2070	1	2	13	310	2007
2071	1	2	76	322	2009
2072	1	2	18	300	2006
2073	1	1	73	294	2008
2074	1	2	80	294	2007
2075	2	1	24	318	2005
2076	1	2	3	322	2009
2077	1	1	78	292	2007
2078	6	0	60	0	0
2079	1	1	24	306	2005
2080	1	2	0	0	0
2081	2	2	39	0	2002
2082	1	2	39	306	2006
2083	1	1	6	325	2008
2084	1	1	24	0	2007
2085	1	1	0	325	2008
2086	1	0	48	0	2007
2087	1	2	60	0	2005
2088	1	1	0	322	2008
2089	1	1	76	322	2006
2090	1	2	0	293	2006
2091	1	2	4	296	2008
2092	1	2	66	307	2009
2093	1	2	76	323	2006
2094	1	1	77	325	2008
2095	1	0	0	0	0
2096	1	1	66	297	2007
2097	1	2	76	330	2008
2098	1	1	25	298	2006
2099	1	0	0	0	0
2100	1	1	29	307	2008
2101	1	2	13	322	2009
2102	1	1	9	299	2006
2103	1	2	9	325	2005
2104	2	1	7	0	2004
2105	1	0	0	0	2008
2106	1	2	0	0	2008
2107	1	0	0	0	0
2108	1	1	9	325	2008
2109	1	2	76	320	2008
2110	1	1	24	307	2009
2111	1	2	24	294	2008
2112	1	1	60	0	2007
2113	1	1	0	322	2009
2114	3	0	62	296	2007
2115	1	2	13	305	2009
2116	1	1	3	293	2006
2117	1	2	53	322	2009
2118	1	2	7	327	2006
2119	1	1	24	306	2005
2120	1	2	66	325	2007
2121	1	1	23	322	2006
2122	1	1	76	294	2006
2123	1	2	48	294	2006
2124	1	2	24	293	2008
2125	1	1	23	306	2006
2126	2	1	60	0	2004
2127	2	1	23	294	2005
2128	1	1	48	307	2006
2129	1	1	11	310	2008
2130	1	1	4	292	2008
2131	5	2	89	0	0
2132	2	2	39	0	2002
2133	2	1	82	0	2004
2134	1	2	4	296	2007
2135	1	1	65	298	2008
2136	1	2	24	290	2008
2137	1	1	83	0	2007
2138	1	1	24	305	2009
2139	1	1	76	322	2009
2140	1	1	9	310	2008
2141	1	2	0	306	2007
2142	1	2	41	325	2008
2143	1	1	7	0	2009
2144	1	2	28	293	2007
2145	1	2	76	293	2007
2146	1	1	77	0	2007
2147	1	2	0	307	0
2148	1	2	66	0	0
2149	2	1	77	292	2005
2150	1	2	93	322	2009
2151	1	2	76	322	2009
2152	1	0	0	0	0
2153	2	1	77	0	2005
2154	1	2	24	325	2007
2155	2	2	3	0	2003
2156	1	2	24	323	2006
2157	2	2	0	0	2005
2158	2	2	86	0	2004
2159	1	2	23	300	2007
2160	1	2	24	322	2006
2161	2	1	78	0	2005
2162	1	1	7	293	2008
2163	2	1	77	0	2005
2164	1	1	77	318	2007
2165	1	1	53	325	2008
2166	5	1	66	0	2006
2167	5	0	0	0	0
2168	1	2	65	319	2006
2169	1	1	77	310	2007
2170	1	1	77	292	2007
2171	1	0	0	0	0
2172	2	2	76	290	2005
2173	1	2	9	306	2007
2174	1	0	0	0	0
2175	1	2	0	322	0
2176	1	1	59	322	2009
2177	1	2	13	322	2009
2178	1	2	51	291	2008
2179	1	2	24	0	2005
2180	1	2	14	306	2007
2181	1	1	78	318	2007
2182	5	2	9	316	2006
2183	2	2	18	0	2005
2184	1	0	0	0	0
2185	1	2	0	0	2007
2186	1	2	7	322	2009
2187	1	2	53	322	2009
2188	1	1	73	293	2008
2189	2	1	51	0	2005
2190	2	2	39	0	2005
2191	1	1	33	293	2006
2192	1	1	7	322	2009
2193	1	1	11	0	2008
2194	1	2	4	296	2007
2195	1	1	48	325	2008
2196	1	2	51	330	2006
2197	1	1	9	305	2009
2198	1	1	23	294	2008
2199	1	1	7	0	2008
2200	1	1	24	314	2005
2201	1	2	53	293	2008
2202	1	1	77	0	2006
2203	5	2	65	0	2006
2204	1	1	23	0	2007
2205	1	1	76	293	2007
2206	1	2	65	293	2007
2207	1	1	60	296	2008
2208	1	1	38	328	2008
2209	1	2	51	293	2008
2210	1	2	51	306	2007
2211	5	2	25	0	2005
2212	1	1	11	0	2005
2213	1	1	1	306	2007
2214	1	2	48	302	2008
2215	1	1	60	0	2006
2216	1	2	0	305	2009
2217	5	0	0	0	0
2218	2	2	28	324	2005
2219	1	1	0	0	2008
2220	1	2	4	296	2008
2221	1	2	77	328	2007
2222	1	2	24	298	2007
2223	1	1	7	325	2008
2224	4	2	0	0	0
2225	2	2	60	0	2005
2226	1	2	60	0	2005
2227	1	2	39	306	2007
2228	1	0	0	0	0
2229	1	2	9	293	2007
2230	1	1	59	294	2007
2231	1	1	40	325	2007
2232	1	2	0	322	2008
2233	1	2	4	296	2009
2234	1	1	82	325	2008
2235	1	2	0	0	2006
2236	5	1	93	0	2006
2237	1	2	55	306	2007
2238	1	2	13	322	2008
2239	1	2	31	0	2007
2240	1	1	65	299	2008
2241	1	1	0	310	2008
2242	1	1	7	294	2008
2243	2	2	72	298	2005
2244	1	2	9	305	2009
2245	2	1	4	0	2005
2246	1	1	9	305	2009
2247	2	1	83	0	2005
2248	1	2	31	293	2008
2249	1	1	4	296	2007
2250	1	1	53	298	2008
2251	2	2	77	0	2005
2252	5	2	60	0	2007
2253	1	2	28	0	2006
2254	1	2	24	322	2009
2255	1	2	18	298	2008
2256	2	2	86	0	2005
2257	1	2	48	293	2008
2258	1	2	49	310	2007
2259	1	2	72	322	2009
2260	1	2	9	322	2009
2261	2	2	28	0	2004
2262	1	1	0	310	2008
2263	1	2	6	322	2009
2264	1	2	18	298	2007
2265	1	1	9	294	2008
2266	1	2	23	293	2006
2267	1	1	38	0	2006
2268	1	2	80	302	2008
2269	5	2	25	0	2008
2270	2	0	76	0	0
2271	1	1	7	307	2009
2272	1	1	60	296	2007
2273	1	2	51	293	2008
2274	1	1	28	294	2007
2275	1	2	65	298	2007
2276	1	2	4	296	2007
2277	1	2	65	322	2007
2278	5	2	53	0	0
2279	2	1	78	0	2005
2280	1	1	59	293	2008
2281	1	1	77	297	2008
2282	1	1	76	322	2009
2283	1	1	65	306	2006
2284	1	2	76	325	2008
2285	1	1	28	314	2005
2286	2	2	60	0	2005
2287	2	1	24	306	2005
2288	1	0	77	0	2006
2289	1	1	12	322	2009
2290	1	1	48	322	2009
2291	1	1	43	294	2008
2292	1	2	23	0	2008
2293	1	1	11	294	2008
2294	1	1	0	322	2009
2295	1	1	24	310	2007
2296	1	2	76	0	2006
2297	1	1	46	293	2007
2298	2	1	9	308	2005
2299	1	2	39	295	2007
2300	1	2	0	322	2004
2301	1	2	7	305	2009
2302	1	2	76	293	2007
2303	1	2	28	306	2006
2304	1	2	54	0	0
2305	1	2	39	305	2008
2306	1	2	0	0	0
2307	1	1	0	0	0
2308	1	1	5	293	2008
2309	1	1	0	297	2008
2310	1	1	0	0	0
2311	2	2	18	322	2005
2312	2	2	18	302	2005
2313	1	2	77	291	2007
2314	1	1	48	322	2009
2315	1	2	6	293	2007
2316	1	1	82	305	2009
2317	1	1	0	322	2009
2318	1	0	48	0	2008
2319	5	2	62	0	0
2320	2	2	25	320	2005
2321	1	1	1	0	2005
2322	1	1	7	293	2008
2323	1	1	3	322	2009
2324	1	1	89	294	2007
2325	1	1	6	322	2009
2326	1	1	43	325	2007
2327	1	1	4	0	2006
2328	1	2	39	325	2008
2329	1	1	77	293	2008
2330	1	2	4	296	2007
2331	1	1	0	293	2007
2332	1	2	9	297	2007
2333	1	2	24	0	2006
2334	5	1	0	0	2006
2335	1	2	70	305	2009
2336	1	1	84	293	2008
2337	1	1	77	307	2007
2338	1	2	6	322	2009
2339	2	2	77	0	2005
2340	1	2	7	293	2008
2341	1	1	0	293	2007
2342	2	1	38	0	2005
2343	1	2	45	0	2010
2344	1	1	32	293	2007
2345	1	1	24	325	2006
2346	1	1	28	305	2008
2347	1	2	24	322	2009
2348	1	1	76	0	2007
2349	1	1	3	305	2009
2350	1	2	45	296	2008
2351	1	2	6	322	2009
2352	2	2	76	0	2005
2353	1	0	76	0	2006
2354	1	1	5	0	2007
2355	2	0	0	0	0
2356	1	1	24	322	2009
2357	1	2	62	296	2008
2358	1	1	86	294	2005
2359	1	2	24	0	2008
2360	1	1	7	322	2009
2361	2	2	24	0	2005
2362	5	2	9	0	2006
2363	1	2	53	307	2008
2364	1	2	11	0	2006
2365	1	2	45	307	0
2366	1	1	77	297	2007
2367	1	2	24	322	2009
2368	1	1	38	293	2006
2369	1	2	24	293	2007
2370	1	1	7	298	2007
2371	1	1	28	322	2009
2372	1	2	77	305	0
2373	1	2	14	322	2009
2374	1	2	59	322	2009
2375	1	2	3	0	2006
2376	1	2	9	305	2006
2377	1	2	27	322	2009
2378	1	2	0	307	2009
2379	1	2	60	0	2008
2380	1	0	25	0	2005
2381	1	2	60	296	0
2382	2	1	7	0	2005
2383	1	1	24	0	2006
2384	4	2	0	0	0
2385	1	0	60	296	2006
2386	2	1	7	318	2004
2387	1	2	13	325	2008
2388	1	2	0	325	2008
2389	1	2	24	306	2007
2390	1	1	4	296	2008
2391	1	1	38	0	2006
2392	2	2	78	0	2005
2393	2	0	0	0	2005
2394	2	2	11	0	0
2395	1	2	53	322	2009
2396	2	1	0	0	2005
2397	1	0	61	0	2006
2398	1	2	76	293	2006
2399	1	2	51	305	2009
2400	1	2	4	0	2007
2401	1	2	24	327	2007
2402	2	1	62	0	2005
2403	2	1	78	0	2005
2404	2	2	18	0	2005
2405	1	0	59	0	0
2406	2	1	76	0	2005
2407	1	2	39	293	2008
2408	1	2	76	317	2008
2409	1	2	0	305	0
2410	5	2	65	0	2005
2411	5	0	0	0	0
2412	1	1	7	322	2009
2413	1	1	6	293	2008
2414	1	2	59	298	2007
2415	1	2	24	306	2006
2416	1	2	9	322	2008
2417	2	2	6	0	2005
2418	1	2	51	297	2008
2419	1	0	0	0	0
2420	1	2	24	293	2006
2421	1	1	7	322	2008
2422	1	2	6	322	2008
2423	1	2	44	298	2005
2424	1	2	24	305	2009
2425	2	2	51	0	2005
2426	1	2	53	322	2009
2427	1	2	31	305	2009
2428	1	2	53	322	2009
2429	5	2	93	0	2006
2430	1	1	43	310	2006
2431	1	1	59	294	2007
2432	1	2	77	310	2008
2433	1	1	53	297	2008
2434	1	2	4	296	2007
2435	1	2	65	293	2008
2436	1	1	25	0	2006
2437	1	2	9	305	2009
2438	1	1	77	322	2009
2439	1	1	65	0	2009
2440	1	2	7	0	2006
2441	2	1	82	0	2005
2442	1	1	24	325	2008
2443	1	2	93	302	2006
2444	1	2	51	0	2008
2445	1	1	16	303	2008
2446	1	1	7	322	2009
2447	1	2	38	293	2008
2448	1	1	0	305	2009
2449	1	2	18	295	2006
2450	2	1	0	318	0
2451	1	2	0	293	2007
2452	1	2	60	0	2007
2453	1	2	9	322	2008
2454	1	2	66	308	2006
2455	1	1	77	0	2005
2456	1	1	7	304	2006
2457	2	2	82	0	2005
2458	1	2	0	325	2008
2459	2	0	0	0	0
2460	1	1	7	0	2007
2461	1	2	9	305	2009
2462	2	1	7	294	2005
2463	1	2	66	298	2008
2464	1	1	3	0	2005
2465	1	2	11	303	2006
2466	1	1	9	322	0
2467	2	2	72	0	2004
2468	1	2	76	0	2006
2469	1	1	3	0	2006
2470	1	2	13	0	2007
2471	1	2	6	293	2007
2472	1	1	14	322	2009
2473	1	1	0	305	2009
2474	1	1	78	303	2008
2475	1	1	0	325	2008
2476	1	2	24	322	2009
2477	1	1	77	305	2009
2478	1	1	14	0	2006
2479	1	1	7	329	2007
2480	1	1	60	296	2008
2481	1	0	4	0	2007
2482	2	2	28	306	2005
2483	2	1	38	0	2004
2484	2	2	24	324	2005
2485	1	2	0	0	0
2486	2	2	4	0	2005
2487	1	2	51	300	2006
2488	1	2	39	307	2009
2489	2	2	28	0	2004
2490	1	1	34	0	2006
2491	1	1	53	305	2009
2492	1	1	34	306	2006
2493	1	1	48	322	2009
2494	1	2	59	305	2009
2495	1	2	39	320	2008
2496	1	2	24	306	2007
2497	2	2	24	0	2005
2498	1	2	18	320	2005
2499	1	2	51	306	2007
2500	1	1	11	298	2007
2501	1	1	49	306	2007
2502	1	2	13	305	2009
2503	1	2	0	310	2008
2504	1	2	71	306	2006
2505	1	1	65	307	2009
2506	1	2	24	328	2007
2507	2	2	11	0	2005
2508	2	2	72	320	2005
2509	1	2	53	0	2008
2510	1	2	77	331	2006
2511	1	2	76	298	2007
2512	1	2	49	320	2006
2513	1	1	28	306	2006
2514	2	2	77	0	2005
2515	1	1	7	322	2009
2516	1	2	7	315	2007
2517	1	1	78	322	2008
2518	1	2	39	295	2008
2519	1	2	18	293	2008
2520	1	1	51	325	0
2521	1	2	65	322	2009
2522	2	1	28	0	2005
2523	1	1	6	310	2007
2524	5	0	46	0	2005
2525	2	2	24	0	2005
2526	1	2	0	0	2006
2527	1	1	76	0	2006
2528	1	2	0	0	2005
2529	1	1	0	298	2007
2530	1	1	76	322	2009
2531	1	2	0	296	2009
2532	1	1	82	0	2007
2533	1	2	18	325	2008
2534	2	2	87	0	2005
2535	1	1	86	318	2006
2536	1	1	51	294	2008
2537	1	1	28	0	2006
2538	1	1	24	304	2006
2539	1	1	53	293	2007
2540	1	2	9	305	2009
2541	1	2	31	297	2006
2542	1	2	53	305	2009
2543	2	1	77	0	2005
2544	1	0	76	0	0
2545	1	1	14	293	2008
2546	2	1	11	0	2005
2547	1	1	3	297	2006
2548	1	1	6	298	2007
2549	1	2	0	0	0
2550	1	1	24	310	2008
2551	1	2	13	322	2009
2552	1	2	76	307	2008
2553	1	2	76	291	2005
2554	1	2	11	306	2006
2555	1	0	48	293	2007
2556	1	2	71	325	2008
2557	1	2	39	298	2007
2558	2	2	36	0	2005
2559	1	1	11	310	2006
2560	1	1	1	322	2009
2561	2	1	76	0	2005
2562	1	0	0	0	0
2563	1	2	59	305	2009
2564	1	1	77	307	2009
2565	1	2	60	296	2004
2566	1	1	60	0	0
2567	1	2	6	322	2009
2568	1	2	77	0	2006
2569	1	2	0	0	0
2570	1	0	73	310	0
2571	1	1	66	0	2007
2572	1	1	7	0	2009
2573	1	1	48	305	2008
2574	1	2	0	322	2009
2575	1	2	79	298	2006
2576	1	1	76	293	2007
2577	1	1	24	0	2006
2578	1	1	3	322	2009
2579	1	2	4	0	0
2580	2	1	31	304	2005
2581	1	1	14	307	2009
2582	1	1	0	0	2008
2583	1	1	6	322	2009
2584	5	1	62	0	2005
2585	1	2	26	307	2009
2586	2	1	77	306	2005
2587	1	2	60	293	2008
2588	1	1	28	322	2009
2589	1	2	6	306	2006
2590	1	2	76	291	2006
2591	1	2	9	298	2006
2592	1	2	82	298	2007
2593	2	1	9	305	1975
2594	1	2	76	0	2005
2595	1	2	65	305	2009
2596	1	2	24	293	2006
2597	1	1	59	0	2006
2598	1	1	53	305	2009
2599	2	2	53	306	2005
2600	2	2	76	0	2005
2601	1	1	29	293	2008
2602	1	1	53	322	2009
2603	2	2	87	290	2005
2604	1	2	71	303	2007
2605	2	2	24	0	2005
2606	1	2	76	305	2009
2607	1	1	76	305	2008
2608	1	2	51	293	2008
2609	1	2	60	0	2009
2610	1	1	84	304	2008
2611	1	2	24	306	2007
2612	1	2	76	330	2008
2613	1	1	51	325	2008
2614	1	1	28	0	2007
2615	1	1	76	293	2007
2616	1	0	0	0	0
2617	2	1	65	310	2004
2618	1	2	38	319	2007
2619	1	1	7	0	2007
2620	1	2	24	300	2006
2621	1	2	25	298	2008
2622	1	1	7	293	2008
2623	2	2	82	0	2003
2624	1	1	7	322	2005
2625	1	2	9	302	2006
2626	2	1	0	0	2004
2627	1	1	0	0	2007
2628	1	1	72	0	2007
2629	1	2	25	322	2009
2630	1	2	4	0	2006
2631	1	1	77	299	2008
2632	1	2	11	322	2009
2633	1	2	0	322	2009
2634	1	0	0	0	0
2635	1	2	62	296	2008
2636	1	1	4	296	2009
2637	2	2	6	293	2004
2638	1	2	76	322	2009
2639	1	2	48	325	2008
2640	1	1	76	314	2007
2641	1	2	60	0	2009
2642	2	2	24	300	2005
2643	1	1	48	293	2008
2644	1	1	7	322	2009
2645	1	1	76	303	2008
2646	2	2	60	0	2005
2647	2	2	24	0	2003
2648	1	1	28	293	2006
2649	1	2	0	0	2008
2650	5	2	7	0	2008
2651	1	2	59	302	2007
2652	1	1	89	307	2009
2653	1	1	9	325	2007
2654	1	1	0	294	2007
2655	1	2	0	0	0
2656	2	2	53	0	2005
2657	1	1	82	0	2005
2658	1	1	7	0	2007
2659	2	2	76	0	2005
2660	1	2	51	0	2007
2661	1	2	0	322	2009
2662	2	2	24	0	2005
2663	1	2	0	310	2008
2664	2	1	76	0	2004
2665	1	2	2	313	2005
2666	1	1	77	305	2009
2667	1	2	4	296	2009
2668	1	2	9	298	2008
2669	2	2	0	0	2005
2670	1	2	76	320	2007
2671	1	2	24	293	2008
2672	1	0	0	310	2004
2673	1	2	0	305	2009
2674	1	1	4	296	2009
2675	1	1	77	306	2007
2676	1	2	7	305	2009
2677	1	2	53	310	2008
2678	1	1	53	325	2008
2679	1	1	59	0	2006
2680	5	2	0	0	2004
2681	1	1	54	322	2009
2682	1	1	7	306	2006
2683	2	1	6	0	2005
2684	1	1	0	298	2008
2685	1	0	0	0	0
2686	1	2	25	298	2007
2687	1	1	65	306	2006
2688	2	2	28	0	2005
2689	1	1	15	0	2007
2690	1	1	45	296	2009
2691	2	2	18	0	2005
2692	1	1	0	318	2007
2693	1	0	0	293	2007
2694	1	1	77	307	2006
2695	1	2	0	0	2006
2696	1	2	24	306	2006
2697	1	2	0	316	2007
2698	1	1	7	318	2005
2699	1	2	62	296	2008
2700	2	1	77	0	0
2701	1	1	0	307	0
2702	1	1	76	322	2009
2703	1	2	4	296	2005
2704	2	1	79	322	2001
2705	1	1	77	322	2009
2706	1	2	4	296	2009
2707	1	1	0	0	2010
2708	1	2	38	293	2008
2709	1	2	48	0	2005
2710	1	1	0	322	2008
2711	1	1	53	322	2009
2712	2	2	86	0	2005
2713	1	2	14	323	2006
2714	1	1	0	322	2009
2715	2	1	72	304	2005
2716	1	1	6	0	0
2717	1	1	59	305	2009
2718	1	1	4	296	2009
2719	1	2	0	310	2008
2720	2	2	18	0	2005
2721	1	2	18	305	2008
2722	1	1	7	299	2006
2723	1	1	65	305	2007
2724	1	2	71	297	2006
2725	2	2	28	0	2004
2726	1	1	22	293	2008
2727	1	2	13	327	2006
2728	1	2	51	306	2006
2729	1	1	28	293	2006
2730	2	2	24	319	2005
2731	1	2	0	305	2009
2732	1	0	11	306	2006
2733	1	1	89	328	2007
2734	1	2	73	322	2006
2735	1	2	28	324	2006
2736	2	2	11	0	0
2737	1	2	0	305	2009
2738	2	1	65	0	0
2739	1	2	9	294	0
2740	2	2	18	0	2005
2741	1	1	6	307	2009
2742	1	1	0	322	2009
2743	2	2	39	293	2005
2744	1	1	0	305	2009
2745	1	2	72	0	2008
2746	1	1	60	0	2008
2747	1	1	53	305	2009
2748	1	1	80	0	2007
2749	1	2	25	0	2006
2750	2	2	77	0	2005
2751	1	1	24	322	2009
2752	1	1	82	328	2007
2753	1	1	59	307	2008
2754	5	1	59	0	0
2755	1	1	31	322	2009
2756	1	1	28	294	0
2757	2	0	0	0	0
2758	1	1	76	293	2007
2759	1	1	53	322	2009
2760	2	1	51	0	2005
2761	1	2	66	295	2008
2762	1	2	60	296	2009
2763	1	2	28	0	2007
2764	2	1	0	0	0
2765	1	1	76	306	2007
2766	1	1	31	0	2010
2767	3	0	0	0	0
2768	1	2	7	297	2008
2769	1	2	24	298	2007
2770	1	1	60	0	2005
2771	1	2	65	0	2008
2772	1	2	28	0	0
2773	1	2	25	293	2008
2774	1	2	11	307	2009
2775	1	2	39	293	2007
2776	1	2	71	319	2006
2777	1	2	24	325	2008
2778	2	1	4	0	2005
2779	1	1	53	314	0
2780	1	1	77	293	2007
2781	2	2	71	297	2005
2782	1	1	77	0	0
2783	1	2	51	325	2008
2784	1	2	24	291	2006
2785	2	1	4	0	2005
2786	2	1	11	0	2005
2787	1	1	60	296	2008
2788	1	1	3	310	2008
2789	1	1	11	325	2006
2790	2	1	28	0	2005
2791	1	1	7	322	2009
2792	1	2	24	295	2007
2793	1	1	7	322	2009
2794	1	1	60	292	2007
2795	4	2	11	307	2008
2796	1	2	45	0	2006
2797	1	2	24	298	2007
2798	1	2	77	306	2006
2799	1	2	65	297	2008
2800	1	1	39	0	2006
2801	2	2	24	0	2005
2802	2	2	49	0	2004
2803	1	1	9	298	2005
2804	2	2	24	303	2003
2805	1	2	6	293	2007
2806	1	1	11	306	2007
2807	5	2	48	0	2003
2808	1	2	75	0	2006
2809	1	2	76	305	2009
2810	1	1	11	0	0
2811	2	2	65	0	2005
2812	1	2	14	297	2006
2813	1	2	11	305	2009
2814	1	2	0	322	2008
2815	2	1	77	0	2005
2816	1	2	6	306	2007
2817	1	0	0	0	0
2818	2	1	3	0	2003
2819	5	2	9	0	2004
2820	1	2	76	307	0
2821	1	2	51	322	2009
2822	1	2	3	294	2007
2823	2	2	24	0	2005
2824	5	2	0	0	2006
2825	2	1	73	0	2005
2826	1	2	24	293	2006
2827	1	1	24	322	2009
2828	2	1	3	294	0
2829	1	1	48	325	2008
2830	1	1	38	322	2009
2831	1	2	6	0	2007
2832	1	2	51	325	2008
2833	1	1	76	306	2007
2834	1	2	76	298	2007
2835	1	1	0	310	0
2836	1	2	24	298	2007
2837	1	2	14	298	2008
2838	1	2	24	0	2006
2839	5	2	72	0	0
2840	2	0	0	0	2005
2841	1	1	65	305	2009
2842	1	1	46	307	2009
2843	1	1	76	314	2007
2844	5	1	69	0	0
2845	1	2	25	322	2009
2846	1	2	82	0	0
2847	2	2	28	294	2005
2848	5	2	62	0	2004
2849	1	1	51	0	2008
2850	1	1	14	322	2008
2851	1	2	65	290	2008
2852	1	1	0	293	2008
2853	1	1	77	306	2007
2854	1	1	24	329	2008
2855	2	2	23	0	2005
2856	1	2	28	0	0
2857	1	1	49	0	0
2858	1	0	0	0	0
2859	2	2	60	0	2005
2860	1	1	48	306	2006
2861	1	2	4	0	2005
2862	1	1	11	306	2006
2863	1	0	0	0	0
2864	1	2	0	298	2007
2865	1	2	6	322	2009
2866	1	1	39	297	2007
2867	1	1	60	0	2006
2868	1	2	24	316	2007
2869	1	1	24	0	2005
2870	1	2	7	291	2007
2871	1	2	0	0	2005
2872	1	2	7	327	2008
2873	1	2	39	325	2008
2874	1	2	39	306	2006
2875	1	2	6	322	2009
2876	1	1	12	293	0
2877	1	2	51	305	2009
2878	1	0	7	0	2008
2879	1	1	71	298	2008
2880	1	1	14	310	2008
2881	1	2	25	297	2005
2882	1	1	51	293	2008
2883	1	1	3	293	2007
2884	1	2	9	305	2009
2885	1	2	76	322	2008
2886	1	1	69	0	2007
2887	2	2	76	0	2005
2888	1	2	9	305	2008
2889	1	1	25	322	2009
2890	1	2	3	297	2006
2891	1	1	53	325	2008
2892	1	2	18	293	2006
2893	1	2	7	298	2008
2894	1	1	28	298	2006
2895	1	1	0	314	2007
2896	1	2	46	305	2009
2897	1	0	0	0	0
2898	1	1	11	322	2009
2899	1	2	24	0	0
2900	1	1	13	0	2008
2901	1	2	39	322	2007
2902	1	0	0	0	0
2903	1	2	71	306	2007
2904	4	0	0	0	0
2905	1	1	77	307	2009
2906	1	2	39	0	2007
2907	1	2	72	293	2007
2908	1	2	39	293	2008
2909	1	2	72	306	2006
2910	1	1	77	298	2007
2911	1	2	76	0	2006
2912	1	2	48	322	2009
2913	1	2	53	307	2009
2914	2	2	76	0	2005
2915	2	2	18	0	2004
2916	1	2	24	0	2005
2917	2	2	77	0	2004
2918	1	2	0	0	2009
2919	1	1	18	293	2005
2920	1	2	18	307	0
2921	1	1	7	307	2009
2922	1	1	11	292	2007
2923	1	2	53	310	2006
2924	1	2	77	306	2006
2925	1	2	28	303	2006
2926	1	1	4	0	2007
2927	1	1	9	322	2009
2928	1	2	89	306	2007
2929	1	0	0	0	0
2930	1	2	24	305	2009
2931	2	1	76	0	2005
2932	1	2	14	307	2009
2933	1	1	78	322	2009
2934	1	2	7	330	2008
2935	1	2	23	322	2009
2936	4	1	0	0	0
2937	1	1	77	0	2009
2938	1	1	1	0	2009
2939	2	1	24	0	2005
2940	1	0	53	322	2009
2941	1	2	0	297	2008
2942	1	2	49	323	2007
2943	2	1	28	303	2005
2944	2	2	26	316	2003
2945	1	2	7	322	2006
2946	2	2	18	0	2005
2947	1	2	0	325	2008
2948	1	0	0	0	0
2949	2	2	9	0	2005
2950	1	1	77	322	2007
2951	5	1	24	0	0
2952	2	1	77	0	2004
2953	1	1	9	306	2007
2954	2	2	24	293	0
2955	1	2	51	322	2009
2956	1	2	38	298	2008
2957	1	1	6	322	2008
2958	1	2	24	307	2009
2959	1	1	28	292	2008
2960	2	2	76	0	2005
2961	1	1	48	322	2009
2962	1	2	24	316	2006
2963	1	1	65	322	2009
2964	1	1	7	310	2008
2965	1	1	0	305	2009
2966	1	2	55	305	2009
2967	1	1	71	325	2007
2968	1	1	12	306	2006
2969	1	1	26	305	2008
2970	1	2	9	306	2006
2971	2	2	24	320	2005
2972	1	1	65	310	2008
2973	1	1	4	296	2006
2974	1	1	16	322	2009
2975	1	1	24	0	2009
2976	1	1	78	294	2006
2977	1	2	44	310	2008
2978	1	2	60	296	2009
2979	1	0	0	0	0
2980	1	1	77	306	0
2981	1	2	77	316	2007
2982	1	2	51	322	2009
2983	1	2	39	310	2008
2984	2	2	84	0	2005
2985	1	1	48	293	2006
2986	1	1	31	297	2007
2987	1	2	24	325	2008
2988	1	2	0	322	2009
2989	1	2	7	322	2009
2990	1	1	28	306	2006
2991	1	0	0	0	0
2992	1	2	25	0	2007
2993	1	1	43	328	2007
2994	1	1	7	305	2009
2995	1	2	39	322	2009
2996	1	2	60	0	2006
2997	1	1	24	298	2007
2998	1	2	76	290	2007
2999	1	1	28	293	2008
3000	1	1	86	297	2007
3001	1	2	53	306	2006
3002	5	2	73	0	0
3003	2	1	76	0	0
3004	1	0	77	298	2008
3005	1	2	39	298	2005
3006	1	1	25	322	0
3007	1	1	77	0	0
3008	1	1	6	322	2009
3009	1	1	62	0	2006
3010	2	2	76	306	2005
3011	1	2	0	322	2009
3012	1	1	77	297	2006
3013	1	0	79	325	2008
3014	2	1	24	298	2005
3015	1	1	77	294	2006
3016	1	2	66	293	2007
3017	2	1	8	308	2005
3018	1	2	90	305	2009
3019	1	2	28	293	2006
3020	1	1	7	0	2009
3021	1	2	24	307	2009
3022	2	2	0	319	2004
3023	1	0	0	0	0
3024	1	0	0	0	0
3025	1	1	28	293	2006
3026	1	2	48	310	2008
3027	1	1	4	0	2006
3028	1	2	13	306	2007
3029	1	2	0	305	2009
3030	5	1	0	0	2006
3031	1	2	0	322	2009
3032	1	1	60	296	2009
3033	2	2	0	0	0
3034	2	2	76	0	2005
3035	1	2	73	297	2006
3036	2	1	65	0	2004
3037	1	1	5	297	2006
3038	1	1	24	298	2007
3039	1	2	18	0	2006
3040	1	2	65	298	2006
3041	1	2	7	316	2006
3042	1	2	53	293	2007
3043	1	2	39	0	2005
3044	1	1	24	322	2009
3045	5	0	0	0	0
3046	2	1	38	0	2005
3047	1	1	90	306	2005
3048	1	0	24	0	0
3049	1	1	4	296	2009
3050	5	2	0	0	2006
3051	1	1	31	322	2008
3052	2	1	11	298	2005
3053	1	0	0	0	0
3054	1	2	24	0	2006
3055	1	2	11	300	2007
3056	1	1	60	0	2005
3057	1	1	58	299	2008
3058	5	1	0	0	2006
3059	1	2	7	298	2007
3060	1	2	0	294	2007
3061	1	1	33	322	2009
3062	1	2	53	305	2009
3063	1	2	4	0	2006
3064	1	2	6	298	2007
3065	2	2	24	0	2005
3066	1	2	24	317	2008
3067	1	1	9	306	2007
3068	1	2	34	0	2007
3069	1	1	77	293	2008
3070	1	1	4	296	2007
3071	3	2	72	0	0
3072	1	2	48	0	2006
3073	1	2	24	319	2006
3074	1	2	11	291	0
3075	1	1	4	296	2008
3076	1	1	72	322	2009
3077	1	1	11	298	2006
3078	1	2	13	322	2009
3079	1	1	7	293	2008
3080	1	2	7	298	2007
3081	1	2	9	305	2007
3082	1	1	65	305	2009
3083	1	1	81	0	0
3084	2	1	77	318	2005
3085	1	1	36	322	2009
3086	1	2	53	327	2006
3087	1	2	66	306	2007
3088	1	1	28	0	2007
3089	1	2	50	305	2009
3090	1	2	18	293	2006
3091	1	2	76	0	2005
3092	1	1	9	298	2007
3093	1	1	51	297	2006
3094	1	1	62	0	0
3095	5	2	93	0	2006
3096	1	1	4	0	2005
3097	1	1	59	322	2009
3098	1	1	0	322	2009
3099	1	1	14	322	2009
3100	1	1	11	0	2007
3101	1	2	0	298	2006
3102	1	2	0	293	2008
3103	1	1	60	298	2006
3104	1	1	9	305	2009
3105	1	1	4	0	2007
3106	1	1	77	325	2007
3107	2	2	66	0	2005
3108	1	0	25	0	0
3109	1	1	15	314	2006
3110	2	2	28	0	2005
3111	1	1	76	325	2008
3112	1	2	9	298	2007
3113	1	2	0	322	2009
3114	1	1	28	322	2009
3115	2	1	60	0	2005
3116	2	2	71	0	2005
3117	1	1	34	0	2007
3118	1	1	0	299	2007
3119	1	0	0	0	0
3120	1	1	9	322	2009
3121	1	2	66	0	2009
3122	1	1	82	0	2005
3123	1	1	78	314	2006
3124	2	2	12	0	2005
3125	1	1	0	322	2009
3126	1	1	24	293	2008
3127	1	1	0	293	2008
3128	1	0	23	297	0
3129	1	1	71	325	2008
3130	1	1	65	322	2009
3131	1	2	9	320	2006
3132	1	1	76	306	2007
3133	1	2	69	298	2007
3134	2	2	78	0	2005
3135	1	1	7	318	2006
3136	1	2	4	296	2008
3137	1	2	53	0	0
3138	1	2	39	293	2007
3139	1	1	0	0	2008
3140	1	1	68	310	2007
3141	1	2	76	317	2007
3142	1	2	6	293	2008
3143	1	2	7	293	2008
3144	2	1	28	0	2005
3145	1	2	24	300	2006
3146	1	1	4	0	2005
3147	2	2	24	327	2002
3148	1	1	0	0	2009
3149	2	2	66	327	2004
3150	1	2	31	0	2007
3151	1	1	53	305	2008
3152	1	1	0	322	0
3153	1	2	25	306	2006
3154	4	2	11	0	0
3155	1	1	76	293	2007
3156	1	2	51	305	2009
3157	2	2	39	0	2005
3158	1	1	9	306	2006
3159	1	2	4	296	2009
3160	1	2	13	305	2009
3161	1	2	7	310	2007
3162	1	2	72	293	2007
3163	2	2	24	293	2005
3164	1	1	0	322	2008
3165	1	2	51	319	2008
3166	1	2	13	0	2008
3167	1	2	51	306	2006
3168	1	2	65	0	2006
3169	1	1	51	307	2009
3170	1	2	24	0	2006
3171	1	1	6	294	2006
3172	1	1	53	293	2008
3173	1	2	24	0	2005
3174	1	2	9	0	2008
3175	1	1	76	0	2006
3176	1	1	4	0	2009
3177	1	1	62	296	2009
3178	1	2	7	325	2007
3179	1	2	4	296	2007
3180	1	2	72	0	0
3181	1	1	76	292	2008
3182	1	2	48	298	2005
3183	1	1	4	0	2006
3184	1	2	60	0	2005
3185	1	1	60	0	2005
3186	1	1	38	297	2007
3187	1	1	39	307	2008
3188	2	2	9	0	2004
3189	1	0	0	0	0
3190	2	2	18	0	2005
3191	1	1	4	0	2007
3192	1	0	0	0	0
3193	1	1	5	0	2006
3194	1	1	0	305	2009
3195	1	2	4	0	2007
3196	2	2	48	0	2005
3197	1	1	71	328	2006
3198	1	1	4	0	2006
3199	1	2	0	323	2008
3200	1	2	4	0	2007
3201	2	1	38	0	2005
3202	1	1	48	298	2006
3203	5	2	47	0	0
3204	1	2	18	0	2005
3205	1	2	60	0	2007
3206	1	2	53	306	2007
3207	1	2	24	306	2006
3208	1	2	9	305	2009
3209	1	2	60	296	0
3210	5	2	72	0	0
3211	1	2	24	0	2006
3212	1	2	7	293	2007
3213	1	2	72	320	2007
3214	1	1	7	322	2006
3215	1	1	71	299	2007
3216	1	2	0	0	2009
3217	1	2	76	293	2008
3218	1	2	4	296	2009
3219	1	1	0	307	2009
3220	1	1	24	318	2006
3221	1	1	60	306	2006
3222	2	1	24	0	2005
3223	1	2	93	305	2009
3224	5	1	11	0	0
3225	1	2	23	316	2008
3226	1	2	48	297	2006
3227	1	1	48	0	2007
3228	1	1	12	0	2007
3229	2	1	76	0	2005
3230	1	2	60	296	2009
3231	1	1	0	306	2007
3232	1	1	4	296	2009
3233	1	1	28	0	2006
3234	1	1	4	0	0
3235	2	0	38	329	2003
3236	1	1	38	0	2007
3237	1	1	24	321	2006
3238	1	2	76	306	2006
3239	1	1	77	299	2007
3240	1	2	60	296	2007
3241	2	2	18	306	2005
3242	1	1	28	298	2008
3243	5	1	80	0	2007
3244	1	1	60	0	2006
3245	2	1	77	0	2005
3246	1	1	11	305	2009
3247	1	2	60	296	2009
3248	1	1	7	322	2009
3249	1	2	13	307	2009
3250	2	2	76	0	2005
3251	1	2	60	296	2008
3252	1	1	1	0	2005
3253	1	2	4	296	2008
3254	1	2	25	310	2008
3255	2	2	78	0	2005
3256	1	2	13	293	2008
3257	1	2	24	330	2006
3258	1	1	76	322	2009
3259	4	2	0	0	0
3260	1	1	77	322	2009
3261	2	2	18	320	2005
3262	1	1	53	318	2008
3263	1	2	73	294	2007
3264	1	2	31	307	2009
3265	4	1	0	0	0
3266	1	2	76	307	2009
3267	1	2	72	294	2007
3268	1	2	0	310	2008
3269	2	1	76	0	2005
3270	1	2	7	293	2008
3271	1	1	7	298	2007
3272	1	2	76	0	2006
3273	1	2	28	0	0
3274	2	2	24	0	2005
3275	1	1	7	293	2007
3276	5	2	28	0	2004
3277	1	1	65	322	2008
3278	2	2	38	0	2005
3279	1	1	28	310	2008
3280	1	2	76	305	2009
3281	1	2	76	293	2007
3282	1	1	3	322	2009
3283	1	0	0	0	0
3284	2	0	0	0	0
3285	1	2	18	293	2007
3286	1	2	66	293	2008
3287	2	1	39	0	2005
3288	1	1	60	0	2008
3289	1	1	5	308	2007
3290	1	2	60	0	2008
3291	1	2	18	0	2005
3292	1	0	0	0	0
3293	2	1	7	306	2005
3294	3	1	28	0	2006
3295	2	1	28	329	2004
3296	1	1	9	293	2008
3297	1	1	28	328	2007
3298	1	2	60	0	2005
3299	1	1	77	0	2005
3300	1	2	39	305	2009
3301	2	2	28	294	2005
3302	1	1	7	307	2009
3303	1	2	51	322	2009
3304	1	1	11	322	2009
3305	1	2	24	306	2006
3306	1	2	32	0	2006
3307	1	1	11	0	2006
3308	1	2	72	0	2006
3309	2	1	11	0	2004
3310	1	1	78	325	2007
3311	1	1	6	306	2006
3312	1	0	63	0	2006
3313	1	1	9	307	2009
3314	1	1	38	310	2007
3315	2	1	60	0	2005
3316	2	1	77	0	2005
3317	2	1	76	0	2005
3318	1	0	0	0	0
3319	1	1	39	293	2006
3320	1	2	5	310	2007
3321	1	1	0	293	2008
3322	1	2	71	306	2005
3323	1	2	6	310	2008
3324	2	0	0	0	0
3325	1	1	0	322	2009
3326	2	1	11	314	2005
3327	1	2	0	322	2009
3328	2	2	18	319	2005
3329	1	2	77	298	2007
3330	1	0	0	0	0
3331	1	1	24	307	2009
3332	1	2	24	0	2005
3333	1	1	6	310	2008
3334	1	2	51	322	2009
3335	1	1	0	322	2008
3336	1	1	60	296	2007
3337	1	1	65	293	2008
3338	1	1	0	292	2008
3339	5	1	53	0	2008
3340	1	2	77	298	2008
3341	2	2	24	0	2004
3342	1	2	77	297	2008
3343	1	2	73	322	2008
3344	2	1	82	0	2004
3345	1	0	0	0	0
3346	1	2	45	296	2009
3347	2	1	6	0	2005
3348	2	0	0	0	0
3349	1	1	4	0	2007
3350	1	1	38	322	2009
3351	1	1	7	297	2008
3352	1	0	0	0	0
3353	1	1	4	296	2007
3354	2	1	28	0	2005
3355	1	2	60	296	2009
3356	2	1	24	0	2005
3357	1	2	4	0	2006
3358	1	1	76	322	2009
3359	1	0	23	0	2006
3360	1	2	86	0	2005
3361	1	0	48	306	2005
3362	1	1	4	296	2008
3363	1	1	7	306	2006
3364	1	1	65	299	2008
3365	1	2	6	322	2008
3366	1	1	43	292	2008
3367	1	2	76	305	2009
3368	1	2	60	310	2008
3369	2	1	24	0	2005
3370	1	1	13	0	2009
3371	1	2	48	322	2009
3372	1	2	0	307	2009
3373	1	2	48	325	2007
3374	2	0	0	0	0
3375	1	1	9	0	2006
3376	1	1	78	0	2006
3377	1	1	80	307	2009
3378	1	2	9	322	2009
3379	1	2	65	325	2008
3380	1	2	82	0	2007
3381	1	2	38	0	2006
3382	1	1	7	305	2009
3383	1	1	38	292	2006
3384	1	1	77	325	2006
3385	2	0	0	0	0
3386	1	1	4	296	2009
3387	2	2	38	0	2003
3388	1	2	51	327	2007
3389	1	1	0	0	2006
3390	1	1	53	294	2008
3391	1	2	11	300	2007
3392	2	1	65	0	2005
3393	1	2	76	327	2005
3394	1	2	7	293	2008
3395	1	1	4	0	2009
3396	1	1	48	294	2007
3397	1	1	24	0	2005
3398	1	2	76	0	2007
3399	2	2	18	0	2005
3400	1	0	0	0	0
3401	1	1	53	318	2007
3402	1	2	45	0	2008
3403	2	2	24	0	2004
3404	1	2	24	306	2006
3405	1	2	7	322	2009
3406	1	2	91	325	2008
3407	1	2	0	293	2008
3408	1	2	24	322	2009
3409	1	2	13	322	2008
3410	2	1	84	0	2005
3411	1	2	78	293	2006
3412	1	1	1	0	2007
3413	1	1	65	307	2009
3414	1	1	62	0	2006
3415	2	1	38	0	2005
3416	1	1	28	305	2009
3417	1	1	53	306	2007
3418	1	1	5	0	2006
3419	1	1	0	0	2007
3420	1	2	39	320	2006
3421	2	1	28	0	2005
3422	2	2	39	0	2005
3423	1	2	51	0	2006
3424	2	1	9	299	0
3425	1	1	0	325	2008
3426	1	1	24	293	2008
3427	1	2	78	322	2004
3428	1	2	25	0	2006
3429	1	2	25	306	2006
3430	1	1	76	293	2008
3431	4	0	0	0	0
3432	1	2	7	325	2008
3433	1	1	12	328	2006
3434	1	2	7	306	2008
3435	2	2	0	0	0
3436	5	2	51	0	2007
3437	1	2	48	293	2007
3438	1	0	0	0	0
3439	1	1	76	304	2007
3440	2	0	77	0	2004
3441	1	1	77	306	2008
3442	1	1	4	0	2006
3443	5	2	73	0	0
3444	1	1	46	293	2006
3445	1	2	76	305	2009
3446	1	2	7	0	0
3447	2	2	50	330	2005
3448	1	2	72	305	2009
3449	1	2	7	306	2006
3450	1	2	62	296	2007
3451	1	2	9	298	2006
3452	1	0	76	310	2008
3453	1	2	18	305	2009
3454	1	1	1	296	2007
3455	1	1	0	322	2009
3456	1	2	63	296	2008
3457	1	2	66	307	2008
3458	1	2	24	322	2009
3459	1	1	77	314	2006
3460	1	2	77	325	2006
3461	1	1	14	307	2009
3462	1	1	76	0	2007
3463	1	1	77	305	2009
3464	1	2	0	0	2008
3465	1	1	24	0	2007
3466	2	0	0	0	0
3467	2	0	83	0	2005
3468	1	2	76	310	2007
3469	2	2	0	0	2005
3470	1	2	39	325	2008
3471	1	1	28	318	2007
3472	1	2	0	0	2008
3473	1	2	72	306	2007
3474	1	2	51	293	2007
3475	1	2	24	293	2007
3476	1	1	77	314	2006
3477	1	1	60	296	2008
3478	1	1	7	322	2009
3479	1	0	0	0	0
3480	1	2	60	298	2007
3481	2	2	25	0	2005
3482	1	2	53	307	2009
3483	1	0	28	0	0
3484	5	0	0	0	0
3485	1	1	7	307	2009
3486	1	2	4	296	2008
3487	5	2	25	0	2007
3488	1	1	26	0	0
3489	1	1	66	322	2008
3490	1	1	84	298	2008
3491	1	2	77	319	2007
3492	1	0	0	0	0
3493	1	2	0	0	2007
3494	1	1	53	306	2007
3495	2	1	55	0	2005
3496	1	2	77	0	2006
3497	2	2	25	0	2005
3498	2	2	0	0	1982
3499	2	0	38	0	2005
3500	1	2	0	322	2009
3501	1	1	0	0	0
3502	1	2	0	325	2008
3503	1	1	77	293	2008
3504	1	0	62	296	2007
3505	1	1	0	0	2007
3506	1	2	4	296	2007
3507	2	2	25	303	2004
3508	1	2	72	296	2009
3509	1	2	11	293	2006
3510	2	1	78	0	2005
3511	1	2	0	322	2009
3512	5	0	0	0	0
3513	2	0	4	0	0
3514	1	2	53	305	2009
3515	1	2	0	322	2009
3516	1	1	0	305	2009
3517	1	2	24	293	2007
3518	5	2	53	0	2006
3519	1	1	7	0	2006
3520	1	2	9	305	2009
3521	1	1	38	305	2008
3522	1	1	7	322	2009
3523	2	1	78	304	2005
3524	1	2	0	305	2009
3525	2	1	3	0	2005
3526	1	2	45	0	2008
3527	1	1	4	0	2008
3528	1	1	9	293	2007
3529	1	1	28	322	2009
3530	1	2	0	322	2009
3531	1	2	60	0	2007
3532	1	2	76	328	2006
3533	1	2	26	322	2009
3534	1	2	39	293	2008
3535	2	2	76	0	2004
3536	2	2	39	0	2004
3537	1	2	73	310	2008
3538	1	1	77	0	2007
3539	1	1	81	0	2006
3540	1	2	4	0	2009
3541	1	1	14	322	2004
3542	1	1	84	293	2008
3543	1	1	60	0	2007
3544	1	1	0	0	2007
3545	1	2	39	302	2008
3546	1	1	0	322	2009
3547	1	2	14	307	2009
3548	1	2	48	298	0
3549	1	2	60	0	2007
3550	2	2	76	319	2004
3551	1	1	7	322	2009
3552	1	2	0	322	2009
3553	1	1	65	322	2008
3554	1	2	7	290	2005
3555	2	2	84	0	2004
3556	5	2	14	0	0
3557	1	2	76	306	2007
3558	1	2	11	293	2007
3559	1	1	65	306	2006
3560	1	1	77	307	2009
3561	2	2	25	0	2005
3562	2	1	11	0	2004
3563	1	1	7	322	2007
3564	1	2	25	307	2008
3565	1	2	13	0	2007
3566	1	2	7	322	2008
3567	1	1	65	293	2007
3568	1	2	11	0	2007
3569	1	1	28	307	2008
3570	1	2	0	305	2009
3571	1	2	25	322	2009
3572	2	2	76	0	2005
3573	1	1	9	0	2007
3574	1	2	24	296	2006
3575	1	1	38	298	2006
3576	1	2	54	293	2008
3577	1	1	65	298	2007
3578	2	2	77	0	2005
3579	1	2	72	293	2006
3580	1	2	76	0	2007
3581	1	2	72	327	2006
3582	2	0	9	0	2005
3583	1	1	7	322	2009
3584	1	1	65	306	2006
3585	1	2	6	325	2007
3586	5	2	62	0	0
3587	1	1	13	294	2008
3588	1	1	77	310	2008
3589	1	2	65	307	2009
3590	1	1	0	0	2008
3591	1	1	65	304	2006
3592	1	1	13	0	2006
3593	1	2	0	298	2008
3594	1	1	24	305	2009
3595	1	1	59	0	2006
3596	1	2	0	0	0
3597	1	1	7	306	2006
3598	1	2	45	0	2008
3599	1	1	77	325	2008
3600	1	2	39	306	2007
3601	1	1	31	325	2008
3602	1	1	12	299	2006
3603	1	1	0	307	2008
3604	1	2	72	291	2007
3605	1	1	48	298	2007
3606	1	1	61	0	2005
3607	1	1	6	0	2007
3608	1	0	0	0	0
3609	1	2	0	316	2007
3610	1	1	77	0	2007
3611	3	2	75	0	0
3612	1	1	3	0	2006
3613	1	2	24	298	2007
3614	1	1	51	293	2008
3615	1	2	75	305	2008
3616	1	2	24	298	0
3617	1	0	0	0	0
3618	5	2	18	0	2007
3619	1	2	24	305	2009
3620	1	1	0	322	2009
3621	2	2	65	0	2003
3622	5	2	65	0	2004
3623	2	2	90	328	2010
3624	1	2	3	322	2009
3625	1	2	13	307	2009
3626	1	2	7	307	2009
3627	1	1	76	293	2008
3628	4	1	65	0	0
3629	2	2	39	330	2005
3630	1	1	77	0	2007
3631	1	1	5	298	2007
3632	1	1	65	322	2007
3633	2	2	53	327	2004
3634	1	2	18	306	0
3635	1	1	6	0	2007
3636	1	1	28	299	2006
3637	1	2	24	323	2005
3638	1	1	11	305	2008
3639	1	2	65	295	2008
3640	1	2	28	297	2006
3641	1	0	17	306	2006
3642	1	1	53	0	2006
3643	5	2	48	0	0
3644	1	2	7	322	2008
3645	1	0	0	0	0
3646	1	2	65	0	2005
3647	1	2	65	0	2007
3648	2	1	82	293	2004
3649	1	1	84	314	2006
3650	1	1	11	293	2008
3651	5	2	25	0	0
3652	1	1	4	296	2008
3653	1	1	6	322	2009
3654	1	1	71	298	2007
3655	1	2	51	325	2008
3656	1	2	60	296	2008
3657	2	1	48	293	2005
3658	1	2	9	322	2009
3659	1	2	85	0	2007
3660	1	1	19	293	2005
3661	1	2	14	306	2007
3662	1	2	0	293	2007
3663	1	1	7	322	2009
3664	3	1	89	322	1901
3665	1	2	76	327	2007
3666	5	1	60	0	2007
3667	1	2	24	330	2007
3668	1	2	45	0	2008
3669	1	1	7	293	2007
3670	5	2	25	298	2005
3671	1	2	76	298	2007
3672	1	2	48	0	2005
3673	1	2	28	290	2006
3674	5	1	60	0	0
3675	1	2	7	0	2008
3676	1	2	4	296	2006
3677	1	1	9	306	2007
3678	1	1	9	292	2006
3679	1	1	28	0	2008
3680	1	2	51	293	2008
3681	1	2	45	296	2007
3682	2	0	0	0	0
3683	1	1	0	0	2009
3684	1	2	65	325	2007
3685	1	2	76	305	2009
3686	1	2	77	293	2008
3687	5	2	78	0	2005
3688	1	1	80	297	2007
3689	1	1	5	298	2008
3690	1	1	50	322	2009
3691	1	0	0	0	0
3692	1	2	55	310	2007
3693	1	2	9	0	2006
3694	1	1	7	293	2008
3695	1	2	53	322	2009
3696	1	1	60	296	2008
3697	1	2	51	293	2008
3698	1	1	0	322	2009
3699	1	1	77	293	2007
3700	1	1	65	303	2007
3701	1	2	7	0	2007
3702	1	2	0	322	2009
3703	1	1	28	329	2005
3704	2	1	31	0	2005
3705	2	2	83	0	0
3706	1	1	77	322	2007
3707	1	1	9	305	2009
3708	1	2	76	293	2006
3709	1	1	77	297	2008
3710	1	0	0	0	0
3711	1	1	24	322	2009
3712	1	1	7	298	2008
3713	1	2	4	296	2007
3714	1	2	9	306	2006
3715	1	1	60	296	2006
3716	1	0	0	0	0
3717	1	0	0	0	0
3718	2	2	60	0	2003
3719	1	2	51	0	2006
3720	1	1	24	293	2009
3721	1	2	4	0	2006
3722	1	1	0	305	2009
3723	1	1	11	0	2007
3724	1	2	28	305	2007
3725	1	1	60	296	2009
3726	5	1	9	0	2005
3727	2	2	24	0	2003
3728	1	2	25	298	2008
3729	1	2	24	0	2006
3730	2	1	7	294	2005
3731	1	1	60	0	2006
3732	2	2	28	0	0
3733	1	1	11	0	2006
3734	1	2	72	310	2004
3735	1	2	6	294	2007
3736	1	2	7	302	2008
3737	2	1	28	0	2005
3738	1	1	76	0	0
3739	1	2	28	322	2009
3740	2	2	18	0	2005
3741	1	2	76	0	2007
3742	1	1	43	0	2006
3743	1	2	60	296	2006
3744	1	2	31	0	2006
3745	1	2	25	322	2009
3746	1	1	11	306	2008
3747	1	2	65	306	2005
3748	1	2	24	0	2008
3749	1	0	7	294	2007
3750	1	2	0	307	2008
3751	1	2	31	293	2008
3752	1	2	65	0	2006
3753	1	1	39	298	2006
3754	2	2	39	306	2005
3755	2	1	1	298	2004
3756	1	2	0	322	2008
3757	1	2	77	310	2007
3758	1	1	77	310	2008
3759	1	1	77	322	2009
3760	1	2	13	305	2008
3761	1	2	18	322	2009
3762	1	2	39	0	2005
3763	1	2	24	305	2009
3764	2	1	86	0	2005
3765	1	1	65	306	2007
3766	1	1	0	305	2009
3767	1	1	60	0	2007
3768	2	1	7	0	2005
3769	1	2	76	327	2007
3770	1	2	7	327	2007
3771	1	2	66	298	2007
3772	1	1	76	322	2009
3773	1	2	24	322	2009
3774	1	2	24	297	2008
3775	2	1	32	0	2005
3776	1	2	48	293	2008
3777	1	1	0	325	2008
3778	1	1	72	298	2007
3779	1	1	60	296	2008
3780	1	2	0	315	2006
3781	1	2	28	317	2007
3782	1	2	0	305	2009
3783	2	2	82	0	2007
3784	1	1	24	310	2007
3785	1	2	11	322	2009
3786	1	1	85	293	2007
3787	1	2	32	293	2007
3788	1	2	66	307	2009
3789	1	1	7	298	2008
3790	2	1	0	0	0
3791	1	2	66	293	2007
3792	1	1	7	322	2009
3793	4	2	0	0	0
3794	1	2	59	322	2009
3795	1	2	59	322	2009
3796	5	2	24	0	2005
3797	1	1	32	293	2006
3798	2	1	77	0	2004
3799	2	2	77	0	2005
3800	2	1	7	0	2005
3801	2	1	71	0	2003
3802	1	2	4	296	2008
3803	2	2	11	0	2005
3804	1	2	66	325	2007
3805	1	2	7	306	2006
3806	1	1	39	0	2006
3807	5	1	4	296	2006
3808	1	1	6	298	2007
3809	1	2	77	322	2009
3810	1	1	0	0	2008
3811	1	2	76	307	2009
3812	1	1	48	293	2006
3813	1	0	82	0	2006
3814	1	2	39	324	2007
3815	2	1	60	0	2005
3816	5	1	39	0	0
3817	1	2	0	0	2006
3818	1	1	7	307	2009
3819	1	1	80	298	2006
3820	1	1	28	325	2006
3821	1	1	48	304	2008
3822	1	2	45	0	2006
3823	1	2	18	325	2007
3824	2	2	13	0	2005
3825	1	2	24	305	2008
3826	2	0	0	0	2005
3827	1	2	18	0	2006
3828	1	1	74	322	2009
3829	1	2	24	316	2006
3830	3	2	7	298	1927
3831	1	1	82	305	2009
3832	1	2	0	293	2008
3833	1	2	24	307	2009
3834	1	1	36	322	2008
3835	1	2	71	0	2008
3836	1	2	9	307	2009
3837	1	2	14	316	2005
3838	1	0	77	0	0
3839	1	2	76	293	2007
3840	1	2	77	323	2006
3841	1	1	79	0	2006
3842	1	2	9	322	2008
3843	1	2	24	297	2006
3844	1	1	4	296	2009
3845	2	2	24	0	2005
3846	1	1	4	296	2009
3847	2	1	24	0	2005
3848	1	1	60	0	2006
3849	1	2	4	296	2008
3850	1	2	51	322	2009
3851	1	2	45	0	2009
3852	1	2	18	305	0
3853	2	2	28	291	2003
3854	1	2	24	322	2006
3855	1	2	76	300	2006
3856	1	2	4	296	2009
3857	2	2	12	0	2004
3858	1	2	51	305	2006
3859	1	2	51	307	2009
3860	1	1	0	0	2008
3861	1	2	76	325	2008
3862	1	2	66	322	2009
3863	1	1	9	293	2006
3864	1	1	0	322	2009
3865	1	1	11	0	2007
3866	1	1	6	0	2007
3867	1	2	51	0	2006
3868	1	1	71	293	2006
3869	1	2	60	0	2008
3870	1	1	83	293	2004
3871	1	0	0	0	0
3872	1	2	39	0	2006
3873	1	1	0	322	2009
3874	1	1	59	307	2009
3875	2	2	45	296	0
3876	1	1	76	298	2008
3877	1	1	57	322	2008
3878	1	2	24	298	2008
3879	1	1	0	297	2008
3880	1	2	13	322	2008
3881	1	1	39	322	2009
3882	2	2	59	0	2005
3883	2	2	89	0	2005
3884	2	2	18	0	2005
3885	1	2	24	306	2005
3886	2	2	0	0	2006
3887	1	2	18	303	2007
3888	1	1	28	306	2006
3889	1	1	14	298	2006
3890	1	1	53	322	2009
3891	1	1	60	0	2007
3892	1	1	0	322	2009
3893	1	2	25	295	2006
3894	1	1	38	293	2008
3895	1	2	13	317	2007
3896	5	1	60	0	0
3897	1	1	76	325	2007
3898	1	1	7	322	2009
3899	1	2	77	305	2009
3900	1	2	48	297	2008
3901	1	1	78	322	2009
3902	1	2	18	297	2007
3903	1	1	7	322	2009
3904	1	1	60	296	2007
3905	1	2	51	322	2009
3906	2	1	24	0	2004
3907	5	2	53	0	2008
3908	1	2	9	298	2008
3909	1	2	48	293	2008
3910	1	1	28	305	2009
3911	1	2	82	293	2005
3912	1	2	50	317	2008
3913	1	1	31	322	2009
3914	1	2	39	297	2007
3915	1	2	60	0	2006
3916	1	1	77	305	2009
3917	1	2	66	298	2006
3918	2	2	73	0	2005
3919	1	2	72	293	2008
3920	1	1	11	314	2006
3921	1	1	31	297	2006
3922	1	2	6	305	2009
3923	1	1	28	322	2009
3924	1	2	76	293	2008
3925	1	1	0	305	2009
3926	2	1	39	314	2005
3927	1	1	72	322	2009
3928	1	2	9	310	2006
3929	1	1	0	0	2009
3930	1	1	24	298	2007
3931	1	2	45	0	2006
3932	1	1	13	306	2007
3933	1	2	18	310	2008
3934	1	2	0	298	2007
3935	4	2	0	0	0
3936	1	2	77	0	2005
3937	1	1	78	0	2005
3938	1	2	0	322	2009
3939	1	2	18	298	2008
3940	1	0	77	318	2006
3941	2	2	18	0	2004
3942	2	1	43	0	2005
3943	1	1	7	294	2007
3944	1	1	28	322	2009
3945	1	2	77	310	2008
3946	1	1	0	322	2009
3947	1	2	72	306	2006
3948	2	1	28	0	2005
3949	1	1	4	296	2009
3950	1	2	0	322	2008
3951	1	2	13	0	2008
3952	1	2	24	322	2008
3953	2	2	82	0	2005
3954	1	2	71	293	2008
3955	1	1	9	305	2009
3956	1	1	4	0	2009
3957	1	2	82	320	2006
3958	1	1	11	293	2008
3959	1	2	4	296	2009
3960	1	2	31	0	2006
3961	1	1	77	325	2008
3962	1	2	76	293	2008
3963	1	2	9	0	2006
3964	1	1	0	0	2008
3965	5	2	4	0	2007
3966	2	1	82	0	2005
3967	1	1	28	322	2009
3968	1	2	0	305	2009
3969	2	1	77	0	2005
3970	1	2	77	325	2008
3971	1	1	4	296	2008
3972	1	2	24	323	2006
3973	1	2	24	0	2006
3974	1	2	28	0	2006
3975	1	1	11	293	2007
3976	2	2	66	0	2005
3977	1	1	59	298	2008
3978	1	2	28	0	2008
3979	1	1	4	296	2007
3980	1	1	76	0	2007
3981	1	2	60	296	2008
3982	1	1	7	322	2009
3983	1	1	6	306	2006
3984	1	1	76	293	2008
3985	1	1	28	318	2006
3986	5	2	25	0	0
3987	1	0	0	0	0
3988	5	2	80	0	0
3989	1	2	72	322	0
3990	1	2	24	306	2006
3991	1	2	0	322	2009
3992	1	0	0	0	0
3993	2	2	7	306	2005
3994	1	2	62	307	2009
3995	2	1	59	0	2005
3996	1	1	11	310	2007
3997	1	2	24	327	2006
3998	1	2	7	293	2007
3999	1	2	11	0	2008
4000	1	1	11	293	2006
4001	1	2	25	293	2005
4002	1	2	24	305	2009
4003	1	2	80	322	2009
4004	2	2	24	0	2005
4005	2	1	28	0	2005
4006	1	2	0	305	2009
4007	1	1	0	322	2008
4008	1	1	0	322	2008
4009	1	1	15	306	2007
4010	1	2	72	307	2009
4011	1	2	9	306	2008
4012	1	2	50	298	2006
4013	1	2	66	295	2007
4014	1	2	66	298	2008
4015	1	2	7	325	2007
4016	1	1	11	298	2006
4017	1	1	71	294	2006
4018	1	1	5	322	2009
4019	2	1	28	0	2005
4020	1	2	4	0	2006
4021	1	2	48	305	2009
4022	1	2	3	328	2006
4023	1	1	60	0	2007
4024	1	1	39	306	2006
4025	1	1	38	0	2008
4026	4	0	0	0	0
4027	1	2	6	307	2009
4028	1	1	7	293	2006
4029	1	2	48	0	0
4030	1	2	89	310	2007
4031	2	2	24	0	2005
4032	1	1	76	293	2005
4033	1	1	28	293	2008
4034	1	1	73	307	2009
4035	1	2	24	323	2006
4036	1	2	39	293	2008
4037	1	2	66	293	2008
4038	1	1	62	0	2007
4039	1	2	62	296	2008
4040	1	1	24	322	2009
4041	1	0	4	296	2008
4042	1	1	72	0	2005
4043	1	1	11	310	2008
4044	1	2	76	293	2006
4045	1	0	0	0	0
4046	1	2	49	325	2007
4047	2	1	78	322	2005
4048	1	2	18	322	2009
4049	1	2	14	320	2008
4050	5	2	14	0	0
4051	1	1	0	305	2008
4052	1	1	0	322	2009
4053	1	1	7	310	2008
4054	1	2	25	0	2007
4055	4	1	0	0	0
4056	1	1	22	322	2009
4057	2	2	11	0	2004
4058	1	0	0	0	0
4059	1	2	11	293	2008
4060	1	2	60	296	2008
4061	1	2	9	305	2007
4062	2	2	0	327	0
4063	5	1	14	326	2007
4064	1	2	0	325	2008
4065	1	1	51	292	2006
4066	1	1	0	305	2009
4067	1	1	7	297	2008
4068	1	1	77	322	2009
4069	1	2	9	0	0
4070	1	2	77	298	2008
4071	1	2	51	293	2006
4072	2	2	60	305	2003
4073	1	1	3	322	2009
4074	1	2	53	305	2009
4075	2	2	76	0	2005
4076	1	2	34	310	2008
4077	1	0	39	0	2007
4078	1	1	7	306	2006
4079	1	1	53	310	2008
4080	1	2	24	0	2009
4081	1	1	9	322	2009
4082	1	1	38	328	2007
4083	1	2	82	323	0
4084	2	2	24	0	2005
4085	1	1	6	318	0
4086	1	1	6	322	2009
4087	1	1	11	305	2007
4088	2	1	24	318	2005
4089	2	2	24	0	2005
4090	1	2	76	316	2006
4091	1	1	29	307	2008
4092	2	2	76	0	2005
4093	1	2	60	0	2008
4094	1	0	72	306	2006
4095	1	2	24	325	0
4096	2	1	86	293	2005
4097	1	2	7	322	2009
4098	1	2	4	296	2009
4099	1	2	60	293	2007
4100	5	0	25	0	0
4101	1	1	78	298	2008
4102	1	1	13	322	2009
4103	2	2	76	0	2005
4104	1	1	39	0	2008
4105	1	1	0	0	2006
4106	1	2	77	306	2006
4107	2	2	0	0	2004
4108	1	2	51	310	2008
4109	1	2	53	322	2009
4110	1	1	24	294	2008
4111	1	1	0	307	2009
4112	1	1	0	310	2007
4113	1	2	73	307	2009
4114	2	2	82	320	2005
4115	1	1	15	322	2009
4116	1	1	77	305	2008
4117	5	1	0	0	2005
4118	1	1	73	305	2007
4119	1	1	5	0	2005
4120	2	1	24	0	2004
4121	1	2	25	290	2007
4122	2	2	59	298	2005
4123	1	2	60	296	2007
4124	1	2	24	293	2008
4125	5	0	51	0	0
4126	1	2	51	322	2009
4127	1	2	27	322	2009
4128	2	2	51	0	2004
4129	1	2	65	0	2007
4130	2	1	28	0	2005
4131	1	2	62	296	2008
4132	1	1	32	325	2008
4133	1	1	7	293	2008
4134	1	1	53	322	2009
4135	1	1	39	307	2009
4136	1	1	39	294	2006
4137	1	2	51	300	2006
4138	1	1	38	306	0
4139	1	1	7	322	2009
4140	2	1	0	0	0
4141	1	1	77	318	2007
4142	1	1	14	322	2009
4143	1	2	24	297	2006
4144	1	2	0	0	2008
4145	2	1	24	0	0
4146	1	1	65	0	2006
4147	1	2	76	322	2006
4148	5	2	0	0	2007
4149	1	2	25	297	2006
4150	1	1	4	296	2009
4151	1	0	0	0	0
4152	1	1	11	306	2006
4153	1	2	43	310	2006
4154	1	1	7	307	2009
4155	1	2	51	322	2009
4156	1	2	0	305	2009
4157	1	2	45	0	2007
4158	1	1	60	305	2009
4159	1	1	77	307	2008
4160	1	2	0	294	2008
4161	1	1	7	0	2008
4162	1	1	39	298	2008
4163	1	2	60	296	2009
4164	1	1	39	0	2006
4165	1	1	1	306	2006
4166	1	1	53	305	2009
4167	1	1	11	318	2006
4168	1	1	77	298	2007
4169	1	1	7	322	2009
4170	2	1	14	0	2004
4171	1	2	66	307	2009
4172	1	2	61	296	2008
4173	1	2	0	322	2008
4174	2	1	60	0	0
4175	1	1	28	310	2008
4176	1	2	63	296	2006
4177	1	1	77	322	2009
4178	1	1	77	298	2008
4179	1	2	76	291	2008
4180	1	1	53	325	2008
4181	2	1	4	0	2005
4182	1	0	0	0	2006
4183	1	1	0	322	2009
4184	1	1	0	305	2009
4185	1	1	48	297	2006
4186	1	0	11	0	2007
4187	1	1	39	0	2006
4188	1	1	34	294	2007
4189	2	1	28	0	0
4190	2	0	82	0	2005
4191	2	1	76	0	2004
4192	1	2	24	306	2005
4193	1	1	7	306	2005
4194	1	1	77	0	2009
4195	2	1	76	0	2004
4196	1	1	24	322	2009
4197	1	0	0	0	0
4198	1	1	0	325	2008
4199	1	1	65	298	2007
4200	1	1	77	306	2007
4201	2	2	84	0	2005
4202	1	2	53	297	2006
4203	1	2	46	298	2007
4204	1	2	75	306	2008
4205	1	2	76	298	2008
4206	5	1	62	296	2005
4207	1	2	76	293	2008
4208	1	2	18	305	2009
4209	1	2	77	322	2009
4210	1	1	39	322	2009
4211	1	1	80	305	2008
4212	5	2	53	0	2008
4213	1	2	66	293	2008
4214	1	0	9	0	2005
4215	2	1	78	0	2005
4216	1	1	9	293	2008
4217	1	2	28	305	2008
4218	1	1	0	307	2009
4219	1	1	71	0	2009
4220	1	1	28	325	2008
4221	1	1	77	307	2008
4222	1	2	28	298	2007
4223	1	2	51	293	2008
4224	2	1	28	0	2005
4225	1	1	0	322	2009
4226	1	1	0	293	2008
4227	1	1	9	297	2008
4228	2	2	60	0	2003
4229	1	1	77	293	2008
4230	5	0	93	0	2006
4231	1	0	24	298	2005
4232	1	1	28	0	2007
4233	1	1	28	322	2009
4234	1	1	48	306	2006
4235	2	2	25	306	2005
4236	1	2	0	294	2008
4237	1	1	65	306	2007
4238	1	2	24	330	2006
4239	1	1	53	322	2008
4240	1	1	9	305	2009
4241	1	1	53	305	2009
4242	1	2	30	0	2007
4243	2	1	11	0	2005
4244	1	2	66	306	2006
4245	1	1	7	297	2008
4246	2	1	11	0	2004
4247	2	1	79	0	2005
4248	5	2	72	0	0
4249	1	2	24	0	2007
4250	1	0	0	298	2008
4251	2	1	7	303	2004
4252	1	2	60	298	2008
4253	1	2	31	325	2008
4254	1	2	82	0	2006
4255	5	2	66	320	2005
4256	1	2	25	306	2006
4257	1	1	60	310	2008
4258	1	2	28	306	2008
4259	1	1	4	0	0
4260	1	1	82	306	2006
4261	1	1	11	322	2005
4262	1	2	25	0	2006
4263	1	1	7	322	2009
4264	2	1	9	318	2005
4265	2	1	9	0	2005
4266	2	2	39	0	2004
4267	1	2	0	322	2009
4268	2	2	29	0	2005
4269	1	1	4	296	2008
4270	1	2	24	322	2009
4271	1	0	0	0	0
4272	1	1	7	322	2008
4273	1	2	76	306	2006
4274	1	1	77	306	2006
4275	1	1	28	310	2007
4276	1	1	39	0	2007
4277	1	2	24	293	2007
4278	1	2	4	296	2007
4279	1	0	0	0	0
4280	1	1	28	303	2008
4281	1	2	9	298	2008
4282	1	1	82	328	2007
4283	1	1	82	0	2006
4284	1	2	76	293	2008
4285	1	1	11	306	2005
4286	2	2	76	0	2005
4287	1	1	0	0	2004
4288	1	1	53	0	2007
4289	1	2	6	322	2008
4290	1	1	60	0	2008
4291	1	1	28	0	2007
4292	1	2	0	293	2008
4293	1	1	77	0	2009
4294	1	1	7	325	2007
4295	1	1	78	322	2009
4296	1	2	60	0	2008
4297	1	1	7	299	2006
4298	1	2	11	305	2009
4299	2	2	53	0	2005
4300	1	2	18	305	2008
4301	1	2	72	293	2008
4302	1	2	24	319	2006
4303	1	2	4	0	2006
4304	1	1	7	310	2008
4305	5	2	27	326	2004
4306	1	1	11	318	2007
4307	1	2	9	322	2008
4308	1	2	72	306	2006
4309	1	2	18	325	2008
4310	1	2	26	322	2009
4311	2	1	39	0	2005
4312	1	2	24	307	2008
4313	3	2	63	0	0
4314	1	2	18	322	2009
4315	1	2	85	330	2006
4316	1	1	51	0	2008
4317	1	2	6	0	2007
4318	2	1	76	0	2005
4319	1	1	0	322	2009
4320	1	2	53	322	2009
4321	1	2	80	306	2006
4322	1	1	76	305	2009
4323	1	2	7	305	2008
4324	1	1	23	310	2008
4325	1	1	39	306	0
4326	2	2	24	0	2005
4327	1	1	82	0	2006
4328	2	2	0	298	2005
4329	1	1	0	322	2009
4330	1	2	76	325	2008
4331	1	1	28	0	2007
4332	1	2	18	298	2006
4333	5	2	25	0	2005
4334	1	2	25	310	2008
4335	1	1	77	304	2008
4336	1	1	22	0	2009
4337	1	1	60	296	2009
4338	1	1	28	0	2008
4339	1	2	18	307	2009
4340	4	0	0	0	0
4341	1	2	51	0	2009
4342	1	1	65	0	2007
4343	1	2	71	297	2008
4344	1	1	0	322	2009
4345	1	1	13	292	2006
4346	5	1	24	0	0
4347	1	2	76	306	2006
4348	1	1	77	306	2007
4349	1	2	0	293	2008
4350	1	1	28	310	2007
4351	1	2	28	0	2005
4352	1	2	9	0	2006
4353	5	2	9	0	2004
4354	1	1	65	292	2007
4355	1	1	28	308	2007
4356	1	2	7	298	2007
4357	2	1	77	306	2005
4358	1	2	4	0	2008
4359	1	1	59	306	2007
4360	5	2	93	0	2006
4361	1	2	9	0	2008
4362	1	2	49	0	0
4363	1	2	25	297	2008
4364	2	1	80	0	2005
4365	1	2	60	0	2006
4366	1	1	7	298	2007
4367	1	2	76	0	2006
4368	1	2	31	322	2009
4369	1	2	24	0	2006
4370	1	2	65	297	2008
4371	1	2	39	0	2007
4372	1	1	79	310	2008
4373	1	2	9	307	2008
4374	1	1	4	296	2009
4375	1	1	9	0	2007
4376	1	0	0	294	2008
4377	1	1	4	296	2008
4378	2	2	33	0	2005
4379	1	1	11	0	0
4380	2	2	25	0	2005
4381	2	1	29	0	2005
4382	2	1	7	304	2005
4383	1	1	59	308	2006
4384	1	2	24	293	2008
4385	1	1	24	0	2007
4386	1	1	0	306	2008
4387	1	1	60	322	2007
4388	1	0	0	0	0
4389	2	2	24	0	2005
4390	1	1	79	0	2008
4391	1	1	4	296	2009
4392	1	1	28	298	0
4393	1	0	0	0	0
4394	1	2	4	296	2009
4395	1	2	60	296	2008
4396	1	2	77	330	2007
4397	2	2	51	0	2005
4398	1	1	28	322	2009
4399	1	1	17	293	2008
4400	1	1	12	293	2007
4401	1	2	45	0	2007
4402	1	1	78	298	2008
4403	1	1	38	0	2006
4404	1	0	0	0	0
4405	1	1	11	293	2008
4406	2	2	65	0	2005
4407	2	0	0	0	0
4408	1	0	0	0	0
4409	1	2	24	306	2005
4410	1	1	77	298	2007
4411	2	1	28	0	2005
4412	2	2	51	0	2005
4413	1	2	39	298	2005
4414	1	1	0	322	2009
4415	1	1	85	314	0
4416	1	0	0	0	0
4417	1	1	58	297	2007
4418	1	0	32	0	2005
4419	1	1	0	307	2007
4420	1	2	4	296	2008
4421	1	2	39	305	2009
4422	2	2	11	297	2005
4423	1	2	48	0	2006
4424	1	2	89	305	2008
4425	1	1	60	0	2008
4426	1	2	39	310	2006
4427	1	1	76	306	2007
4428	1	2	31	306	2006
4429	1	2	90	0	0
4430	1	2	51	322	2009
4431	1	1	0	307	2009
4432	1	2	0	293	2008
4433	1	2	76	0	2006
4434	2	1	51	320	2005
4435	1	1	0	305	2009
4436	1	1	7	297	2006
4437	1	2	77	0	2007
4438	2	1	14	0	2005
4439	1	2	53	322	2009
4440	1	1	71	307	2009
4441	5	0	0	0	0
4442	1	2	0	322	2009
4443	1	2	9	305	2009
4444	1	1	0	305	2009
4445	1	2	2	322	2009
4446	2	2	18	0	2005
4447	2	2	39	293	2004
4448	1	2	7	322	2009
4449	2	1	28	0	2005
4450	1	1	78	307	2009
4451	3	2	60	0	0
4452	1	2	7	330	2008
4453	1	1	7	322	2009
4454	1	2	4	296	2007
4455	1	2	60	0	2007
4456	1	1	76	306	2006
4457	5	2	53	0	2007
4458	1	1	60	0	2009
4459	1	1	0	321	0
4460	1	2	51	306	2006
4461	1	1	34	307	2008
4462	1	1	1	305	2009
4463	1	2	76	325	2006
4464	1	1	72	305	2009
4465	1	1	24	298	2007
4466	1	2	51	0	2008
4467	1	2	72	306	2007
4468	1	2	48	322	2009
4469	1	2	76	322	2009
4470	1	1	14	305	2009
4471	1	0	0	300	0
4472	1	2	0	327	2008
4473	1	1	77	325	2008
4474	1	2	24	293	2006
4475	1	1	0	305	2008
4476	1	2	48	0	2008
4477	5	2	25	0	2008
4478	2	1	11	0	2005
4479	1	2	4	296	2008
4480	1	2	76	0	2007
4481	1	2	24	290	2007
4482	1	2	25	325	2008
4483	2	2	7	293	2002
4484	2	2	76	0	2005
4485	1	1	7	307	2006
4486	1	1	66	293	2008
4487	1	2	85	0	0
4488	1	0	0	0	0
4489	2	2	27	298	2005
4490	1	1	46	306	2006
4491	1	1	80	0	2007
4492	1	1	11	0	0
4493	1	2	76	294	2008
4494	1	1	76	305	2009
4495	1	1	77	304	2007
4496	1	2	28	322	2009
4497	1	2	0	305	2009
4498	1	1	0	0	0
4499	1	0	0	0	0
4500	1	1	0	322	2009
4501	1	2	53	305	2009
4502	1	1	24	293	2008
4503	1	2	44	297	2006
4504	5	1	7	298	2005
4505	2	1	65	0	2004
4506	2	1	9	293	2005
4507	1	1	24	307	2009
4508	5	1	53	0	2004
4509	2	1	0	0	2004
4510	1	2	65	0	2006
4511	1	1	44	293	2007
4512	1	2	18	298	2007
4513	2	2	55	0	2003
4514	1	2	24	293	2007
4515	1	2	0	0	2006
4516	1	1	9	322	2006
4517	2	1	24	318	2005
4518	1	1	77	0	2007
4519	1	2	7	305	2009
4520	1	1	9	322	2009
4521	1	2	0	322	2009
4522	1	1	39	0	2006
4523	1	2	41	325	2007
4524	1	2	46	0	2006
4525	1	2	24	322	2009
4526	1	1	77	322	2009
4527	1	2	76	327	2006
4528	1	2	63	0	2009
4529	2	2	59	0	2005
4530	1	1	82	305	2008
4531	5	2	72	0	2003
4532	2	0	77	0	2005
4533	1	0	0	0	0
4534	1	1	65	304	2007
4535	1	1	0	0	2008
4536	1	1	76	0	2007
4537	1	2	14	306	2006
4538	2	2	0	0	2003
4539	1	2	77	306	2007
4540	1	1	80	314	2006
4541	2	1	9	0	2004
4542	1	2	85	0	2005
4543	1	1	78	294	2006
4544	1	2	0	322	2009
4545	1	1	4	0	2006
4546	5	1	62	294	0
4547	1	2	28	295	2006
4548	1	0	76	290	0
4549	1	2	28	293	2008
4550	1	1	65	294	2007
4551	1	2	72	316	2005
4552	1	2	80	325	2007
4553	3	2	53	310	2008
4554	1	2	6	307	2009
4555	1	2	24	300	2006
4556	1	2	66	0	2005
4557	1	0	0	0	2006
4558	1	1	59	298	2006
4559	1	1	77	322	2008
4560	1	1	23	293	2007
4561	1	2	85	298	2006
4562	1	2	65	320	2006
4563	1	1	0	305	2009
