id	status	gender	major	dorm	year
1	1	2	246	105	2005
2	1	1	235	113	2007
3	1	1	268	94	2006
4	2	1	258	0	2004
5	1	2	278	95	2009
6	1	1	245	0	2007
7	1	1	272	93	2008
8	1	1	268	109	2008
9	1	1	268	0	0
10	1	1	250	0	2006
11	1	1	0	92	2008
12	1	2	0	90	2008
13	1	2	255	103	2006
14	1	1	0	92	2008
15	1	2	262	94	2008
16	1	1	245	0	2009
17	5	0	0	0	0
18	2	1	257	0	2005
19	1	1	275	89	2009
20	1	1	278	90	2009
21	1	1	257	0	2008
22	1	2	257	98	2006
23	2	2	244	0	2002
24	1	1	235	103	2006
25	1	1	249	94	2006
26	1	2	267	94	2008
27	5	0	0	0	2007
28	1	1	260	89	2009
29	1	1	244	115	2007
30	1	1	260	0	0
31	1	1	258	95	2008
32	2	2	235	0	2005
33	1	1	260	102	2007
34	1	2	241	89	2007
35	1	1	261	0	2008
36	2	1	260	89	2005
37	1	1	248	103	2008
38	1	1	267	92	2009
39	1	2	255	118	2006
40	2	1	252	102	2005
41	1	1	238	0	2006
42	5	0	0	0	0
43	1	1	245	0	2006
44	1	1	278	95	2009
45	1	1	257	0	2006
46	1	1	244	0	0
47	1	2	0	90	0
48	1	1	235	0	2006
49	1	2	262	99	2006
50	1	1	239	89	2009
51	1	2	0	90	2008
52	1	1	235	0	2007
53	1	1	238	116	2007
54	1	1	268	0	2007
55	1	1	238	95	2009
56	1	1	239	95	2009
57	1	2	0	125	2008
58	1	1	260	100	2007
59	1	1	245	0	2007
60	1	1	0	88	2008
61	1	1	257	107	2006
62	1	1	239	99	2007
63	1	2	0	91	2009
64	3	2	260	0	0
65	1	1	239	93	2008
66	1	2	266	105	2007
67	1	2	246	89	2008
68	2	1	271	0	2005
69	1	2	255	0	2007
70	1	1	271	94	2007
71	1	2	255	90	2008
72	1	2	266	89	2007
73	2	1	255	89	2005
74	1	1	268	91	2008
75	1	2	244	91	2009
76	1	1	268	129	2005
77	1	2	260	105	2006
78	2	1	245	0	2005
79	1	1	268	90	2008
80	2	2	250	0	2005
81	1	2	0	0	2008
82	1	1	274	0	2006
83	2	1	245	138	2005
84	5	2	246	103	0
85	1	2	241	99	2006
86	1	1	240	109	2006
87	1	1	244	95	2009
88	1	2	255	111	2008
89	1	1	268	0	2008
90	1	1	267	103	2007
91	1	0	235	0	2005
92	1	1	235	92	0
93	1	1	0	90	2009
94	1	1	260	90	2008
95	1	2	260	112	2006
96	1	2	278	88	2008
97	1	1	268	89	2009
98	1	1	252	91	2009
99	1	2	262	89	2006
100	1	1	235	102	2007
101	1	2	260	90	2008
102	1	2	0	91	2009
103	2	2	247	86	2005
104	2	1	260	100	2005
105	2	1	235	94	2005
106	1	1	239	157	2007
107	2	1	255	107	2005
108	1	1	268	93	2008
109	1	1	260	89	2008
110	1	1	245	98	2008
111	2	1	0	0	2005
112	1	1	245	123	2007
113	1	2	262	90	2008
114	1	1	268	91	2009
115	1	1	259	107	2006
116	1	1	268	89	2008
117	1	2	242	91	2008
118	1	2	278	90	2009
119	2	1	252	0	2005
120	1	2	249	0	2006
121	1	2	260	0	2008
122	1	2	255	0	2006
123	1	2	246	92	2009
124	1	1	267	89	2008
125	1	2	235	94	2006
126	1	0	255	90	0
127	1	2	240	90	2009
128	2	1	268	89	2005
129	1	2	262	89	2009
130	1	1	267	103	2006
131	1	1	268	0	2006
132	1	2	235	102	2006
133	1	2	242	89	2008
134	1	1	235	136	2006
135	1	1	239	89	2006
136	1	0	0	107	2006
137	1	2	0	89	2008
138	1	1	278	90	2009
139	1	1	245	0	0
140	1	2	249	91	2008
141	1	1	244	90	2009
142	1	2	245	94	2007
143	1	2	249	104	2006
144	1	2	235	95	2008
145	1	2	240	89	2008
146	2	1	268	107	2005
147	1	0	245	0	2007
148	1	2	266	91	2006
149	1	1	237	0	2007
150	2	1	260	108	2005
151	2	2	257	0	2004
152	1	1	0	89	2009
153	2	2	257	0	2004
154	1	2	262	0	2008
155	1	2	249	0	2007
156	1	1	265	103	2007
157	1	2	262	89	2009
158	1	2	0	95	2008
159	1	1	245	88	2008
160	5	2	279	0	2005
161	1	1	257	0	2007
162	1	2	255	0	2007
163	1	1	245	92	2007
164	1	0	0	0	0
165	2	1	268	0	2005
166	1	2	0	91	2008
167	1	2	255	101	2007
168	1	1	0	88	2009
169	1	0	237	0	2007
170	1	1	252	0	2006
171	1	2	0	88	2009
172	1	1	239	92	2009
173	1	2	239	0	2008
174	1	1	244	93	2008
175	1	2	255	102	0
176	1	1	260	95	2009
177	2	2	235	0	2005
178	1	0	252	0	0
179	1	2	255	0	2007
180	1	2	255	93	2007
181	2	2	255	103	2005
182	1	1	245	0	2008
183	1	1	238	0	2005
184	1	2	0	95	2009
185	1	2	267	90	2009
186	1	0	0	119	0
187	1	1	257	88	2008
188	1	1	244	90	2009
189	2	1	268	89	2005
190	1	1	0	88	2008
191	1	1	260	90	2008
192	1	1	0	0	2008
193	1	2	260	145	2006
194	1	2	247	102	2006
195	1	2	241	0	2004
196	1	2	255	101	2006
197	1	1	239	90	2009
198	1	1	0	91	0
199	1	2	260	0	2007
200	1	1	259	94	2008
201	1	1	257	90	2009
202	1	2	250	99	2007
203	1	1	244	0	2007
204	1	2	267	95	2008
205	1	2	267	140	2007
206	1	1	278	88	2009
207	1	1	239	88	0
208	1	1	244	89	2006
209	1	0	0	0	0
210	1	2	255	101	2006
211	1	2	235	93	2008
212	1	2	268	89	2006
213	1	2	0	93	2008
214	1	1	260	95	2009
215	1	1	260	107	2006
216	1	1	0	0	0
217	1	1	260	91	2008
218	2	2	262	0	2004
219	2	2	255	132	2005
220	1	1	270	90	2008
221	1	2	267	88	2007
222	1	2	255	141	2005
223	1	2	255	129	2006
224	1	1	269	94	2008
225	1	0	0	0	0
226	1	1	238	124	2007
227	1	2	255	94	2006
228	1	1	0	119	2008
229	1	1	268	101	0
230	1	2	255	90	2008
231	1	2	255	125	2007
232	1	2	0	0	0
233	1	2	235	0	0
234	2	2	249	0	2005
235	5	2	250	0	2006
236	1	1	267	88	2007
237	2	2	246	0	0
238	1	1	235	92	2008
239	5	0	0	0	0
240	1	1	260	90	2007
241	1	1	245	126	2006
242	1	2	272	88	2008
243	1	1	244	95	2009
244	1	1	255	0	2008
245	1	1	245	88	2008
246	1	1	0	93	2009
247	1	2	260	0	2007
248	1	2	267	90	2008
249	1	1	255	0	2006
250	1	2	260	0	2006
251	1	1	245	95	2008
252	1	2	250	0	0
253	1	2	0	0	2008
254	1	2	235	89	2007
255	1	1	0	103	2007
256	2	1	235	0	2005
257	1	1	245	95	2008
258	2	1	260	0	2004
259	1	2	244	0	2007
260	1	1	245	0	2006
261	1	2	250	93	2008
262	1	1	258	94	2007
263	1	1	249	112	2008
264	1	2	278	88	2008
265	1	2	262	87	2007
266	1	1	0	90	2008
267	1	0	0	0	0
268	1	2	244	0	2006
269	1	1	245	95	2009
270	1	1	0	88	2008
271	1	1	267	94	2009
272	1	1	0	91	2009
273	1	1	268	94	2007
274	1	1	239	100	0
275	1	2	241	89	2008
276	1	1	0	93	2009
277	2	2	267	99	2005
278	1	2	0	89	2008
279	2	2	264	0	0
280	1	2	0	95	2008
281	1	1	0	91	2008
282	1	1	260	92	2008
283	2	2	264	0	2005
284	1	1	268	95	2009
285	1	2	237	103	2006
286	1	1	239	92	2008
287	1	1	0	95	2009
288	1	1	245	0	2007
289	1	1	268	122	2006
290	1	2	235	0	2006
291	1	1	260	94	2008
292	1	2	259	102	2006
293	1	2	260	90	2009
294	1	1	0	94	2008
295	2	1	248	0	2005
296	1	2	251	93	2007
297	1	1	259	0	0
298	2	2	260	110	2005
299	1	1	0	93	2009
300	1	1	252	94	2008
301	1	2	268	0	2006
302	1	1	257	107	2005
303	1	1	268	0	2007
304	1	2	263	0	2007
305	1	1	235	99	2006
306	1	1	257	94	2006
307	1	2	268	95	0
308	1	1	268	89	2007
309	1	1	237	89	2008
310	1	2	263	90	2008
311	1	1	260	113	2007
312	1	1	267	93	2008
313	1	2	248	95	2008
314	1	2	246	0	2007
315	1	2	235	0	2007
316	1	0	0	0	0
317	1	2	267	89	2008
318	1	1	260	91	2007
319	1	2	0	92	0
320	1	1	252	0	2008
321	1	1	258	94	2008
322	1	2	252	0	2009
323	1	1	245	93	2008
324	2	1	260	0	2004
325	5	1	0	0	0
326	1	2	255	104	2008
327	1	1	0	93	2008
328	1	2	262	95	2009
329	1	2	0	90	2008
330	1	1	249	0	2009
331	1	2	0	0	0
332	1	1	249	90	2008
333	1	2	251	0	2008
334	1	1	267	101	0
335	1	2	267	0	0
336	1	0	0	0	0
337	1	2	0	93	2008
338	1	0	235	136	2006
339	1	2	241	0	2007
340	1	1	255	0	2009
341	1	2	260	0	2007
342	1	2	0	91	2008
343	1	1	268	88	2007
344	1	0	0	0	0
345	1	1	268	95	2009
346	1	1	257	103	2006
347	2	2	255	125	2004
348	1	1	239	126	2006
349	1	2	0	88	2009
350	1	1	245	98	2004
351	1	1	239	130	2007
352	2	2	255	0	2005
353	1	0	272	0	2006
354	4	1	0	0	0
355	1	2	278	88	2008
356	2	1	244	0	2005
357	1	0	0	0	0
358	1	2	269	101	2006
359	1	1	270	92	2008
360	1	2	250	89	2008
361	1	2	278	93	2009
362	1	1	245	122	2006
363	2	1	236	0	2005
364	1	2	247	0	2009
365	2	2	235	114	2005
366	1	1	245	0	2009
367	1	1	258	90	2007
368	1	1	245	89	2007
369	1	2	255	156	0
370	1	1	260	0	2007
371	1	1	239	0	2005
372	1	1	249	0	0
373	1	0	0	0	0
374	1	1	268	95	2008
375	2	2	255	0	2005
376	1	1	269	0	0
377	1	1	259	91	2007
378	1	1	0	0	2007
379	1	2	260	91	2007
380	1	1	260	0	2007
381	2	1	235	0	2005
382	1	2	267	93	2008
383	1	1	267	95	2009
384	1	1	0	95	2009
385	2	1	268	107	2005
386	1	1	268	88	2008
387	1	1	278	88	2008
388	1	2	260	109	2006
389	1	2	245	102	2008
390	1	1	249	93	2005
391	2	2	264	0	1999
392	1	2	255	93	2007
393	1	1	245	126	2006
394	1	1	252	90	2008
395	1	1	267	93	2007
396	1	1	260	0	2007
397	1	2	247	89	2006
398	1	1	268	90	0
399	1	2	255	103	0
400	1	1	260	146	2007
401	1	1	267	94	2006
402	1	1	253	0	2006
403	1	1	278	93	2009
404	1	1	278	88	2009
405	1	1	260	0	2006
406	5	0	0	97	0
407	1	2	246	103	2006
408	1	1	235	90	2006
409	1	1	268	101	2004
410	1	2	277	93	2008
411	1	1	0	90	2008
412	1	1	260	124	2007
413	1	1	245	103	2006
414	1	1	246	103	2007
415	1	1	235	0	2007
416	1	1	268	89	2006
417	1	1	252	102	2007
418	1	1	245	86	2006
419	1	1	0	90	2009
420	1	2	259	99	2007
421	1	2	267	0	2007
422	1	2	0	95	2009
423	1	1	267	103	2006
424	1	1	252	89	2008
425	1	0	269	107	2008
426	1	1	250	0	2007
427	1	1	245	89	2006
428	1	1	272	0	2006
429	1	0	0	0	0
430	1	1	259	0	2007
431	1	2	255	98	2009
432	1	2	235	99	2007
433	2	2	245	0	2004
434	1	1	0	93	2009
435	1	2	0	102	2008
436	2	1	257	99	2005
437	1	2	249	0	2006
438	1	2	239	94	2006
439	1	1	272	0	2006
440	1	2	255	92	2006
441	1	1	0	95	2009
442	2	2	257	90	2005
443	1	1	255	93	2006
444	1	1	0	89	0
445	1	1	268	90	2009
446	1	1	254	95	2009
447	2	2	259	0	2005
448	1	2	255	99	2007
449	1	0	0	0	0
450	1	1	268	89	2008
451	5	1	239	99	2005
452	1	2	244	98	2009
453	1	2	262	154	2007
454	1	2	262	0	2008
455	1	2	262	101	2006
456	1	2	246	89	2007
457	1	2	245	95	2007
458	1	1	259	103	2006
459	1	2	268	95	2008
460	1	2	239	0	2007
461	1	1	260	93	2008
462	2	1	248	0	2005
463	1	1	238	0	2007
464	1	1	0	0	2008
465	2	2	262	89	2005
466	2	2	270	148	2005
467	1	2	0	0	0
468	1	1	245	152	2006
469	1	2	262	91	0
470	1	1	0	92	2009
471	1	2	0	89	2009
472	1	1	255	116	0
473	2	1	245	103	2005
474	1	1	267	0	2008
475	1	2	245	93	2009
476	2	1	257	89	2005
477	1	2	255	144	2006
478	1	1	0	93	2008
479	1	2	262	90	2009
480	1	1	245	0	2006
481	1	1	250	92	2008
482	1	1	259	0	2005
483	1	2	263	95	2009
484	1	1	255	89	2008
485	1	1	245	91	2009
486	1	2	247	89	2006
487	1	2	278	98	2008
488	1	1	265	91	2007
489	2	2	235	128	2005
490	1	2	262	95	2009
491	1	1	267	103	2006
492	1	1	252	0	2006
493	1	2	250	93	2008
494	1	2	255	99	2006
495	1	2	267	104	2006
496	2	1	244	0	2005
497	1	2	278	90	2005
498	1	1	268	86	2006
499	1	1	235	91	2009
500	1	0	237	93	2007
501	2	1	259	0	2005
502	1	1	245	90	2008
503	1	1	268	91	2007
504	2	1	238	108	2005
505	1	2	239	89	2006
506	1	1	239	0	2007
507	1	1	252	103	2006
508	1	2	235	92	2007
509	1	1	235	103	2006
510	1	2	267	0	2008
511	1	1	0	90	2008
512	2	1	245	0	2005
513	1	1	235	102	2006
514	1	2	255	95	2007
515	1	1	235	99	2006
516	1	0	0	100	0
517	1	2	255	106	2007
518	1	2	0	89	2009
519	1	1	267	90	2009
520	1	1	268	98	2004
521	1	2	260	89	2008
522	1	2	260	91	2008
523	1	2	267	0	2008
524	1	1	237	0	2006
525	1	2	267	89	2005
526	1	2	262	156	2007
527	1	2	262	89	2009
528	1	2	0	95	2008
529	2	1	270	134	2005
530	2	2	235	0	2005
531	1	1	253	89	2006
532	1	1	0	95	2009
533	1	1	245	106	2006
534	1	2	262	88	2008
535	1	1	268	95	2009
536	1	1	252	91	2008
537	2	2	267	0	2005
538	1	2	0	94	0
539	1	2	267	94	2006
540	1	1	268	100	2008
541	1	1	269	0	2006
542	1	1	260	130	2006
543	1	0	259	90	2008
544	1	1	245	0	2006
545	2	2	255	0	2005
546	1	2	245	103	2006
547	1	2	259	0	2007
548	2	1	265	0	2005
549	1	0	269	94	2008
550	1	2	252	0	2006
551	1	1	255	0	2006
552	1	1	255	93	2008
553	1	2	277	0	2007
554	1	1	260	89	2008
555	2	1	252	86	2005
556	1	1	268	92	2007
557	1	2	267	95	2009
558	1	1	269	94	2008
559	2	2	246	0	2005
560	1	1	258	94	2006
561	2	1	276	0	2005
562	2	2	262	0	2003
563	1	1	245	97	2006
564	1	1	258	0	2005
565	1	2	267	91	2009
566	1	2	249	0	0
567	1	1	235	94	2008
568	1	1	249	90	2008
569	2	1	244	0	2005
570	1	2	245	90	2008
571	1	0	0	0	0
572	1	1	267	0	2006
573	1	2	239	89	2007
574	1	0	0	0	0
575	1	1	253	95	2009
576	1	2	249	0	0
577	2	2	240	89	2005
578	1	1	248	95	2008
579	1	2	241	93	2007
580	1	2	255	94	2007
581	1	2	248	0	2006
582	1	1	278	95	2009
583	1	1	0	93	2008
584	2	1	268	0	2005
585	1	2	241	102	2006
586	1	1	260	100	2007
587	1	2	278	93	2009
588	2	1	245	0	2005
589	1	1	235	0	2006
590	1	2	249	88	2009
591	1	1	255	88	2008
592	1	1	245	95	2007
593	5	2	277	96	2006
594	1	1	0	93	2009
595	1	1	0	95	2009
596	2	2	259	0	2004
597	2	2	255	103	2004
598	1	1	260	102	2007
599	1	0	0	0	0
600	1	1	268	103	2006
601	1	2	249	0	2007
602	1	1	258	95	2009
603	1	1	0	91	2009
604	1	1	268	92	2008
605	1	1	260	0	2007
606	1	1	267	86	2007
607	1	1	239	89	2009
608	1	1	266	93	2008
609	2	1	245	0	2005
610	2	0	270	0	2005
611	1	2	278	90	2009
612	1	2	249	89	0
613	1	2	268	99	2006
614	1	1	238	130	2006
615	1	1	250	0	2009
616	1	0	279	0	0
617	1	2	247	101	2008
618	1	2	278	95	2009
619	1	1	278	0	2008
620	1	2	277	0	2007
621	1	1	249	111	2006
622	5	1	279	0	2007
623	1	2	248	133	2007
624	1	1	241	89	2008
625	1	1	268	103	2006
626	1	1	235	108	2007
627	1	1	258	145	2006
628	1	1	0	91	2008
629	1	1	241	89	2008
630	1	1	268	126	2006
631	1	0	0	0	0
632	1	1	260	119	2007
633	1	2	235	90	2008
634	5	2	259	0	2004
635	1	1	0	91	2008
636	1	2	260	102	2006
637	1	1	267	122	2006
638	2	2	260	103	2005
639	1	1	260	89	2008
640	1	2	265	0	2008
641	1	2	262	95	2009
642	1	1	252	91	2009
643	1	2	239	94	2008
644	1	1	260	115	2007
645	3	2	252	105	2006
646	1	2	0	88	2008
647	1	2	249	102	2006
648	1	1	272	91	2008
649	1	2	267	98	2009
650	1	1	272	89	2009
651	1	1	268	86	2008
652	1	1	260	93	2008
653	1	1	0	0	2009
654	1	2	244	98	2008
655	2	0	250	0	2005
656	1	2	255	0	2005
657	1	2	244	88	2009
658	5	2	279	0	2007
659	1	2	0	91	2008
660	1	2	0	91	2009
661	1	2	260	0	2007
662	5	1	267	0	2004
663	1	1	245	0	2006
664	1	0	268	103	2006
665	1	1	0	0	2008
666	1	1	259	89	2009
667	1	2	245	105	2006
668	1	2	267	90	2008
669	1	2	257	94	2008
670	2	1	245	0	2005
671	1	2	249	0	2005
672	1	2	255	89	2004
673	1	2	241	89	2009
674	1	1	261	0	2006
675	1	2	255	0	0
676	2	1	0	0	2005
677	5	0	0	0	0
678	1	1	257	0	2006
679	1	1	267	0	2005
680	1	2	245	128	2006
681	1	2	260	0	2009
682	1	2	265	103	2007
683	1	2	0	95	2009
684	1	1	267	100	2006
685	1	1	252	95	2009
686	1	2	257	93	2008
687	1	1	278	95	2009
688	1	2	240	105	2007
689	1	2	0	95	2009
690	1	2	0	95	2009
691	1	1	245	95	0
692	5	2	250	0	2005
693	1	1	268	88	2009
694	1	2	249	94	2009
695	2	2	255	0	2004
696	1	1	267	91	2009
697	1	1	257	94	2006
698	1	1	268	122	2006
699	2	1	239	0	2005
700	1	1	244	88	2009
701	1	1	239	0	2009
702	1	2	0	91	2009
703	1	2	265	86	2006
704	1	1	0	95	2008
705	1	1	241	99	2006
706	1	1	0	95	2009
707	1	1	259	107	2006
708	1	2	249	103	2007
709	1	0	252	0	0
710	1	2	241	89	2006
711	1	2	246	101	2006
712	1	1	267	0	2006
713	1	2	262	0	2008
714	1	2	249	0	0
715	1	2	274	95	2008
716	1	2	244	95	2009
717	1	1	258	0	2009
718	2	0	235	0	0
719	1	1	259	94	2007
720	1	0	0	0	0
721	1	2	240	99	2007
722	1	2	278	89	2009
723	1	2	262	101	2006
724	1	2	265	94	2008
725	1	2	267	119	2007
726	1	2	262	89	2008
727	1	2	267	103	2006
728	1	1	267	103	2006
729	1	1	249	94	2005
730	1	2	241	104	2008
731	1	2	248	93	2008
732	2	1	245	94	2005
733	1	1	245	103	2006
734	1	1	260	130	2008
735	1	1	260	0	2007
736	1	2	245	89	2006
737	1	1	244	0	2007
738	1	1	255	98	2008
739	1	1	256	88	2009
740	1	1	235	103	2006
741	1	2	259	99	2007
742	1	1	0	0	2009
743	5	2	250	0	2005
744	1	1	268	112	2007
745	1	1	272	91	2007
746	1	1	252	0	2007
747	1	1	257	89	2006
748	1	2	262	89	2006
749	1	1	268	126	2007
750	1	2	278	90	2009
751	1	2	263	95	2008
752	1	1	252	0	2005
753	1	1	268	93	2009
754	1	1	0	103	2008
755	1	2	262	0	2006
756	1	2	0	95	2009
757	1	0	237	103	2007
758	2	2	249	120	2004
759	1	1	268	0	2009
760	1	1	268	138	2008
761	5	2	250	0	2004
762	1	1	245	86	2006
763	1	1	268	93	2009
764	1	2	255	105	2006
765	1	2	246	95	2007
766	1	2	241	0	2006
767	1	1	239	100	2008
768	1	0	0	0	0
769	1	1	0	91	2009
770	1	2	259	0	2006
771	1	2	235	0	0
772	2	1	271	0	2005
773	1	1	0	90	2008
774	1	1	260	90	2009
775	2	1	267	0	2005
776	1	2	0	93	2008
777	1	2	267	99	2005
778	1	2	266	89	2007
779	1	1	258	91	2009
780	1	2	239	89	2006
781	1	1	238	102	2007
782	1	1	245	90	2009
783	1	2	239	91	2009
784	1	0	0	0	0
785	1	1	263	137	2009
786	1	2	255	102	2006
787	1	1	255	88	2007
788	1	1	257	0	2007
789	1	2	244	89	2009
790	1	1	267	122	2006
791	1	2	262	0	2008
792	1	1	255	0	0
793	1	1	260	92	2009
794	1	1	235	88	2008
795	1	2	264	0	2006
796	1	2	252	117	2005
797	2	1	244	0	2005
798	1	2	250	89	2008
799	1	1	235	90	2007
800	1	2	239	95	2009
801	2	2	245	0	2004
802	1	1	271	0	2006
803	1	2	255	89	2007
804	1	1	240	89	2006
805	1	1	239	95	2009
806	1	2	247	91	2008
807	1	2	259	95	2009
808	2	1	253	102	2005
809	1	2	244	92	2008
810	1	2	235	114	2007
811	1	2	246	89	2005
812	1	1	267	0	2006
813	2	1	275	141	2005
814	2	1	260	138	2005
815	1	1	260	0	2007
816	1	1	241	0	2008
817	1	1	248	102	2007
818	1	2	267	90	2008
819	1	1	267	95	2009
820	1	1	267	89	2008
821	1	2	260	94	2009
822	2	2	255	106	2005
823	2	2	264	0	0
824	1	1	0	91	2008
825	1	1	0	93	2008
826	1	2	239	94	2008
827	1	1	249	109	2007
828	1	2	268	0	2007
829	1	2	267	0	2006
830	1	1	258	90	2008
831	1	2	259	95	2009
832	1	2	235	92	2006
833	1	1	259	0	2008
834	1	1	260	157	2007
835	2	2	245	86	2005
836	1	2	267	0	2006
837	1	1	252	138	2007
838	1	1	0	0	2008
839	1	1	252	0	2006
840	1	1	268	0	0
841	1	1	245	99	2007
842	1	1	245	137	2009
843	1	1	268	146	2007
844	1	1	256	88	2009
845	1	2	239	95	2008
846	1	1	245	90	2008
847	1	2	259	0	2007
848	2	1	255	0	2005
849	1	1	267	94	2007
850	1	1	268	90	2009
851	1	2	0	93	2009
852	1	2	0	90	2008
853	1	2	239	0	2009
854	2	1	270	0	2005
855	2	2	252	0	2004
856	1	2	249	0	2006
857	1	1	255	109	2006
858	2	1	252	0	2005
859	1	1	260	0	2007
860	1	2	248	139	2007
861	1	1	263	94	2006
862	2	1	252	140	2005
863	2	2	266	103	2005
864	1	1	0	91	0
865	1	1	239	95	2008
866	1	1	267	0	2007
867	1	1	0	95	0
868	2	2	260	0	2005
869	1	1	278	88	2009
870	1	2	252	0	2006
871	1	2	267	89	2008
872	1	1	258	90	2008
873	1	1	245	95	2008
874	1	1	272	100	2007
875	2	2	267	132	2005
876	1	1	0	92	2008
877	1	1	260	102	2006
878	1	2	238	0	2006
879	1	1	269	94	2007
880	1	1	256	90	2009
881	1	1	267	0	2006
882	1	2	255	90	2005
883	1	1	244	99	0
884	1	2	259	93	2008
885	1	0	0	0	0
886	1	1	257	0	2007
887	2	2	260	0	2005
888	1	1	269	89	2009
889	1	2	255	95	2008
890	1	1	0	95	2008
891	1	1	245	93	2008
892	1	2	235	94	0
893	2	2	260	0	2005
894	1	2	278	90	2009
895	1	2	0	92	2008
896	2	2	241	0	2005
897	1	1	245	112	2007
898	1	1	238	103	2006
899	1	1	0	91	2008
900	1	2	255	0	2006
901	1	1	0	91	2009
902	2	2	262	102	2005
903	4	0	0	0	0
904	1	2	0	0	0
905	1	2	267	0	0
906	1	2	0	147	2007
907	1	0	0	0	0
908	1	2	259	95	2008
909	1	2	235	93	2008
910	1	1	242	91	2009
911	1	2	0	0	2008
912	1	1	250	0	2006
913	1	1	249	0	2007
914	1	2	265	0	0
915	1	1	252	0	2005
916	1	1	270	91	2009
917	1	2	264	91	2008
918	1	1	238	98	2008
919	1	2	263	95	2009
920	1	2	255	0	2007
921	2	2	260	111	2005
922	1	1	263	91	2007
923	1	2	262	91	2008
924	1	2	0	89	2006
925	2	2	267	140	2005
926	1	2	0	90	2007
927	1	1	267	92	2009
928	2	2	261	0	2004
929	1	1	260	102	2008
930	1	2	245	0	2006
931	1	2	271	0	2008
932	1	1	268	90	2009
933	1	2	252	153	2008
934	2	1	260	102	2005
935	1	1	244	103	2006
936	1	2	260	95	2008
937	1	2	245	94	2009
938	1	1	0	89	2008
939	1	2	260	90	2008
940	1	1	0	95	2008
941	1	1	245	91	2008
942	1	1	243	0	2007
943	1	1	0	93	2008
944	1	2	268	121	2007
945	1	2	268	111	2007
946	1	1	0	89	2008
947	1	1	0	95	2008
948	1	1	0	94	2008
949	1	2	244	95	2009
950	1	2	268	93	2009
951	1	1	235	157	2007
952	1	2	235	94	2007
953	1	1	254	95	2009
954	1	0	260	0	2006
955	1	1	268	93	2008
956	1	1	244	93	2007
957	1	1	239	0	2006
958	1	1	245	112	2007
959	1	1	278	95	2009
960	1	2	278	0	2008
961	1	2	267	90	2007
962	1	2	250	103	2007
963	1	1	260	0	2006
964	1	1	244	90	2009
965	1	1	245	95	2007
966	1	2	267	138	2007
967	1	2	278	95	2009
968	1	2	268	92	2007
969	1	1	255	102	2007
970	1	2	247	0	2006
971	1	2	260	144	2005
972	1	2	262	88	2009
973	1	2	267	0	2007
974	2	1	267	0	2005
975	1	1	260	113	2006
976	1	0	0	0	0
977	5	1	279	0	2007
978	1	1	260	0	2006
979	2	2	249	89	2005
980	1	1	255	0	2006
981	2	2	0	0	0
982	1	2	244	105	2006
983	1	2	275	91	2008
984	1	2	241	89	2009
985	1	0	0	0	0
986	1	2	0	105	0
987	1	1	0	99	2007
988	1	1	0	89	2008
989	1	1	244	0	2007
990	1	1	237	0	0
991	2	1	268	0	2005
992	1	1	244	88	2007
993	1	1	270	91	2008
994	1	1	245	88	2008
995	1	1	249	100	2006
996	1	2	260	99	2006
997	1	2	252	0	2005
998	1	1	244	95	2009
999	1	2	255	0	2006
1000	2	2	260	0	2005
1001	1	1	243	0	2006
1002	1	1	0	93	2008
1003	1	2	252	94	2006
1004	1	1	252	95	2008
1005	1	2	250	0	2006
1006	1	2	245	91	2009
1007	1	1	245	95	2007
1008	1	2	0	89	2008
1009	2	2	249	0	2005
1010	1	1	268	90	2009
1011	1	1	235	0	2006
1012	1	2	276	91	2008
1013	1	2	267	0	2006
1014	1	1	268	0	2008
1015	1	1	267	122	2006
1016	1	2	241	0	2007
1017	1	0	0	0	0
1018	1	1	252	89	2008
1019	1	1	260	88	2004
1020	1	1	260	0	2007
1021	1	1	0	90	2008
1022	1	2	235	89	2009
1023	2	1	260	0	2004
1024	1	2	249	94	2006
1025	1	1	238	102	2007
1026	1	1	257	90	2009
1027	1	1	268	92	2008
1028	1	2	250	0	2006
1029	1	2	246	0	2004
1030	1	2	235	111	2008
1031	1	1	239	97	2007
1032	1	1	235	0	2006
1033	1	2	267	89	2009
1034	2	1	265	0	2005
1035	1	2	0	88	2008
1036	1	1	239	95	2009
1037	1	2	270	103	2006
1038	1	1	265	90	2007
1039	2	1	267	0	2005
1040	1	1	235	88	2007
1041	2	2	276	0	2005
1042	1	1	244	0	2006
1043	1	1	260	88	2007
1044	1	1	235	94	2006
1045	1	2	252	89	2007
1046	1	2	278	89	2009
1047	1	2	0	0	2009
1048	1	1	244	90	2008
1049	1	2	245	93	2009
1050	1	2	265	95	2009
1051	2	2	255	101	2005
1052	1	2	262	0	2006
1053	1	1	252	130	2007
1054	1	1	255	0	2008
1055	1	1	268	0	2008
1056	1	1	241	98	2008
1057	1	1	245	0	2006
1058	2	1	245	102	2005
1059	5	2	262	0	2004
1060	1	0	267	103	2007
1061	1	1	239	95	2009
1062	1	1	244	0	2006
1063	1	1	248	94	2009
1064	1	1	0	0	2008
1065	1	1	249	89	2007
1066	2	2	257	0	2005
1067	1	1	0	0	2008
1068	5	2	265	97	2007
1069	2	2	279	0	2005
1070	1	1	276	94	2006
1071	1	1	260	112	2007
1072	1	2	255	129	2006
1073	2	1	260	0	0
1074	2	2	255	0	2005
1075	1	1	260	98	2007
1076	5	2	279	86	0
1077	1	2	245	91	2008
1078	1	1	238	95	2008
1079	1	2	255	93	2008
1080	1	0	0	0	0
1081	2	2	0	0	2005
1082	1	2	0	108	2009
1083	1	2	257	98	2007
1084	1	2	235	90	2009
1085	1	2	249	101	2008
1086	1	2	259	0	2005
1087	1	2	267	99	2006
1088	1	2	255	101	2007
1089	1	1	252	95	2008
1090	2	2	244	0	2004
1091	1	1	272	90	2009
1092	1	2	257	91	2008
1093	1	1	257	103	2006
1094	1	2	255	88	2009
1095	1	2	268	94	2006
1096	1	2	246	0	2008
1097	1	2	267	88	2008
1098	1	1	245	122	2006
1099	2	1	255	0	2004
1100	1	2	278	89	2009
1101	1	0	276	95	2008
1102	1	2	246	94	2005
1103	1	1	0	93	2008
1104	1	1	245	92	2008
1105	1	1	252	0	2006
1106	1	2	267	95	2009
1107	2	2	267	0	2005
1108	1	1	278	95	2009
1109	1	1	241	0	0
1110	1	1	0	90	0
1111	1	2	267	94	2008
1112	1	1	255	89	2009
1113	1	2	259	90	2008
1114	1	1	0	88	2008
1115	1	1	268	115	2007
1116	2	2	255	102	2004
1117	1	1	259	93	2008
1118	1	1	260	0	2007
1119	1	2	268	99	2006
1120	2	1	260	103	2005
1121	1	1	271	100	2008
1122	1	2	0	89	2009
1123	1	1	278	95	2009
1124	1	2	255	114	2005
1125	1	0	0	0	0
1126	2	1	267	99	2004
1127	1	1	260	0	0
1128	1	2	268	90	2008
1129	1	2	278	91	2009
1130	1	2	259	132	2007
1131	1	0	268	91	2007
1132	2	1	255	0	2005
1133	1	2	257	94	2006
1134	2	2	267	111	2005
1135	1	1	258	112	2007
1136	1	1	248	91	2008
1137	2	1	0	0	2004
1138	1	1	235	99	2007
1139	1	2	267	86	2005
1140	1	1	0	90	2008
1141	1	2	260	105	0
1142	1	1	276	98	2006
1143	1	1	268	93	2009
1144	1	2	254	94	2007
1145	1	1	252	95	2009
1146	5	2	0	87	2004
1147	1	2	244	95	2009
1148	1	1	244	91	2008
1149	1	1	0	0	2008
1150	1	1	268	93	2008
1151	1	0	249	0	2007
1152	1	2	240	89	2007
1153	1	2	268	91	2009
1154	2	2	262	111	2005
1155	2	1	245	123	2005
1156	1	1	244	94	2008
1157	1	1	267	91	2007
1158	1	1	267	127	0
1159	3	2	0	0	0
1160	2	2	241	0	2004
1161	2	2	235	106	2005
1162	1	2	246	103	2005
1163	1	2	246	0	2004
1164	1	1	268	94	2006
1165	1	1	260	93	2008
1166	1	2	239	89	2008
1167	1	1	260	0	2006
1168	1	1	252	90	2008
1169	2	1	244	0	2005
1170	1	1	262	89	2007
1171	1	1	252	95	2007
1172	1	1	249	103	2006
1173	1	2	235	92	2009
1174	1	1	255	95	2009
1175	1	1	245	89	2006
1176	1	2	239	88	2008
1177	1	1	0	98	2008
1178	1	1	260	89	2008
1179	1	2	257	0	2006
1180	2	2	267	0	2004
1181	1	2	264	89	2006
1182	1	1	268	122	2006
1183	2	2	249	0	2004
1184	1	2	267	90	2008
1185	1	2	259	0	2006
1186	1	0	260	0	2008
1187	1	1	267	0	2008
1188	1	1	267	0	2006
1189	1	2	241	89	2007
1190	2	2	245	0	2004
1191	1	2	249	99	2006
1192	1	1	245	0	2008
1193	1	1	244	0	2008
1194	1	1	245	90	2009
1195	1	1	245	95	2008
1196	1	2	267	89	2009
1197	1	1	244	95	2008
1198	2	2	241	0	2008
1199	1	2	255	0	2006
1200	1	2	278	88	2009
1201	1	1	270	0	2006
1202	1	1	261	95	2008
1203	1	1	0	0	2008
1204	1	1	0	95	2008
1205	1	2	259	93	2009
1206	1	1	260	130	2008
1207	1	2	241	89	2005
1208	6	2	272	0	2004
1209	1	2	247	0	2007
1210	1	2	249	0	2006
1211	1	2	253	95	2008
1212	2	2	255	0	2004
1213	1	1	0	95	2009
1214	1	1	260	90	2008
1215	1	1	255	0	2009
1216	1	0	0	0	0
1217	2	1	244	138	2005
1218	1	2	241	88	2008
1219	1	2	239	94	2006
1220	1	2	260	89	2006
1221	1	1	268	112	2007
1222	1	1	257	90	2008
1223	1	1	248	95	2008
1224	1	1	268	95	2008
1225	1	1	255	92	0
1226	1	2	267	125	2007
1227	1	2	0	91	2008
1228	1	1	239	92	2009
1229	1	1	245	95	2009
1230	1	1	240	0	2005
1231	1	1	261	94	2009
1232	1	1	272	0	2008
1233	1	1	237	90	2006
1234	2	2	246	0	2004
1235	1	2	262	0	2006
1236	2	2	0	0	2005
1237	1	1	255	95	2008
1238	1	2	260	88	2009
1239	1	2	241	90	2008
1240	1	1	268	0	2006
1241	1	0	0	0	0
1242	1	1	245	0	2006
1243	1	2	0	0	2008
1244	1	1	268	91	2008
1245	1	2	241	0	2006
1246	1	2	241	0	2006
1247	1	1	0	94	2009
1248	1	1	0	88	2009
1249	1	2	255	0	2008
1250	1	2	278	94	2009
1251	1	2	249	101	2007
1252	5	2	240	0	2007
1253	1	2	249	90	2008
1254	1	2	246	103	2005
1255	1	2	255	0	2007
1256	2	1	235	94	2005
1257	4	1	0	0	0
1258	1	1	260	108	2007
1259	1	1	268	100	2006
1260	1	1	244	95	2009
1261	5	2	260	0	2004
1262	1	2	0	100	2006
1263	1	2	268	88	2007
1264	1	2	246	92	2009
1265	1	1	235	94	2006
1266	1	1	0	156	2007
1267	1	0	0	0	0
1268	1	1	255	0	2006
1269	1	1	268	0	2006
1270	1	2	240	0	2005
1271	1	2	260	0	2008
1272	1	2	247	91	2009
1273	1	2	0	90	2009
1274	1	1	244	90	2008
1275	2	1	271	0	2005
1276	1	1	245	88	2009
1277	1	1	268	0	2006
1278	1	2	255	0	2006
1279	1	2	249	86	2007
1280	1	1	0	95	2009
1281	1	1	260	95	2008
1282	1	2	251	91	2009
1283	1	1	260	0	2006
1284	1	1	271	0	2007
1285	1	2	267	93	2008
1286	1	1	268	95	2009
1287	1	2	255	0	0
1288	1	1	245	102	2008
1289	1	1	267	0	2006
1290	2	1	268	0	2005
1291	1	2	272	94	2007
1292	1	2	235	99	2007
1293	1	1	267	99	2006
1294	1	1	260	91	2008
1295	1	2	260	89	2006
1296	1	2	252	103	2006
1297	1	1	267	91	2007
1298	2	1	247	0	2005
1299	1	2	278	89	2009
1300	1	1	239	90	2009
1301	1	2	261	89	2007
1302	2	0	257	0	2005
1303	1	1	267	0	2006
1304	1	2	259	0	2006
1305	1	2	249	95	2008
1306	1	1	245	88	2007
1307	1	1	245	103	0
1308	1	2	245	91	2009
1309	1	1	245	92	2009
1310	1	1	245	0	2007
1311	2	1	257	0	2004
1312	1	0	0	0	0
1313	1	1	250	100	2005
1314	1	1	0	91	2007
1315	1	1	239	98	2009
1316	2	2	235	112	2005
1317	1	2	249	0	2007
1318	1	1	260	0	2006
1319	1	1	276	98	2008
1320	1	2	0	153	2008
1321	1	2	0	91	0
1322	1	0	0	0	0
1323	2	1	239	99	2005
1324	1	2	262	111	2008
1325	1	1	278	98	2009
1326	5	2	279	0	2007
1327	1	2	262	0	2006
1328	1	1	244	0	2006
1329	1	1	267	0	2006
1330	1	0	0	0	0
1331	1	1	278	90	2009
1332	1	1	268	90	2009
1333	1	0	255	94	2008
1334	2	0	0	0	0
1335	1	1	245	95	2008
1336	2	1	235	0	2005
1337	1	1	245	93	2009
1338	1	1	245	95	2009
1339	1	2	0	0	2008
1340	1	2	246	0	2006
1341	2	2	265	103	2005
1342	1	1	238	88	2008
1343	1	1	260	0	2006
1344	1	1	0	92	2009
1345	1	2	246	89	2007
1346	1	2	250	0	2006
1347	1	1	239	92	2009
1348	1	0	276	97	2007
1349	1	2	248	89	2008
1350	1	2	260	93	2009
1351	1	2	249	0	2006
1352	1	0	260	92	2007
1353	2	1	270	0	2005
1354	5	1	258	0	2005
1355	2	1	252	0	2005
1356	1	2	249	0	2006
1357	2	2	248	0	2003
1358	1	1	245	0	2006
1359	1	1	265	0	2006
1360	1	1	245	0	2007
1361	1	2	245	129	2006
1362	1	2	268	0	2006
1363	2	1	255	99	2005
1364	1	1	0	93	2008
1365	1	2	278	93	2009
1366	1	1	255	0	0
1367	1	2	272	86	2006
1368	1	1	260	88	2008
1369	1	1	260	157	2007
1370	1	1	260	91	2008
1371	1	1	257	91	2007
1372	1	1	268	99	2006
1373	1	2	260	88	2009
1374	1	2	0	154	2008
1375	5	1	279	0	2007
1376	1	1	252	0	2006
1377	1	1	262	89	2009
1378	1	1	244	91	2009
1379	2	1	267	0	2005
1380	1	1	255	0	2006
1381	1	1	237	0	2007
1382	2	2	255	106	2005
1383	1	1	245	0	0
1384	2	1	269	94	2005
1385	1	2	235	93	2007
1386	1	2	278	88	2009
1387	1	2	255	106	2007
1388	1	2	250	114	2007
1389	1	1	269	90	2008
1390	1	2	249	0	0
1391	2	1	259	123	2005
1392	1	1	235	0	2008
1393	2	1	268	0	2005
1394	1	1	255	123	2007
1395	1	1	245	94	2008
1396	2	1	260	0	2004
1397	1	2	260	93	2008
1398	1	2	245	94	2006
1399	1	1	239	89	2009
1400	1	1	239	0	0
1401	1	2	0	102	2008
1402	1	0	0	0	0
1403	1	1	272	95	2007
1404	1	2	247	89	2006
1405	1	1	267	0	2006
1406	1	2	279	94	2009
1407	2	2	235	99	2005
1408	1	1	260	90	2008
1409	2	1	260	0	2005
1410	1	2	260	0	2008
1411	1	2	259	0	2009
1412	1	1	260	0	2008
1413	1	1	235	103	2007
1414	2	2	239	102	2005
1415	1	1	260	0	0
1416	1	2	255	88	2008
1417	1	1	0	88	2009
1418	1	1	268	137	2009
1419	1	1	249	89	2007
1420	1	1	268	0	2006
1421	1	1	237	0	2006
1422	1	0	268	0	2006
1423	1	2	260	0	2006
1424	1	1	235	94	2006
1425	1	1	245	98	2009
1426	2	1	252	0	2004
1427	1	1	260	95	2009
1428	1	1	241	90	2009
1429	1	1	0	95	2008
1430	1	2	268	95	2008
1431	1	2	272	94	2006
1432	1	2	251	0	2007
1433	1	1	278	95	2009
1434	1	2	259	121	2006
1435	1	2	245	91	2009
1436	2	2	262	0	0
1437	2	1	268	0	2005
1438	1	2	239	92	2009
1439	1	1	239	89	2008
1440	1	2	245	89	2007
1441	1	1	244	0	2007
1442	1	1	244	95	2009
1443	1	2	253	132	2006
1444	1	0	245	0	2007
1445	1	1	271	103	2006
1446	1	1	0	91	2008
1447	1	1	260	0	2006
1448	1	2	259	103	2007
1449	1	2	245	104	2006
1450	1	1	245	0	2008
1451	1	2	252	0	2006
1452	1	1	270	92	2009
1453	2	1	268	0	2005
1454	1	2	0	0	0
1455	1	2	262	138	2007
1456	1	1	245	91	2008
1457	1	1	250	89	2008
1458	1	2	260	0	2007
1459	2	1	252	0	2005
1460	1	1	268	116	2007
1461	2	2	260	0	2004
1462	1	2	264	0	2006
1463	1	1	245	95	2008
1464	1	2	255	0	2006
1465	1	2	263	89	2008
1466	1	1	270	95	2008
1467	1	1	0	90	2008
1468	1	1	262	89	2008
1469	1	2	235	138	2006
1470	1	1	259	0	2008
1471	5	2	246	0	2005
1472	1	2	245	92	2009
1473	1	1	253	93	2008
1474	1	2	255	106	2007
1475	1	2	241	95	2007
1476	1	2	262	89	2007
1477	1	1	255	0	2005
1478	1	1	267	99	2006
1479	5	2	0	0	0
1480	1	1	0	90	0
1481	2	1	268	0	2004
1482	2	1	267	0	2005
1483	1	1	249	95	2008
1484	1	1	255	92	2008
1485	1	1	245	95	2008
1486	1	2	245	95	2007
1487	1	1	258	93	2009
1488	1	1	260	90	2008
1489	2	1	260	0	2005
1490	1	1	245	90	2008
1491	1	0	0	0	0
1492	1	1	252	102	2007
1493	1	1	260	103	2006
1494	1	1	0	94	2008
1495	1	2	0	90	2008
1496	1	1	235	91	2008
1497	1	2	278	95	2009
1498	1	2	244	147	2007
1499	1	1	239	88	2009
1500	1	2	235	94	2006
1501	1	1	0	0	2008
1502	1	2	246	95	2009
1503	1	1	278	95	2009
1504	1	1	0	95	2008
1505	1	1	271	103	2007
1506	1	2	0	90	2009
1507	5	0	0	0	0
1508	1	2	250	89	2008
1509	1	1	255	0	2006
1510	1	1	235	90	2009
1511	1	1	0	89	2008
1512	1	1	267	93	2008
1513	1	1	260	0	2007
1514	1	2	267	95	2006
1515	1	1	268	0	2006
1516	1	2	0	102	2008
1517	1	1	245	94	2007
1518	1	1	278	91	2009
1519	1	1	267	103	2006
1520	1	1	255	156	2007
1521	1	1	235	131	2007
1522	1	1	0	88	2008
1523	1	1	0	93	2008
1524	1	2	267	0	2007
1525	1	2	244	92	2009
1526	1	2	249	0	2009
1527	1	1	255	0	2006
1528	1	1	268	94	2006
1529	1	1	0	91	2009
1530	1	1	239	89	2008
1531	1	1	268	0	2006
1532	1	1	0	98	2008
1533	1	0	0	0	0
1534	1	2	245	95	2008
1535	1	2	255	95	2008
1536	1	1	275	0	2007
1537	1	2	261	0	2006
1538	1	2	255	101	2006
1539	2	2	246	104	2004
1540	1	1	245	90	2006
1541	1	1	278	0	2009
1542	1	2	267	89	0
1543	1	2	267	104	2006
1544	1	1	256	92	2008
1545	1	2	249	95	2009
1546	1	2	0	88	2008
1547	1	1	265	148	2006
1548	1	2	0	93	2008
1549	2	1	245	89	2005
1550	1	2	252	139	2007
1551	1	2	260	89	2009
1552	1	1	245	95	2009
1553	1	2	0	0	2008
1554	1	1	0	88	2009
1555	1	2	255	102	2007
1556	2	2	235	99	2005
1557	1	2	267	95	2009
1558	1	1	277	97	0
1559	1	1	260	88	2009
1560	1	2	241	0	2007
1561	1	1	239	92	2008
1562	1	1	255	0	2008
1563	2	1	245	0	2005
1564	1	2	255	0	2006
1565	1	1	268	0	2006
1566	1	1	0	98	2009
1567	1	2	244	108	2006
1568	2	2	264	0	2005
1569	1	1	268	91	2008
1570	1	1	268	99	2005
1571	1	2	245	99	2006
1572	1	2	267	0	2006
1573	1	2	267	102	2006
1574	1	1	245	130	2006
1575	1	2	255	0	2008
1576	1	1	278	90	2009
1577	1	1	0	88	2008
1578	5	1	270	0	0
1579	3	0	240	0	0
1580	2	1	249	0	0
1581	1	2	278	93	2008
1582	1	2	235	103	2008
1583	1	2	249	0	2005
1584	1	0	0	103	0
1585	2	1	257	0	2005
1586	2	1	245	0	2005
1587	1	1	248	90	2007
1588	1	1	250	0	2008
1589	1	1	238	88	2009
1590	2	1	268	0	2005
1591	2	1	260	0	2003
1592	5	1	279	96	2005
1593	1	1	259	90	2008
1594	1	1	235	0	2006
1595	1	2	255	89	2008
1596	1	1	265	95	2008
1597	1	2	250	0	2006
1598	1	2	243	90	2007
1599	1	1	267	131	2006
1600	1	2	272	101	0
1601	1	2	262	149	2006
1602	1	1	267	0	2006
1603	1	2	235	95	2008
1604	5	2	279	0	2007
1605	1	2	235	0	2006
1606	1	1	268	100	2006
1607	1	1	245	95	2008
1608	1	1	278	91	2009
1609	1	1	0	95	2009
1610	1	1	255	0	2006
1611	2	0	0	0	0
1612	1	1	278	88	2009
1613	1	2	252	153	2008
1614	1	0	0	0	0
1615	1	2	249	88	2009
1616	1	1	252	93	2007
1617	1	1	245	0	2009
1618	1	2	0	0	2008
1619	1	1	268	0	2006
1620	1	1	235	108	2007
1621	1	2	278	89	2009
1622	1	1	258	95	2006
1623	1	1	258	137	0
1624	1	1	0	0	2008
1625	1	2	235	129	2006
1626	1	1	245	0	2006
1627	1	1	239	0	2008
1628	1	2	246	94	2009
1629	1	0	0	0	0
1630	2	2	267	103	2005
1631	1	2	235	156	2006
1632	1	2	255	91	2008
1633	1	2	267	121	2008
1634	2	0	244	108	0
1635	1	0	239	89	2006
1636	1	1	267	99	0
1637	1	1	270	92	2007
1638	1	0	0	0	0
1639	1	1	252	98	2008
1640	1	1	239	93	2008
1641	2	2	246	99	2005
1642	1	1	271	95	2008
1643	2	2	255	117	2005
1644	1	1	268	95	2009
1645	2	1	245	108	2005
1646	1	2	267	0	2008
1647	1	1	252	88	2008
1648	1	1	272	94	2006
1649	2	1	271	140	2005
1650	1	2	255	103	2006
1651	1	1	245	88	2009
1652	1	2	235	89	2009
1653	1	1	235	0	2008
1654	1	2	249	95	2009
1655	1	1	257	89	2008
1656	1	1	255	90	2008
1657	1	2	278	95	2009
1658	2	1	238	0	2005
1659	1	1	278	94	2009
1660	2	1	245	107	0
1661	1	0	0	93	2008
1662	1	2	268	91	2009
1663	1	2	260	0	2009
1664	1	1	255	0	2006
1665	1	0	0	99	2006
1666	1	2	245	0	2006
1667	1	2	262	103	2006
1668	1	1	268	88	2007
1669	1	1	278	92	2009
1670	1	1	0	90	2008
1671	1	1	0	95	2009
1672	1	2	255	0	2007
1673	1	1	259	137	2009
1674	1	1	260	90	2007
1675	1	2	0	135	2008
1676	2	1	0	0	2005
1677	1	2	247	116	2007
1678	1	1	246	0	2006
1679	1	2	268	91	2009
1680	1	2	255	114	2005
1681	1	2	274	90	2007
1682	1	1	260	138	0
1683	3	2	269	0	0
1684	5	2	0	0	2007
1685	1	1	249	0	2008
1686	1	2	255	108	2006
1687	1	1	268	99	2006
1688	1	0	255	148	2006
1689	1	1	255	90	2008
1690	1	1	260	90	2008
1691	1	1	0	0	2008
1692	1	2	245	95	2009
1693	1	1	260	89	2008
1694	1	1	259	0	2007
1695	1	1	261	90	2008
1696	1	2	247	0	2006
1697	1	2	278	95	2009
1698	1	2	267	89	2009
1699	2	2	247	95	2002
1700	1	2	267	91	2009
1701	1	2	0	0	2006
1702	2	2	252	0	2005
1703	1	0	255	0	0
1704	1	2	267	89	2006
1705	1	1	259	0	2007
1706	1	1	237	0	0
1707	1	1	255	88	2008
1708	1	2	239	93	2009
1709	2	2	0	112	2005
1710	1	1	239	89	2008
1711	1	1	268	90	2008
1712	1	2	267	89	2006
1713	1	1	244	94	2009
1714	1	1	245	90	2009
1715	1	1	239	93	2009
1716	1	1	245	107	2006
1717	1	1	239	91	2009
1718	1	2	259	95	2008
1719	1	1	0	93	2008
1720	1	2	255	0	2010
1721	2	2	255	0	2005
1722	2	1	268	0	2005
1723	1	1	0	0	0
1724	1	1	262	89	2009
1725	1	1	275	93	2008
1726	1	2	264	0	2007
1727	1	2	239	94	2008
1728	2	1	267	94	2005
1729	1	1	245	86	2006
1730	2	2	267	0	2005
1731	1	2	239	93	2009
1732	2	1	235	130	2005
1733	1	2	278	90	2009
1734	2	1	268	0	2004
1735	1	1	278	89	2009
1736	1	1	0	91	2008
1737	5	0	0	0	0
1738	2	2	255	0	2005
1739	1	0	0	102	2007
1740	2	1	0	0	2004
1741	1	1	255	90	2007
1742	1	2	278	93	2009
1743	1	1	256	90	2009
1744	1	2	235	95	2009
1745	2	1	265	0	2005
1746	1	2	268	0	2007
1747	1	1	260	88	2009
1748	1	1	268	95	2008
1749	1	2	259	0	2006
1750	1	1	249	94	2006
1751	1	2	250	89	2008
1752	1	1	260	92	2006
1753	1	1	245	95	2007
1754	1	0	268	94	0
1755	1	1	260	0	2006
1756	1	2	278	95	2009
1757	1	1	255	115	2007
1758	1	2	256	95	2008
1759	2	2	268	0	2005
1760	1	0	0	0	0
1761	1	2	278	94	2009
1762	5	1	0	0	2007
1763	1	1	258	99	2006
1764	1	1	278	95	2009
1765	2	1	244	101	2005
1766	1	2	255	0	2006
1767	1	2	245	106	2007
1768	1	2	271	88	2006
1769	1	1	261	95	2008
1770	1	1	260	99	2008
1771	1	1	268	99	2007
1772	1	1	268	98	2008
1773	1	2	267	99	2006
1774	1	1	244	0	2006
1775	1	1	243	91	2007
1776	1	2	0	118	2008
1777	1	1	0	90	2008
1778	1	1	252	92	2006
1779	2	2	0	0	2004
1780	1	2	239	89	2007
1781	1	2	235	91	2008
1782	1	1	260	94	2007
1783	1	1	250	89	2008
1784	2	2	249	0	2005
1785	1	1	244	94	2009
1786	1	2	256	95	2009
1787	1	2	278	88	2009
1788	1	1	245	0	2007
1789	1	1	255	103	2007
1790	2	2	235	102	0
1791	1	2	262	0	2007
1792	1	2	235	95	2008
1793	1	1	255	137	2009
1794	1	1	245	102	2007
1795	1	2	267	102	2006
1796	1	1	260	95	2008
1797	1	2	255	0	2008
1798	1	2	244	89	2009
1799	1	1	268	0	2005
1800	1	1	278	90	2008
1801	1	1	269	89	2005
1802	1	1	268	86	2006
1803	1	1	260	0	2007
1804	2	2	255	89	2005
1805	1	2	267	0	2007
1806	1	2	249	93	2009
1807	1	1	245	95	2009
1808	2	1	259	101	2005
1809	1	2	255	0	2008
1810	2	2	260	0	2005
1811	1	2	249	0	0
1812	1	1	262	0	2008
1813	1	2	257	89	2006
1814	1	2	268	98	2008
1815	1	2	255	94	2006
1816	1	1	267	0	2007
1817	2	1	268	0	2005
1818	1	1	269	88	2008
1819	1	2	262	98	2009
1820	1	2	267	88	2008
1821	1	1	253	103	2008
1822	1	2	235	94	2007
1823	1	2	257	0	2008
1824	1	2	235	92	2008
1825	1	2	262	104	2008
1826	1	1	267	92	2009
1827	1	2	272	90	2009
1828	1	1	268	88	2009
1829	1	1	260	90	2008
1830	5	2	0	0	2007
1831	1	2	0	91	2009
1832	2	1	268	0	2005
1833	1	1	241	90	2008
1834	1	0	0	0	0
1835	1	1	245	99	2007
1836	1	0	244	93	0
1837	2	2	239	103	2005
1838	1	2	252	0	2007
1839	1	2	268	94	2008
1840	1	1	268	93	2007
1841	1	2	246	137	2009
1842	1	2	262	95	2008
1843	1	2	235	95	2009
1844	2	1	270	108	2005
1845	1	2	261	0	0
1846	1	1	269	91	2008
1847	2	2	246	94	2005
1848	2	1	255	0	2004
1849	1	1	239	90	2008
1850	1	2	0	90	2008
1851	1	1	271	0	2006
1852	1	2	257	103	2006
1853	1	1	268	91	2008
1854	1	1	268	93	2005
1855	1	1	268	119	2007
1856	1	1	255	0	2006
1857	1	2	245	90	2007
1858	1	2	255	91	2008
1859	1	1	260	94	2008
1860	1	2	244	0	2009
1861	1	1	243	94	2009
1862	1	2	267	148	2006
1863	1	2	260	101	2006
1864	1	1	0	94	2008
1865	2	2	260	0	2005
1866	1	1	235	102	2007
1867	2	1	237	0	2005
1868	2	1	270	119	2005
1869	1	1	245	92	2009
1870	1	1	0	95	2009
1871	1	1	239	155	2007
1872	1	0	235	103	2006
1873	2	2	250	101	2005
1874	1	1	0	93	2009
1875	1	2	257	0	2006
1876	1	1	262	123	2007
1877	1	2	267	0	2006
1878	1	1	260	88	0
1879	2	1	255	0	2004
1880	1	2	255	89	2007
1881	1	1	268	102	2007
1882	1	2	259	101	2007
1883	1	1	235	0	2006
1884	1	1	245	88	2008
1885	2	1	260	0	2005
1886	5	2	0	0	2004
1887	1	2	246	0	2007
1888	1	1	235	94	2007
1889	1	1	268	0	2005
1890	1	2	267	129	2006
1891	1	1	260	123	0
1892	1	2	235	97	2008
1893	1	1	246	95	2009
1894	1	1	235	0	2006
1895	1	2	0	100	2007
1896	1	1	268	120	2007
1897	1	1	246	93	2009
1898	1	1	235	103	2007
1899	1	0	262	0	0
1900	1	2	239	90	2009
1901	1	2	255	0	2007
1902	1	2	245	154	2007
1903	1	1	259	103	2006
1904	1	2	249	90	2009
1905	1	0	0	0	2008
1906	1	1	260	0	0
1907	1	1	267	93	2008
1908	1	2	241	89	2009
1909	1	1	268	109	2006
1910	1	1	0	92	2009
1911	2	2	265	94	2004
1912	1	1	245	94	2009
1913	1	1	245	137	2009
1914	1	2	259	125	2008
1915	1	2	235	0	2009
1916	2	1	270	0	2005
1917	1	2	254	90	2009
1918	2	2	263	0	0
1919	1	1	235	135	2006
1920	1	1	257	0	2006
1921	1	1	260	0	2007
1922	1	2	235	0	0
1923	1	1	245	93	2009
1924	1	2	249	0	2006
1925	1	1	278	92	2009
1926	1	1	0	92	0
1927	2	1	239	0	2005
1928	1	2	260	103	2008
1929	1	1	248	95	2008
1930	1	1	0	93	2008
1931	1	1	239	90	2009
1932	1	0	0	0	0
1933	1	1	271	90	2009
1934	1	2	268	0	2006
1935	1	1	244	88	2009
1936	1	0	245	116	2007
1937	1	1	0	103	2008
1938	1	1	248	94	2008
1939	1	2	247	91	2008
1940	2	1	245	0	2004
1941	2	2	239	99	2005
1942	1	1	245	101	2006
1943	1	2	267	129	2006
1944	1	1	0	88	2009
1945	1	2	245	0	2005
1946	1	0	0	0	2006
1947	1	1	239	0	2007
1948	1	1	0	0	2009
1949	2	1	239	0	2005
1950	1	1	245	97	2006
1951	1	1	245	90	2007
1952	1	2	260	90	2009
1953	1	2	266	89	2008
1954	1	1	244	93	2008
1955	1	2	262	94	2008
1956	1	1	0	88	2008
1957	1	1	244	0	2006
1958	1	1	268	86	2006
1959	2	1	255	103	2005
1960	1	2	265	102	2006
1961	2	1	253	0	2004
1962	2	0	0	0	0
1963	1	1	245	88	2007
1964	1	1	0	95	2009
1965	1	2	267	126	2006
1966	1	1	0	98	2008
1967	1	2	0	95	2009
1968	1	2	262	95	2008
1969	1	1	260	99	2007
1970	1	2	257	135	2008
1971	1	2	268	99	2006
1972	1	1	256	88	2009
1973	1	1	268	0	2005
1974	1	1	245	92	2009
1975	1	1	268	91	2009
1976	1	2	255	91	2008
1977	1	2	267	94	2008
1978	1	2	239	0	2007
1979	1	2	268	94	2009
1980	1	2	268	89	2009
1981	2	1	260	0	2005
1982	1	1	0	90	2009
1983	2	2	259	0	2005
1984	1	1	239	0	2006
1985	1	1	0	95	2009
1986	1	1	239	90	2008
1987	1	2	275	0	2007
1988	1	1	272	91	2008
1989	1	1	0	90	2008
1990	1	1	0	88	2009
1991	1	1	252	91	2008
1992	1	1	278	90	2009
1993	1	1	278	95	2009
1994	1	1	263	95	2009
1995	1	1	270	99	2007
1996	1	2	255	0	0
1997	1	2	255	102	2008
1998	2	2	246	0	2005
1999	1	2	267	135	0
2000	1	2	255	0	2006
2001	1	1	235	94	2006
2002	1	2	249	0	2007
2003	1	1	270	95	2009
2004	1	1	245	100	2007
2005	1	2	259	135	2008
2006	1	1	252	0	2008
2007	1	1	0	98	2008
2008	1	0	238	0	2006
2009	1	2	272	0	2006
2010	5	1	258	0	2005
2011	1	2	257	0	2006
2012	2	2	235	0	2005
2013	1	1	241	90	2008
2014	1	1	245	95	2005
2015	1	1	252	86	2006
2016	1	2	244	0	2006
2017	1	2	259	90	2008
2018	2	2	262	103	2005
2019	1	1	240	93	2007
2020	1	2	239	95	2007
2021	1	1	252	94	2006
2022	2	2	257	101	2005
2023	1	1	258	95	2008
2024	1	2	278	95	2009
2025	1	1	248	90	2007
2026	1	1	259	138	2006
2027	5	2	279	0	2007
2028	2	1	268	0	2005
2029	1	1	0	93	2008
2030	1	1	235	97	2006
2031	5	1	0	0	2007
2032	1	1	268	93	2009
2033	1	1	261	0	2006
2034	1	2	255	0	2006
2035	1	1	248	93	2009
2036	1	1	268	88	2008
2037	2	2	252	0	0
2038	1	2	255	88	2008
2039	1	1	278	100	2008
2040	1	2	269	95	2006
2041	2	2	246	89	2004
2042	1	1	244	0	2006
2043	1	1	268	95	2007
2044	1	1	262	0	2009
2045	1	2	245	0	2008
2046	1	1	255	98	0
2047	1	1	235	94	2007
2048	1	2	264	0	2007
2049	1	2	267	0	2006
2050	1	2	267	0	2007
2051	1	1	260	0	2008
2052	1	2	269	127	2006
2053	1	1	245	116	2007
2054	1	1	260	0	2008
2055	1	1	235	95	2008
2056	1	2	235	103	2006
2057	1	1	0	0	2007
2058	2	1	237	0	2005
2059	1	2	0	90	2008
2060	1	2	0	95	2007
2061	1	2	249	88	2007
2062	5	1	0	97	2007
2063	1	1	278	93	2008
2064	1	2	267	92	2008
2065	1	2	244	129	2006
2066	2	1	235	0	2005
2067	5	1	258	91	2005
2068	1	1	268	91	2009
2069	1	1	245	86	2006
2070	1	1	252	0	2008
2071	2	1	276	0	2005
2072	1	1	255	94	2007
2073	1	0	0	0	0
2074	2	1	268	107	2005
2075	1	1	260	116	2007
2076	1	2	255	0	2006
2077	1	2	260	90	2006
2078	1	1	259	0	2008
2079	1	2	268	100	2005
2080	1	2	272	95	2009
2081	1	1	238	0	2007
2082	1	2	244	95	2008
2083	1	2	262	95	2008
2084	1	2	260	139	2006
2085	1	1	0	95	2009
2086	1	1	235	94	2006
2087	1	2	0	94	2009
2088	1	1	245	0	2006
2089	1	1	261	92	2006
2090	1	2	0	91	2009
2091	1	1	259	101	2006
2092	2	1	267	0	2005
2093	1	1	260	0	2007
2094	1	2	0	92	2007
2095	1	0	0	0	0
2096	1	1	260	0	2008
2097	1	1	239	94	2008
2098	1	2	259	88	2008
2099	1	2	245	101	2008
2100	1	1	0	98	0
2101	1	1	275	0	2007
2102	1	1	268	95	2008
2103	1	1	249	97	2006
2104	1	1	0	0	2007
2105	1	2	267	0	2006
2106	1	1	235	103	2007
2107	1	1	260	0	2007
2108	1	1	271	0	2006
2109	1	2	245	90	2009
2110	2	1	260	0	2005
2111	1	1	278	94	2009
2112	1	2	278	88	2009
2113	1	1	255	0	2008
2114	2	1	267	129	2005
2115	2	2	255	111	2005
2116	1	1	268	0	2009
2117	1	0	255	86	2006
2118	1	1	260	157	2006
2119	2	1	238	0	2005
2120	5	1	258	151	2005
2121	2	2	252	89	2005
2122	1	2	249	90	2008
2123	2	2	235	0	2003
2124	1	0	252	103	0
2125	1	1	0	93	2009
2126	5	1	279	0	2007
2127	1	1	248	0	2007
2128	1	2	250	89	2006
2129	1	1	268	91	2006
2130	1	2	252	0	2006
2131	1	2	263	0	2008
2132	1	1	0	0	0
2133	1	1	0	93	2009
2134	2	1	0	0	0
2135	1	0	267	99	2006
2136	1	1	268	98	2009
2137	1	1	0	90	2009
2138	1	2	267	0	2005
2139	3	1	235	0	0
2140	1	2	249	88	2008
2141	1	2	241	88	2008
2142	1	2	0	144	2006
2143	1	1	257	90	2009
2144	1	0	0	0	0
2145	1	2	260	88	0
2146	1	1	268	90	2008
2147	1	2	259	98	2008
2148	1	1	246	103	2007
2149	1	2	260	0	2007
2150	1	2	260	94	2008
2151	1	1	0	89	2009
2152	1	2	255	0	2007
2153	2	2	268	0	2005
2154	1	2	267	90	2006
2155	3	2	262	90	2008
2156	1	2	0	0	0
2157	5	1	0	0	0
2158	1	1	267	0	2008
2159	1	2	245	0	2006
2160	2	2	244	102	2005
2161	1	2	246	114	2007
2162	1	2	235	105	0
2163	1	2	249	90	2009
2164	1	2	272	154	2007
2165	1	1	245	95	2009
2166	2	1	260	0	2005
2167	1	1	249	93	2007
2168	1	1	244	95	2008
2169	2	1	260	0	2005
2170	1	2	240	0	2005
2171	1	1	245	119	2007
2172	1	1	260	88	2008
2173	1	2	278	89	2009
2174	1	0	0	0	0
2175	1	1	239	93	2009
2176	1	2	278	94	2009
2177	5	1	0	97	2007
2178	1	1	260	0	0
2179	1	1	252	91	0
2180	1	2	239	0	2006
2181	1	1	260	150	2006
2182	1	1	268	94	2008
2183	1	1	261	129	2006
2184	1	1	262	90	2009
2185	1	1	0	93	2008
2186	1	1	267	0	2006
2187	1	1	259	0	2009
2188	1	0	0	0	0
2189	1	1	0	95	2009
2190	1	0	276	0	0
2191	1	0	260	0	2007
2192	1	1	0	93	0
2193	1	1	245	94	2007
2194	1	2	253	94	2006
2195	1	1	0	90	2008
2196	1	1	252	0	2007
2197	1	1	235	101	2006
2198	1	1	239	0	2006
2199	1	2	246	0	2006
2200	1	2	241	0	2006
2201	1	2	257	99	2007
2202	1	2	265	95	2008
2203	1	2	264	91	2007
2204	1	2	255	0	2007
2205	1	1	239	95	2009
2206	1	2	246	88	2008
2207	1	2	0	92	2009
2208	5	2	260	0	2004
2209	1	2	255	0	2006
2210	2	2	255	111	2005
2211	1	0	0	92	0
2212	1	2	252	94	2009
2213	1	2	245	90	2009
2214	1	2	262	88	2009
2215	1	2	268	0	2006
2216	1	2	260	90	2008
2217	2	1	270	0	2005
2218	1	1	238	91	2009
2219	1	2	255	153	2008
2220	1	2	235	91	2008
2221	1	2	250	89	2008
2222	1	2	277	116	2008
2223	1	2	247	102	2006
2224	1	2	239	94	2009
2225	1	2	260	95	2009
2226	1	1	248	88	2007
2227	1	1	0	90	2008
2228	1	2	270	156	2007
2229	2	2	246	0	2004
2230	1	1	252	0	2005
2231	1	2	235	0	0
2232	1	1	258	100	2006
2233	1	1	239	95	2009
2234	1	1	268	93	2008
2235	1	2	0	93	2008
2236	1	1	240	0	2006
2237	1	1	235	90	2008
2238	1	1	264	98	2006
2239	1	1	239	99	2006
2240	1	1	235	94	0
2241	1	2	255	0	2006
2242	5	1	0	97	2007
2243	1	2	262	89	2008
2244	1	1	267	95	0
2245	1	1	260	136	2006
2246	1	2	262	98	2009
2247	2	1	268	0	2005
2248	1	1	278	0	2008
2249	2	2	267	0	2005
2250	1	1	260	95	2008
2251	1	2	255	153	2008
2252	1	1	239	0	2006
2253	1	2	262	0	2009
2254	1	1	0	0	2008
2255	1	1	239	89	2009
2256	1	2	257	91	2008
2257	1	2	0	0	2008
2258	1	2	260	0	2007
2259	1	2	235	93	2008
2260	1	1	269	90	2007
2261	1	2	0	91	2008
2262	1	1	259	0	2006
2263	1	2	241	89	2005
2264	1	1	0	90	2009
2265	1	0	245	102	2007
2266	2	1	268	123	2005
2267	1	1	239	0	2006
2268	1	2	255	112	2006
2269	1	1	268	94	2007
2270	1	1	261	89	2008
2271	1	1	0	89	2009
2272	1	1	235	94	2009
2273	1	1	260	100	2006
2274	1	2	0	90	2008
2275	2	1	260	0	2005
2276	2	2	264	0	2004
2277	1	1	268	108	2006
2278	2	1	0	0	0
2279	1	1	267	89	2009
2280	1	1	0	95	2008
2281	1	2	235	0	2007
2282	1	1	245	93	2008
2283	1	1	255	130	2006
2284	1	1	259	0	2006
2285	1	2	250	0	2006
2286	1	1	235	95	2008
2287	1	1	239	0	2009
2288	1	0	0	88	0
2289	2	1	245	0	2005
2290	1	1	260	137	0
2291	1	2	0	94	2008
2292	2	2	261	90	2005
2293	1	1	260	94	2006
2294	1	1	245	115	2007
2295	2	2	264	94	2004
2296	2	1	235	0	2005
2297	5	2	264	86	2004
2298	1	1	239	0	2008
2299	1	2	238	94	2006
2300	1	2	255	129	2006
2301	1	1	245	120	2007
2302	1	0	0	0	0
2303	1	2	241	93	2008
2304	1	1	238	0	2006
2305	1	1	268	93	2009
2306	1	1	272	0	2006
2307	2	1	245	0	2005
2308	1	2	264	98	2007
2309	1	1	257	91	2008
2310	1	1	255	0	2006
2311	1	2	262	90	2009
2312	1	1	0	91	2008
2313	1	1	255	138	2006
2314	1	2	249	0	2006
2315	1	0	0	0	0
2316	1	1	237	0	2007
2317	1	2	250	0	2008
2318	1	1	0	92	2008
2319	2	2	250	0	2005
2320	1	1	245	95	2007
2321	1	1	0	91	2008
2322	2	2	252	0	2005
2323	1	1	257	102	2007
2324	1	1	258	103	2007
2325	2	1	260	107	2002
2326	1	2	241	0	2006
2327	1	2	265	0	2006
2328	1	2	241	98	2006
2329	1	2	262	0	2006
2330	5	2	250	89	2006
2331	1	1	278	88	2009
2332	1	1	244	89	2006
2333	2	1	258	0	2004
2334	5	2	0	0	0
2335	1	2	257	94	2006
2336	1	2	0	129	2008
2337	1	1	0	0	2008
2338	1	0	0	0	0
2339	1	2	255	93	2008
2340	1	2	235	88	2008
2341	1	2	244	90	2008
2342	1	2	239	102	2006
2343	1	2	277	135	2008
2344	1	0	0	0	0
2345	1	1	0	91	2009
2346	1	2	252	112	2006
2347	1	0	245	0	2008
2348	1	1	268	88	2007
2349	2	1	235	108	2005
2350	1	1	252	90	2008
2351	1	1	260	0	2007
2352	1	1	260	88	2008
2353	1	2	251	94	2007
2354	1	2	241	0	0
2355	1	2	235	89	2007
2356	1	2	255	0	0
2357	4	0	250	0	0
2358	1	2	0	88	2009
2359	1	1	235	0	2006
2360	1	1	238	94	2007
2361	1	2	245	99	2006
2362	1	2	244	102	2006
2363	1	1	268	100	2008
2364	1	1	244	89	2008
2365	1	2	0	94	2009
2366	1	1	260	0	2006
2367	1	1	244	93	2009
2368	1	1	0	91	2009
2369	1	2	277	95	2007
2370	1	2	0	90	2008
2371	2	1	240	0	2005
2372	1	2	267	129	2006
2373	1	1	249	0	2008
2374	1	2	267	0	2006
2375	1	1	244	0	2009
2376	1	1	252	0	2006
2377	1	1	267	93	2008
2378	1	2	255	0	2007
2379	1	2	250	98	2009
2380	1	1	245	90	2008
2381	1	1	270	102	2006
2382	1	1	245	0	2007
2383	2	2	255	0	2005
2384	1	1	268	99	2007
2385	1	2	257	0	2005
2386	1	2	255	125	2006
2387	1	2	239	0	2008
2388	2	1	267	0	2005
2389	1	1	257	91	2008
2390	1	1	235	89	2006
2391	1	1	239	0	2007
2392	1	2	262	0	2007
2393	1	2	249	0	2007
2394	1	2	260	0	2006
2395	2	2	249	0	2005
2396	1	1	270	0	2006
2397	1	2	235	129	2006
2398	1	1	244	103	2008
2399	2	0	245	0	2005
2400	1	0	0	102	2008
2401	5	2	235	0	2005
2402	1	2	265	95	2007
2403	1	1	253	95	2008
2404	1	2	235	89	2006
2405	1	2	260	0	0
2406	1	1	245	100	2008
2407	1	1	0	88	2009
2408	1	2	246	0	2006
2409	5	2	0	0	2006
2410	2	2	239	0	2005
2411	1	2	241	95	2009
2412	1	2	279	103	2006
2413	2	2	235	0	2003
2414	1	1	278	90	2009
2415	1	1	268	86	2007
2416	1	2	249	104	2007
2417	1	0	0	0	0
2418	1	2	259	104	2006
2419	1	1	268	102	2007
2420	1	1	0	92	2008
2421	1	1	0	89	2008
2422	5	1	279	117	2007
2423	2	1	270	0	2005
2424	1	2	260	0	2009
2425	1	1	245	0	2006
2426	1	1	245	0	2007
2427	1	2	0	0	2007
2428	2	2	235	144	2005
2429	2	1	263	129	2005
2430	1	2	260	89	2008
2431	1	1	259	100	2007
2432	1	1	255	94	2008
2433	1	2	268	0	2006
2434	2	1	265	0	2003
2435	2	2	250	0	2005
2436	1	1	245	93	2009
2437	1	1	238	99	2006
2438	1	1	0	88	2008
2439	1	2	250	0	2005
2440	1	1	268	91	2008
2441	1	1	239	93	2008
2442	1	2	260	94	2008
2443	1	1	245	0	2006
2444	1	1	260	100	2007
2445	1	2	0	90	2008
2446	2	2	270	111	2005
2447	2	1	268	0	2004
2448	1	0	260	0	0
2449	1	1	239	90	2006
2450	1	1	252	0	2006
2451	1	1	260	93	2009
2452	1	1	250	130	2006
2453	1	1	235	95	2008
2454	1	1	252	91	2008
2455	1	1	0	0	2007
2456	1	1	239	0	2008
2457	1	0	0	0	0
2458	1	2	255	95	2008
2459	2	2	262	0	2005
2460	1	2	278	88	2009
2461	1	1	268	109	2006
2462	1	1	260	95	2009
2463	1	1	0	95	2009
2464	1	2	255	88	2008
2465	2	1	260	109	2005
2466	1	0	0	0	0
2467	1	2	255	153	2008
2468	2	2	257	0	2005
2469	1	1	268	102	2007
2470	1	2	268	116	2008
2471	1	0	0	0	0
2472	1	1	0	91	2008
2473	1	2	259	95	2009
2474	5	2	262	0	2005
2475	1	2	262	94	2008
2476	2	2	255	112	2005
2477	1	1	268	93	2008
2478	1	2	249	90	2008
2479	1	1	267	100	2006
2480	1	1	272	0	2007
2481	1	1	252	91	2008
2482	5	2	250	0	2005
2483	1	1	244	91	2009
2484	1	1	0	88	2009
2485	2	1	245	103	2005
2486	5	2	250	0	2005
2487	1	2	235	91	2009
2488	1	2	270	91	2008
2489	1	2	241	94	2007
2490	1	1	245	101	2006
2491	1	2	246	98	2007
2492	2	1	268	107	2005
2493	1	1	240	100	2006
2494	1	2	278	89	2009
2495	2	2	245	106	2005
2496	1	1	237	0	2006
2497	1	1	268	113	2006
2498	2	2	263	0	2004
2499	1	2	246	89	2008
2500	1	2	240	102	2008
2501	1	2	0	95	2009
2502	1	2	245	95	2009
2503	1	0	267	0	2006
2504	2	1	258	0	2005
2505	1	0	245	0	2006
2506	1	1	258	92	2009
2507	1	2	252	156	2007
2508	1	2	244	94	2008
2509	1	1	254	101	2008
2510	1	1	0	91	2008
2511	2	1	260	115	2005
2512	1	2	245	95	2009
2513	1	2	249	0	2006
2514	1	1	0	91	2009
2515	1	1	237	112	2007
2516	5	2	279	0	2007
2517	1	1	0	89	2008
2518	2	2	259	102	2005
2519	2	2	264	0	2004
2520	5	0	0	0	0
2521	1	1	246	0	2005
2522	1	2	245	100	2010
2523	1	1	257	124	2007
2524	1	1	267	91	2007
2525	1	2	235	88	2008
2526	2	1	267	89	2005
2527	2	1	260	0	2005
2528	1	1	235	0	2006
2529	1	2	239	91	2008
2530	2	1	260	102	2005
2531	1	1	271	155	2006
2532	1	2	278	91	2009
2533	1	1	268	0	2008
2534	1	1	268	95	2008
2535	1	1	0	94	2008
2536	1	2	255	118	2008
2537	1	1	275	89	2008
2538	2	2	267	102	2005
2539	1	1	268	102	2007
2540	1	2	0	93	2008
2541	1	1	268	146	2007
2542	1	1	267	109	2007
2543	1	1	267	88	2008
2544	1	2	257	0	2006
2545	1	1	256	89	2009
2546	1	2	246	0	2006
2547	1	2	246	89	2009
2548	1	1	260	0	2008
2549	1	1	252	94	2007
2550	1	1	245	101	2006
2551	1	2	239	88	2008
2552	1	2	265	95	0
2553	1	2	267	0	2007
2554	1	1	267	94	2006
2555	1	1	272	101	2006
2556	2	2	257	0	2005
2557	1	2	268	86	2006
2558	2	1	235	94	2005
2559	1	0	0	0	0
2560	1	2	250	0	2008
2561	1	2	255	0	2008
2562	1	1	271	95	2008
2563	1	1	235	136	2006
2564	1	1	0	0	2008
2565	1	1	0	91	2009
2566	1	1	278	94	2009
2567	5	2	0	87	2007
2568	1	1	0	93	2009
2569	1	1	249	0	2006
2570	1	1	255	0	2009
2571	1	1	266	103	2006
2572	1	1	239	89	2009
2573	5	1	267	0	0
2574	1	2	262	102	2006
2575	1	2	235	92	2006
2576	1	1	260	0	2008
2577	1	2	260	118	0
2578	1	2	245	95	2008
2579	1	1	255	91	2008
2580	1	1	255	95	2008
2581	1	2	245	0	2005
2582	1	2	268	94	2006
2583	1	1	258	0	2009
2584	1	2	278	0	2009
2585	1	1	0	93	2009
2586	2	1	255	102	2005
2587	2	2	246	99	2005
2588	1	2	267	125	2007
2589	1	2	277	116	2008
2590	1	2	268	93	2008
2591	1	1	259	0	2006
2592	1	1	245	0	2006
2593	1	2	268	94	2008
2594	2	1	260	120	2005
2595	1	1	268	95	2009
2596	1	1	255	91	2008
2597	1	1	0	0	2008
2598	1	1	260	90	2009
2599	1	2	260	95	2009
2600	1	1	278	90	2009
2601	1	2	255	98	2008
2602	2	2	255	146	2005
2603	2	1	270	0	0
2604	1	2	252	105	2006
2605	1	1	235	0	2006
2606	1	1	262	107	2006
2607	1	1	252	93	2007
2608	1	2	241	89	2008
2609	1	2	246	89	2009
2610	2	2	235	106	2005
2611	1	2	235	0	2007
2612	1	2	260	88	2008
2613	1	1	245	123	2007
2614	1	2	246	100	2006
2615	1	1	0	92	2008
2616	1	1	268	148	2006
2617	1	2	267	99	2006
2618	2	1	244	138	2005
2619	2	2	255	0	2005
2620	1	1	252	0	2005
2621	1	2	245	95	2007
2622	1	1	0	90	2009
2623	1	2	270	92	2008
2624	1	0	0	0	0
2625	1	2	255	101	2006
2626	1	2	260	104	2006
2627	1	2	239	95	2007
2628	1	2	235	95	2008
2629	1	2	0	0	2008
2630	1	2	239	95	2009
2631	1	1	260	0	2005
2632	1	1	0	91	2008
2633	1	1	244	93	0
2634	1	1	0	88	2009
2635	1	1	235	88	2008
2636	1	1	278	90	2009
2637	5	2	0	87	2007
2638	2	2	246	125	2005
2639	1	1	268	92	2008
2640	5	2	0	0	2005
2641	1	1	260	90	2008
2642	1	1	257	0	0
2643	1	1	0	94	2008
2644	1	2	0	95	2009
2645	1	2	257	0	2006
2646	1	1	244	89	2007
2647	1	2	0	0	2008
2648	1	1	249	103	2006
2649	1	1	0	0	0
2650	1	1	267	90	2008
2651	1	1	255	0	2006
2652	1	1	0	91	2008
2653	1	1	249	0	2006
2654	1	1	255	94	2008
2655	1	2	0	91	2008
2656	1	1	239	109	2006
2657	1	2	260	102	2006
2658	1	1	240	91	2009
2659	1	1	267	0	2006
2660	1	2	245	90	2009
2661	1	1	244	88	2008
2662	1	1	255	156	2005
2663	1	2	239	89	2009
2664	1	1	255	88	2009
2665	1	1	278	90	2009
2666	3	2	0	0	0
2667	2	1	268	0	2005
2668	1	2	262	0	2006
2669	1	2	278	90	2009
2670	1	1	244	156	2007
2671	1	1	237	0	2006
2672	1	1	245	88	2008
2673	1	1	268	94	2007
2674	1	2	241	89	2009
2675	1	2	258	95	2009
2676	2	1	258	140	2005
2677	1	2	267	0	2007
2678	1	2	260	125	2007
2679	1	2	238	139	2006
2680	1	1	0	90	0
2681	1	1	0	93	2008
2682	1	1	268	88	2008
2683	1	1	269	94	2007
2684	1	1	244	88	2007
2685	1	1	245	111	2006
2686	1	2	277	95	2009
2687	2	2	252	0	2005
2688	1	2	261	89	2009
2689	1	1	0	90	2008
2690	1	1	235	0	2008
2691	1	2	255	94	0
2692	1	1	0	0	0
2693	1	2	0	98	2005
2694	1	2	250	0	2006
2695	1	2	259	95	2009
2696	1	1	268	103	2006
2697	1	1	260	95	2009
2698	1	1	0	95	2009
2699	1	1	238	0	2006
2700	1	1	0	91	2008
2701	1	1	239	0	2008
2702	2	1	0	0	2004
2703	1	2	0	0	2008
2704	1	1	267	98	2008
2705	1	2	0	92	2009
2706	1	2	248	107	2008
2707	1	1	240	119	2007
2708	1	1	261	93	2009
2709	1	2	255	103	2008
2710	1	2	265	95	2008
2711	1	1	252	88	2008
2712	1	1	252	95	2008
2713	1	2	267	128	2007
2714	1	1	260	0	2008
2715	1	2	0	88	2007
2716	1	2	247	90	2007
2717	1	2	263	90	2008
2718	2	2	268	0	2004
2719	1	2	264	89	2005
2720	1	1	0	0	0
2721	1	1	245	98	2009
2722	1	2	251	93	2007
2723	1	1	241	88	2008
2724	1	1	268	0	2006
2725	2	1	0	0	0
2726	1	1	245	91	2008
2727	2	2	264	0	2004
2728	1	0	0	0	0
2729	2	2	250	0	2005
2730	1	1	248	95	2007
2731	1	2	255	90	2008
2732	1	1	252	88	2007
2733	1	2	244	94	2006
2734	1	1	268	107	2007
2735	2	2	249	0	2005
2736	1	1	0	88	2009
2737	5	2	277	103	2007
2738	2	2	264	0	2005
2739	1	1	260	94	2008
2740	1	1	260	0	2006
2741	2	1	237	0	2004
2742	1	2	267	0	2008
2743	1	1	268	109	2006
2744	1	1	260	0	2007
2745	1	2	249	94	2004
2746	1	0	252	0	2007
2747	1	2	277	88	2008
2748	1	2	246	91	2007
2749	1	2	262	89	2007
2750	1	2	240	102	2006
2751	5	1	279	0	2008
2752	2	1	239	0	2005
2753	1	2	267	0	0
2754	1	1	272	88	2009
2755	5	0	0	0	0
2756	1	1	268	95	2008
2757	1	2	267	93	2009
2758	1	1	268	0	2007
2759	2	1	249	0	2004
2760	1	2	250	95	2007
2761	1	1	240	93	2008
2762	1	1	0	91	2009
2763	1	0	260	136	2006
2764	1	1	0	95	2009
2765	1	1	235	98	2007
2766	1	2	265	99	2006
2767	1	2	251	100	2007
2768	1	1	245	99	2006
2769	1	1	0	0	2008
2770	2	2	268	101	2005
2771	1	2	255	0	2005
2772	1	0	235	94	2006
2773	1	1	235	91	2008
2774	1	1	235	89	2006
2775	2	1	268	0	0
2776	1	1	260	94	2006
2777	1	1	0	0	0
2778	1	1	271	89	2007
2779	1	2	259	140	2007
2780	1	1	252	0	2009
2781	2	1	270	119	2005
2782	1	2	260	91	2008
2783	3	2	0	0	0
2784	1	1	0	88	2008
2785	1	2	235	0	2006
2786	2	2	235	94	2005
2787	2	1	260	0	2005
2788	1	1	252	88	2008
2789	1	1	259	93	0
2790	1	2	259	104	2005
2791	1	2	241	93	2007
2792	1	2	235	91	2007
2793	1	2	249	153	2008
2794	1	2	245	154	2007
2795	1	2	249	0	2006
2796	1	2	0	90	2009
2797	1	1	269	91	2008
2798	1	1	260	115	2007
2799	1	2	245	89	2008
2800	1	2	0	89	2008
2801	1	1	260	99	2006
2802	2	1	270	0	2005
2803	1	1	252	90	2008
2804	1	2	267	147	2007
2805	1	2	235	95	2009
2806	1	1	0	88	2008
2807	1	1	241	93	2009
2808	1	1	0	95	2008
2809	1	2	245	139	2006
2810	2	2	255	0	2005
2811	1	1	0	89	2008
2812	1	2	248	93	2007
2813	1	0	255	0	0
2814	1	1	235	0	2007
2815	1	2	0	154	2008
2816	1	2	268	0	2006
2817	2	2	255	0	2005
2818	1	2	255	89	2006
2819	1	2	262	89	2009
2820	2	2	260	0	2004
2821	1	2	245	0	2008
2822	1	2	235	0	2006
2823	2	1	255	0	0
2824	1	1	0	93	2008
2825	2	1	276	0	2005
2826	1	2	255	102	2006
2827	1	1	268	102	2007
2828	5	2	276	0	2006
2829	1	2	0	0	0
2830	1	1	239	91	2009
2831	1	2	260	0	2008
2832	1	1	255	0	2006
2833	1	0	260	103	2007
2834	1	2	245	0	2006
2835	2	1	267	0	2005
2836	1	1	259	0	2007
2837	1	2	239	0	0
2838	1	1	256	89	2009
2839	1	1	271	91	2008
2840	1	1	271	0	2007
2841	2	1	245	0	2004
2842	1	1	252	103	2006
2843	1	2	267	147	2007
2844	1	1	239	89	2007
2845	1	1	278	93	2009
2846	1	0	267	0	0
2847	1	1	0	93	2009
2848	1	1	255	93	2008
2849	1	1	270	92	2009
2850	1	1	260	90	2008
2851	1	1	269	94	2008
2852	1	1	268	86	2006
2853	1	2	0	118	2008
2854	1	1	270	88	2009
2855	1	1	268	94	2006
2856	1	0	261	0	2008
2857	1	0	264	90	2006
2858	2	1	252	0	0
2859	1	2	239	90	2009
2860	2	2	268	0	2005
2861	1	0	268	89	2006
2862	1	2	0	90	2009
2863	1	0	0	0	0
2864	1	1	0	90	2008
2865	1	2	252	89	2009
2866	1	2	260	90	2008
2867	1	1	256	89	2009
2868	1	2	242	0	2007
2869	2	2	255	0	2005
2870	1	2	270	102	2007
2871	1	1	268	90	2008
2872	1	2	239	89	2007
2873	1	1	239	93	2009
2874	1	1	0	90	2009
2875	1	1	259	94	2008
2876	1	2	263	94	2009
2877	1	1	260	101	2006
2878	2	1	235	0	2005
2879	1	1	239	95	2008
2880	1	2	239	111	2005
2881	1	2	249	88	2008
2882	1	0	268	0	2005
2883	1	2	249	90	2008
2884	1	0	250	89	2007
2885	1	2	0	90	2009
2886	1	1	276	0	2007
2887	1	1	268	90	2008
2888	1	1	0	95	2009
2889	1	1	238	91	2009
2890	1	2	235	102	2008
2891	1	1	245	89	2008
2892	1	0	245	0	2006
2893	1	1	253	101	2008
2894	1	2	0	95	2008
2895	1	2	262	0	2006
2896	1	1	268	91	0
2897	1	1	0	93	2009
2898	1	2	259	92	2009
2899	1	1	244	0	2008
2900	2	1	245	0	2004
2901	1	2	266	91	0
2902	1	1	260	141	2007
2903	1	2	245	103	2008
2904	2	1	252	109	2005
2905	1	1	260	103	2006
2906	2	1	235	0	2005
2907	1	2	235	102	2007
2908	1	2	260	151	2007
2909	1	2	278	88	2009
2910	1	1	260	93	0
2911	1	2	268	91	2009
2912	1	2	262	95	2007
2913	1	2	260	0	2007
2914	2	1	238	0	2005
2915	1	2	246	90	2008
2916	1	1	265	0	2009
2917	1	1	244	89	2006
2918	1	2	255	0	2006
2919	1	1	245	95	2009
2920	1	1	0	99	2008
2921	1	0	0	0	0
2922	1	2	0	90	2008
2923	5	2	279	87	2008
2924	1	2	278	137	2009
2925	1	1	259	90	2009
2926	1	1	245	88	2008
2927	1	2	241	89	2005
2928	1	2	255	95	2009
2929	1	2	249	0	2005
2930	2	1	260	0	2005
2931	1	2	260	102	2008
2932	1	2	235	88	2008
2933	1	1	260	91	2008
2934	2	1	268	0	2005
2935	1	1	268	0	2006
2936	2	1	267	0	2005
2937	2	2	255	0	2004
2938	2	1	260	0	2005
2939	1	2	264	102	2006
2940	1	2	272	95	2008
2941	1	2	249	95	2009
2942	1	1	244	90	2009
2943	1	1	239	90	2009
2944	1	2	255	0	2006
2945	1	0	239	93	2008
2946	2	2	249	0	2005
2947	1	1	0	90	2008
2948	1	1	259	0	2006
2949	1	2	255	0	2005
2950	1	0	0	0	0
2951	2	2	252	143	2005
2952	1	2	0	0	0
2953	1	2	255	116	2008
2954	1	1	0	93	2009
2955	1	2	268	98	2008
2956	1	1	258	93	2008
2957	1	2	245	103	2005
2958	1	1	255	138	2005
2959	4	1	245	0	2001
2960	2	0	235	0	2005
2961	2	2	255	0	2005
2962	5	1	279	0	2005
2963	1	1	257	0	2006
2964	1	1	258	88	2007
2965	1	1	260	99	2006
2966	1	1	268	91	2009
2967	1	1	267	89	2007
2968	1	1	267	90	2008
2969	2	1	268	0	2005
2970	1	1	258	91	2009
2971	1	2	272	0	2007
2972	1	2	255	99	2006
2973	1	2	249	118	2008
2974	1	1	239	148	2006
2975	1	2	259	102	2006
2976	1	2	263	91	2009
2977	1	2	267	99	2006
2978	1	1	0	90	2009
2979	1	1	267	0	2006
2980	1	2	244	91	2006
2981	1	1	259	92	2008
2982	1	2	257	94	2009
2983	2	1	268	101	2005
2984	1	1	245	98	2008
2985	1	2	255	0	2006
2986	1	2	266	89	2007
2987	2	1	268	0	2005
2988	1	1	278	90	2009
2989	2	1	260	102	2005
2990	1	2	259	91	2009
2991	1	1	239	95	2009
2992	1	2	0	89	2008
2993	1	2	241	0	2007
2994	3	1	252	142	2006
2995	1	2	249	0	0
2996	1	2	245	95	2008
2997	1	1	245	0	2006
2998	1	2	0	98	0
2999	1	1	244	101	2006
3000	1	1	268	0	2007
3001	1	1	0	0	2009
3002	1	1	259	0	2007
3003	1	2	250	0	2006
3004	2	1	267	0	2005
3005	1	2	267	0	2006
3006	1	2	239	90	2008
3007	2	1	239	153	2005
3008	1	1	270	90	2008
3009	1	2	255	0	2007
3010	1	1	237	95	2008
3011	1	1	0	90	2008
3012	1	2	255	99	2006
3013	1	2	239	89	2008
3014	1	2	262	92	2009
3015	1	1	260	0	2006
3016	1	2	246	125	2007
3017	1	2	252	0	2007
3018	1	1	257	91	2009
3019	1	1	244	94	2007
3020	3	2	257	90	0
3021	1	2	235	88	2007
3022	1	1	267	138	2007
3023	1	2	246	0	2008
3024	1	1	0	0	2008
3025	1	2	0	0	2008
3026	1	2	250	99	0
3027	1	1	244	0	2007
3028	1	2	246	156	2007
3029	1	2	272	88	2009
3030	1	1	270	93	2007
3031	1	1	245	95	2009
3032	1	0	255	93	0
3033	1	1	0	90	2008
3034	1	2	235	89	2008
3035	1	1	0	94	2009
3036	2	2	245	0	2005
3037	1	1	0	98	2008
3038	1	1	237	91	2008
3039	1	2	235	0	2006
3040	1	1	272	120	2008
3041	2	2	255	148	2005
3042	1	2	0	90	2009
3043	1	2	262	93	2006
3044	2	1	268	0	2005
3045	1	1	260	88	2009
3046	1	2	250	0	0
3047	1	0	260	93	2008
3048	1	2	267	90	2009
3049	1	1	0	0	0
3050	2	1	252	99	2005
3051	1	1	268	0	2008
3052	5	1	279	0	0
3053	1	2	260	93	2008
3054	1	2	267	90	2008
3055	1	2	252	139	2006
3056	1	1	245	130	2006
3057	5	0	0	0	0
3058	1	1	239	86	2006
3059	5	2	262	0	2005
3060	1	2	272	0	2004
3061	1	2	255	0	2006
3062	1	2	265	93	2008
3063	1	2	267	91	2008
3064	1	2	241	0	2007
3065	1	1	246	0	2009
3066	1	1	249	92	2007
3067	1	1	260	0	2007
3068	1	0	0	0	0
3069	1	1	235	107	2005
3070	1	0	238	0	2006
3071	1	1	268	93	2009
3072	1	0	244	94	2007
3073	1	0	260	0	2008
3074	1	1	268	101	2006
3075	2	2	0	0	2004
3076	1	2	252	0	2006
3077	1	2	259	142	2006
3078	1	1	244	90	2009
3079	1	1	237	155	2007
3080	1	1	260	156	2007
3081	1	2	255	88	2008
3082	1	2	262	91	2009
3083	2	1	245	0	2004
3084	1	1	240	88	2008
3085	2	1	267	107	2005
3086	1	1	278	95	2009
3087	2	1	245	115	2005
3088	2	1	235	0	2005
3089	1	1	238	94	2009
3090	1	1	243	93	2007
3091	1	1	245	122	2006
3092	1	1	268	108	2008
3093	1	1	239	0	2006
3094	5	2	278	0	0
3095	1	1	0	95	2008
3096	4	1	0	0	0
3097	1	1	260	100	2006
3098	1	1	0	93	2009
3099	1	2	268	90	2008
3100	1	1	268	95	2009
3101	1	1	268	0	2006
3102	1	1	245	126	2006
3103	1	1	244	89	2009
3104	1	2	241	0	2006
3105	1	1	260	0	2006
3106	1	1	0	100	2008
3107	1	2	240	0	2006
3108	1	1	0	94	2007
3109	1	0	0	0	0
3110	1	2	245	86	2007
3111	1	2	0	102	2007
3112	1	1	237	88	2008
3113	1	1	0	90	2009
3114	2	2	235	99	2004
3115	1	1	263	91	2009
3116	1	0	239	0	2007
3117	2	1	239	103	2005
3118	1	0	0	0	0
3119	1	1	0	93	2008
3120	1	1	255	101	2006
3121	2	1	260	119	2005
3122	1	1	245	0	2006
3123	1	1	257	90	2007
3124	2	2	270	91	2005
3125	2	2	244	129	2005
3126	1	2	262	91	2009
3127	1	2	237	0	2005
3128	1	1	241	89	2007
3129	1	2	252	91	2008
3130	1	0	0	0	0
3131	1	2	257	91	2008
3132	2	2	248	0	2005
3133	1	2	268	95	2007
3134	2	2	249	0	2005
3135	1	2	268	86	2005
3136	2	1	268	0	2004
3137	2	2	241	0	2005
3138	1	1	259	0	2006
3139	1	1	245	97	2006
3140	1	1	245	0	2006
3141	1	1	267	103	2006
3142	1	2	251	89	2009
3143	1	0	271	0	0
3144	1	1	278	94	2008
3145	1	1	238	88	2007
3146	1	2	0	95	2009
3147	1	1	245	95	2008
3148	2	2	0	0	2004
3149	1	1	278	90	2008
3150	1	2	255	90	2007
3151	1	0	239	0	0
3152	1	1	257	94	2009
3153	2	1	245	99	2005
3154	2	2	252	0	2004
3155	1	2	259	94	2009
3156	1	1	261	0	2007
3157	1	1	245	123	2007
3158	1	1	259	89	2007
3159	1	2	262	90	2009
3160	1	1	252	0	2006
3161	1	1	245	0	2007
3162	1	2	262	93	2008
3163	1	2	255	0	2008
3164	1	1	267	89	2008
3165	1	0	0	95	2007
3166	1	1	268	99	2006
3167	1	2	252	154	2007
3168	1	1	267	103	2006
3169	1	0	235	0	0
3170	1	2	270	0	0
3171	1	1	0	0	2006
3172	1	1	0	94	2007
3173	1	2	255	110	2005
3174	1	1	245	130	2006
3175	1	1	259	120	2007
3176	1	2	235	90	2008
3177	1	1	260	90	2008
3178	1	2	262	95	2008
3179	1	2	241	0	2008
3180	1	1	270	92	2007
3181	1	1	255	0	2007
3182	1	2	239	0	2008
3183	1	2	244	91	0
3184	1	2	260	93	2009
3185	1	1	0	0	2007
3186	1	2	0	94	0
3187	1	1	0	0	2009
3188	1	1	0	90	2008
3189	1	1	239	0	2006
3190	1	1	252	113	2007
3191	1	2	0	98	2009
3192	1	1	239	91	2009
3193	1	1	249	95	2008
3194	1	2	247	94	2006
3195	1	2	259	0	2007
3196	1	1	260	88	2007
3197	1	1	268	95	2009
3198	1	2	267	94	2007
3199	1	2	0	92	2009
3200	1	1	0	90	2008
3201	1	1	235	0	2007
3202	1	1	258	103	2006
3203	1	1	260	107	2006
3204	1	1	268	0	2007
3205	1	1	267	0	2008
3206	1	1	278	94	2009
3207	1	2	249	0	2006
3208	1	1	260	0	2006
3209	1	1	260	89	2007
3210	1	1	278	0	2009
3211	1	1	250	89	2008
3212	1	2	250	98	2007
3213	1	2	259	105	2006
3214	1	1	267	134	2007
3215	1	1	260	0	2006
3216	5	2	246	0	2005
3217	1	1	278	95	0
3218	2	2	249	0	2004
3219	1	2	239	98	2009
3220	1	1	239	0	2006
3221	5	1	249	103	0
3222	1	1	257	94	2006
3223	2	1	267	0	2005
3224	1	1	245	137	2009
3225	1	1	248	100	2006
3226	1	1	239	148	2006
3227	1	2	250	103	2006
3228	1	1	268	95	2007
3229	2	2	260	87	2004
3230	1	1	245	88	2008
3231	1	2	0	0	0
3232	1	2	0	88	2007
3233	1	1	257	0	2006
3234	1	1	267	91	2009
3235	1	2	262	89	2009
3236	2	1	268	101	2005
3237	1	2	245	0	2007
3238	1	2	267	88	2007
3239	1	2	268	0	2006
3240	1	1	268	0	2008
3241	1	1	235	90	2008
3242	2	2	250	0	2005
3243	2	2	235	0	2005
3244	1	2	261	0	2006
3245	1	1	260	0	0
3246	1	1	278	88	2009
3247	1	2	255	99	2006
3248	1	1	260	92	2008
3249	1	1	0	95	2009
3250	1	1	239	0	2008
3251	1	1	0	90	2008
3252	1	1	270	103	2008
3253	2	2	259	102	2005
3254	1	1	0	95	2008
3255	1	2	262	0	2007
3256	1	2	255	93	2008
3257	2	1	0	0	2005
3258	1	1	260	123	2007
3259	1	1	267	94	2006
3260	1	1	0	94	2009
3261	2	1	260	0	2005
3262	1	1	239	89	2008
3263	1	1	260	90	2009
3264	1	1	267	0	2006
3265	2	1	244	0	2005
3266	5	2	262	0	2004
3267	1	2	0	90	2008
3268	5	1	267	115	2005
3269	1	1	238	0	2007
3270	1	1	245	0	2007
3271	1	1	239	88	2008
3272	1	1	270	91	2008
3273	1	1	239	0	2005
3274	1	2	255	88	2009
3275	1	2	278	90	2009
3276	1	2	235	92	2007
3277	2	2	250	0	2004
3278	1	1	0	91	2009
3279	1	2	239	92	2009
3280	1	1	268	92	2009
3281	2	2	246	0	2005
3282	1	1	260	100	2008
3283	1	2	252	89	2006
3284	1	1	267	0	2006
3285	1	1	239	95	2009
3286	1	1	239	99	2007
3287	1	2	239	91	2008
3288	1	1	239	0	2009
3289	1	0	0	0	0
3290	1	1	245	156	2006
3291	1	1	239	103	2006
3292	1	1	245	88	2009
3293	1	2	278	95	2009
3294	1	1	245	95	2009
3295	1	1	0	95	2009
3296	1	1	0	95	2009
3297	1	2	267	95	2008
3298	1	2	255	104	2006
3299	1	2	262	0	2005
3300	1	1	252	102	2006
3301	1	1	279	0	2009
3302	1	1	245	0	2008
3303	1	2	235	0	2007
3304	5	2	279	87	2007
3305	1	1	235	0	2006
3306	1	2	265	94	2006
3307	1	1	260	0	2007
3308	1	0	0	0	0
3309	1	2	248	0	2006
3310	1	1	239	93	2008
3311	2	1	245	119	2005
3312	1	0	262	0	0
3313	1	1	0	90	2009
3314	1	1	238	91	2008
3315	1	1	260	0	2006
3316	2	2	255	110	2005
3317	1	1	0	0	2007
3318	1	1	257	94	2009
3319	1	2	246	88	2008
3320	1	1	278	95	2009
3321	1	1	0	88	2009
3322	1	2	259	94	2006
3323	1	1	0	91	2008
3324	1	1	0	0	2006
3325	1	1	261	155	2006
3326	1	1	260	95	2009
3327	1	1	239	0	2009
3328	1	2	268	103	2005
3329	1	2	278	98	2009
3330	1	1	245	0	2007
3331	1	1	255	98	2009
3332	1	2	255	90	2008
3333	1	1	0	93	2008
3334	2	1	245	0	2005
3335	1	1	235	102	2007
3336	1	2	259	99	2007
3337	1	2	255	90	2008
3338	1	2	262	149	2006
3339	1	1	249	99	2006
3340	1	2	278	90	2009
3341	1	2	255	0	2006
3342	5	2	0	0	2005
3343	1	1	258	0	2008
3344	2	1	235	115	2005
3345	1	1	245	102	2005
3346	1	1	0	95	2009
3347	1	1	260	89	2007
3348	1	1	0	0	2007
3349	1	1	268	92	2008
3350	1	1	237	92	2008
3351	2	1	245	0	2005
3352	1	2	268	94	2009
3353	1	0	259	90	2008
3354	1	2	257	89	2007
3355	5	1	0	0	2007
3356	1	1	0	89	2009
3357	1	2	235	88	2009
3358	1	2	250	100	2006
3359	1	1	278	88	2009
3360	2	0	0	0	0
3361	1	1	268	92	2008
3362	1	2	245	94	2006
3363	2	1	245	0	2005
3364	1	1	275	0	2008
3365	1	2	255	102	2007
3366	1	2	244	90	2008
3367	1	2	250	91	2009
3368	2	1	235	0	2005
3369	1	1	268	94	2009
3370	1	1	260	88	2008
3371	2	1	260	0	2005
3372	1	1	0	95	2009
3373	1	1	245	95	2007
3374	1	1	245	95	2009
3375	1	1	268	0	2007
3376	5	1	279	87	2005
3377	2	1	244	0	2005
3378	1	1	239	0	2008
3379	1	1	278	88	2009
3380	1	2	235	140	2007
3381	2	1	268	0	2003
3382	1	1	269	93	2008
3383	1	2	262	90	2009
3384	2	2	252	0	2004
3385	1	1	252	0	2007
3386	1	1	268	91	2008
3387	2	1	255	0	2004
3388	2	1	252	134	2005
3389	1	2	257	89	2006
3390	1	2	249	133	2007
3391	1	2	246	93	2009
3392	1	2	235	88	2007
3393	1	2	0	88	2009
3394	1	1	262	90	2008
3395	1	0	240	94	0
3396	2	1	268	103	2004
3397	1	1	235	94	2006
3398	1	2	246	91	2009
3399	1	1	268	100	2006
3400	1	1	267	93	2009
3401	1	2	245	0	2006
3402	1	1	0	103	2006
3403	1	2	237	93	2007
3404	1	2	278	94	2009
3405	1	2	267	0	2006
3406	1	1	255	86	2006
3407	1	1	268	99	2006
3408	1	2	250	89	2007
3409	1	2	266	89	2009
3410	1	2	255	0	2007
3411	1	2	241	91	2009
3412	5	2	250	101	2005
3413	1	1	267	94	2007
3414	1	1	235	92	2006
3415	1	2	249	0	2006
3416	1	1	235	93	2009
3417	1	1	0	92	2009
3418	1	2	235	104	2007
3419	1	1	269	94	2008
3420	1	1	240	93	2006
3421	1	1	271	88	2007
3422	1	1	259	92	2009
3423	1	1	242	121	2007
3424	1	2	262	89	2009
3425	1	2	262	99	2007
3426	1	1	260	123	2007
3427	1	1	259	95	2009
3428	1	1	268	91	2008
3429	1	1	259	101	2006
3430	2	1	267	0	2005
3431	1	1	258	93	2008
3432	1	1	258	95	2009
3433	2	1	267	0	2005
3434	2	1	0	138	0
3435	1	2	268	88	2009
3436	1	1	260	93	2008
3437	1	2	0	91	2008
3438	1	1	268	0	2006
3439	1	2	235	93	2009
3440	1	1	0	0	2009
3441	2	1	258	0	2004
3442	1	2	0	118	2008
3443	1	1	235	88	2008
3444	1	2	0	0	2009
3445	1	1	252	91	2008
3446	1	2	0	0	0
3447	1	1	268	95	2009
3448	1	1	235	0	2006
3449	5	2	279	0	2007
3450	2	1	267	0	2003
3451	1	2	268	92	0
3452	2	2	250	0	0
3453	1	1	245	95	2009
3454	1	2	259	0	2006
3455	1	2	239	90	2008
3456	1	2	267	90	2007
3457	2	1	245	0	2005
3458	1	2	267	0	2005
3459	1	1	260	136	2006
3460	5	2	246	0	0
3461	2	2	250	104	2003
3462	1	1	235	0	2007
3463	1	1	0	90	2008
3464	1	1	275	0	2007
3465	1	2	0	88	2009
3466	1	2	262	144	2006
3467	1	2	268	138	2007
3468	1	1	244	91	2007
3469	1	1	261	0	2006
3470	1	2	255	105	2008
3471	1	2	256	95	2009
3472	1	1	267	95	2009
3473	2	2	255	0	2004
3474	1	2	262	0	2007
3475	2	0	265	0	2005
3476	1	1	235	116	2005
3477	1	1	237	0	2005
3478	1	2	260	0	2008
3479	1	1	258	95	0
3480	1	2	242	146	2010
3481	1	1	240	88	0
3482	1	2	0	90	2008
3483	1	1	267	0	2008
3484	1	1	237	95	2008
3485	1	1	0	92	2008
3486	1	1	255	0	2006
3487	1	1	245	0	0
3488	1	1	0	91	2009
3489	1	1	239	0	2006
3490	1	1	237	102	2006
3491	1	1	0	95	2009
3492	1	1	239	88	2009
3493	1	2	0	90	2009
3494	2	2	255	0	2004
3495	1	1	0	89	2009
3496	1	2	268	91	2009
3497	1	1	0	91	2008
3498	1	2	264	89	2007
3499	1	1	268	0	2008
3500	1	1	245	95	2009
3501	1	1	241	98	2008
3502	1	1	239	94	2006
3503	1	0	0	0	0
3504	2	2	263	0	2003
3505	1	2	0	91	2008
3506	1	2	259	0	2006
3507	1	2	259	90	2008
3508	1	2	259	0	2008
3509	1	2	255	0	2005
3510	1	2	268	89	2008
3511	1	1	260	156	2006
3512	1	1	235	0	0
3513	1	1	0	94	2009
3514	1	1	268	91	2007
3515	2	1	264	0	0
3516	1	2	267	0	2009
3517	1	2	246	93	2009
3518	5	2	0	0	2007
3519	2	1	0	0	2004
3520	1	1	245	100	2006
3521	1	2	255	0	2007
3522	1	2	260	103	2007
3523	1	1	245	90	2008
3524	1	1	0	99	0
3525	1	1	260	88	2008
3526	1	1	0	88	2008
3527	1	1	269	155	2006
3528	1	2	252	88	2008
3529	1	2	267	93	2009
3530	2	2	252	0	2005
3531	2	2	245	0	2005
3532	1	2	235	97	2008
3533	1	1	257	108	0
3534	1	1	272	91	2009
3535	1	0	0	0	0
3536	1	2	267	132	2005
3537	1	2	235	93	2009
3538	1	1	264	0	0
3539	1	2	0	94	2009
3540	1	1	260	90	2009
3541	1	1	0	95	2009
3542	1	2	278	95	2009
3543	1	1	239	0	2006
3544	1	1	239	94	2006
3545	1	2	267	102	2006
3546	1	1	272	95	2008
3547	1	2	268	93	2009
3548	1	1	238	0	2006
3549	1	2	259	90	2008
3550	1	2	267	90	2009
3551	1	1	268	89	2008
3552	1	1	267	98	2007
3553	1	1	239	100	2006
3554	1	1	268	123	2007
3555	1	1	0	95	2009
3556	1	2	255	118	2008
3557	2	1	260	0	2004
3558	1	1	0	91	2009
3559	1	1	267	0	0
3560	1	1	260	90	2008
3561	1	1	245	95	2009
3562	1	2	259	95	2009
3563	1	2	248	86	2006
3564	1	2	262	103	2008
3565	1	1	0	95	2009
3566	2	2	245	102	2005
3567	1	1	0	95	2009
3568	1	1	252	100	2006
3569	1	1	267	0	2007
3570	1	2	260	95	2008
3571	1	2	268	95	2009
3572	1	1	0	95	2009
3573	1	2	255	0	2006
3574	4	2	0	0	0
3575	1	0	268	126	2006
3576	1	0	0	143	0
3577	1	1	0	88	2008
3578	1	2	239	102	2008
