id	status	gender	major	dorm	year
1	1	1	268	0	2007
2	5	1	291	0	2005
3	5	1	279	0	2008
4	5	0	0	0	0
5	1	1	249	89	2008
6	2	1	273	0	2002
7	1	1	278	90	2008
8	2	1	260	0	2005
9	1	1	288	90	2009
10	2	1	245	0	2005
11	2	1	261	0	2005
12	2	1	236	0	2005
13	5	1	273	0	2006
14	1	1	268	92	2009
15	1	1	268	92	2009
16	5	1	259	0	2006
17	5	1	0	91	2006
18	1	1	249	89	2008
19	1	1	245	90	2009
20	1	1	264	93	2004
21	1	1	251	94	2007
22	1	1	248	93	2007
23	5	1	0	0	0
24	1	1	238	93	0
25	1	1	268	86	2006
26	5	2	259	91	2005
27	1	1	0	0	0
28	1	1	248	94	2007
29	1	1	257	0	2006
30	1	1	273	89	2008
31	1	1	288	87	2006
32	1	1	245	94	2009
33	1	1	273	92	2008
34	1	1	247	0	1926
35	1	1	0	90	2009
36	1	1	0	0	2009
37	1	1	261	93	2006
38	1	1	281	0	2008
39	1	1	270	92	2009
40	2	1	240	0	2005
41	1	1	273	90	2008
42	1	1	242	86	2006
43	2	1	251	0	2005
44	1	1	288	0	2007
45	1	1	269	88	2005
46	5	2	0	94	2006
47	5	1	258	91	0
48	1	1	251	89	2007
49	5	1	249	0	2006
50	1	1	273	94	2009
51	1	1	239	94	2009
52	1	1	264	93	2005
53	1	1	281	92	2009
54	1	1	263	89	2008
55	1	1	247	92	2008
56	1	1	238	90	2009
57	1	1	280	94	2009
58	2	1	283	0	2005
59	1	1	291	90	2009
60	1	1	249	92	2009
61	1	1	257	92	0
62	1	1	239	0	2008
63	1	1	273	0	2007
64	1	1	256	86	2006
65	1	1	0	87	2008
66	1	1	256	92	2009
67	2	1	268	0	2005
68	1	1	280	93	2006
69	1	1	270	0	0
70	1	1	270	0	2008
71	1	1	249	0	2006
72	1	0	238	95	2007
73	5	1	273	0	2007
74	1	1	263	86	2007
75	1	1	245	0	2007
76	1	1	249	94	2009
77	5	1	0	0	0
78	1	1	254	95	2006
79	1	0	0	0	2008
80	1	1	288	94	2008
81	4	2	0	0	0
82	1	1	0	92	2008
83	1	1	0	90	2009
84	1	1	257	89	2008
85	1	1	242	92	2008
86	1	1	281	92	2009
87	1	1	286	86	2007
88	2	1	281	0	2005
89	1	1	248	88	2005
90	1	1	277	0	2006
91	1	1	260	93	2007
92	1	1	238	0	2007
93	1	0	251	87	2006
94	2	1	242	0	2005
95	1	1	263	86	2007
96	1	1	239	94	2009
97	1	1	240	94	2006
98	1	1	240	0	2007
99	1	1	278	92	2009
100	1	1	268	92	2009
101	1	1	269	0	2007
102	1	1	260	92	2009
103	1	1	239	94	2008
104	1	1	0	92	2009
105	2	1	240	0	2005
106	1	1	268	90	2009
107	1	1	277	0	2005
108	2	1	281	0	2005
109	1	1	239	86	2006
110	1	1	239	93	2006
111	2	0	281	0	2005
112	1	1	277	92	2009
113	1	1	274	0	2007
114	1	1	273	87	2008
115	2	1	264	0	2004
116	1	1	281	0	2007
117	1	1	248	89	2008
118	2	1	251	0	0
119	1	1	257	90	2008
120	1	1	242	90	2008
121	2	1	248	0	2005
122	5	1	251	0	2006
123	1	1	263	0	2007
124	1	1	280	92	2004
125	1	1	0	92	2009
126	1	1	268	87	2007
127	1	1	263	88	2006
128	1	1	251	93	2006
129	1	1	268	0	2007
130	1	1	268	90	2009
131	2	1	238	0	2005
132	1	1	236	88	2006
133	1	1	249	87	2008
134	1	1	288	0	2006
135	1	1	281	90	2009
136	1	1	281	91	2006
137	1	0	0	0	0
138	1	1	245	0	2006
139	1	1	0	0	0
140	1	1	245	92	2009
141	1	1	269	92	2008
142	1	1	273	0	2008
143	1	0	0	0	0
144	1	0	0	0	0
145	1	1	289	89	2008
146	1	1	268	88	2006
147	5	1	0	0	2006
148	2	1	251	88	2005
149	1	1	268	86	2007
150	1	1	268	87	2008
151	1	1	245	0	2006
152	1	0	238	89	2008
153	1	1	287	0	2006
154	1	1	240	0	2006
155	1	1	245	94	2007
156	1	1	0	0	2007
157	1	1	245	94	0
158	1	1	273	92	2009
159	1	1	292	90	2009
160	2	1	0	0	0
161	1	1	281	0	2007
162	1	1	273	86	2007
163	1	1	245	89	2008
164	1	1	273	0	2009
165	1	1	267	0	2007
166	1	0	252	0	0
167	1	1	268	90	2009
168	1	1	273	92	2009
169	1	1	238	94	2007
170	1	1	245	0	2006
171	1	1	261	92	2009
172	1	1	261	0	2008
173	1	1	268	90	2009
174	1	1	0	0	2009
175	1	1	280	0	2006
176	1	1	245	0	2008
177	1	1	268	90	2009
178	1	1	268	90	2009
179	1	0	240	0	2007
180	1	0	245	0	2007
181	1	1	281	0	2006
182	1	0	0	0	0
183	1	1	240	93	2006
184	1	1	263	0	2007
185	1	1	239	0	2008
186	1	1	270	0	0
187	1	1	261	0	0
188	1	1	240	92	2009
189	1	1	288	89	2006
190	2	1	274	0	2005
191	1	1	281	0	2006
192	2	1	249	0	2005
193	1	1	261	88	2006
194	2	1	257	0	2005
195	1	1	281	95	2007
196	1	1	251	92	2009
197	1	1	268	94	2008
198	1	1	251	0	2007
199	1	1	245	93	2006
200	1	1	280	92	2009
201	1	1	251	89	2007
202	1	1	249	87	2008
203	1	1	271	94	2008
204	1	1	249	90	2009
205	1	1	253	88	2006
206	1	1	0	0	2007
207	1	1	287	0	2005
208	1	1	281	86	2007
209	1	1	245	90	2009
210	1	1	239	0	2007
211	1	1	264	0	2007
212	1	1	277	93	2007
213	1	1	288	0	2009
214	1	1	261	89	0
215	1	1	281	0	2007
216	2	0	261	0	2005
217	1	1	249	92	2009
218	1	1	0	92	2009
219	1	1	269	0	2007
220	1	2	261	0	0
221	1	1	284	92	2009
222	1	0	0	0	0
223	1	1	245	92	2009
224	1	1	0	0	2008
225	1	1	269	90	2009
226	1	1	268	87	2008
227	1	1	251	0	2005
228	1	1	268	0	2007
229	1	1	292	0	2006
230	1	1	273	0	2006
231	1	1	245	86	2008
232	1	1	268	92	0
233	1	1	251	0	0
234	1	1	0	92	2009
235	1	1	269	87	2007
236	1	1	0	94	0
237	1	1	0	90	2008
238	1	1	240	86	2008
239	1	1	249	92	2009
240	1	1	273	0	2007
241	1	1	245	0	2007
242	4	0	292	0	2002
243	2	1	281	0	2005
244	1	1	268	0	2006
245	1	1	268	0	0
246	1	1	0	90	2009
247	1	1	268	92	2009
248	5	2	259	0	0
249	1	1	260	0	2005
250	1	1	287	0	2006
251	1	1	289	94	2008
252	1	1	245	93	2006
253	5	1	269	0	2006
254	1	1	239	94	2008
255	1	1	260	0	2006
256	1	1	0	0	2007
257	1	1	268	90	2009
258	1	1	277	92	2007
259	1	1	249	92	2009
260	1	1	261	92	2009
261	1	1	248	87	2008
262	1	0	0	0	0
263	1	1	268	0	2006
264	1	1	0	0	2008
265	1	1	0	92	2009
266	1	1	257	0	2006
267	1	1	249	86	2008
268	2	1	288	0	2004
269	1	1	280	88	2006
270	2	1	248	0	2004
271	1	1	281	93	0
272	1	0	281	88	2005
273	1	0	249	0	0
274	2	1	292	0	2005
275	1	1	281	88	2006
276	1	1	253	92	2009
277	1	1	277	87	2008
278	1	1	281	87	2007
279	1	0	0	87	2008
280	1	1	281	89	2008
281	1	1	245	89	2008
282	1	1	251	93	2008
283	1	1	272	86	2007
284	5	1	249	0	2005
285	1	1	279	94	2008
286	1	1	245	0	2008
287	1	1	252	0	2009
288	1	1	278	92	2008
289	5	1	273	0	0
290	1	1	261	0	2005
291	1	1	268	0	2007
292	1	1	268	87	2008
293	1	1	278	92	2009
294	1	0	0	0	0
295	1	0	0	0	0
296	1	1	268	86	2007
297	1	1	245	0	2009
298	2	1	249	0	2005
299	1	1	261	93	2006
300	1	1	269	92	2009
301	1	1	264	88	2006
302	3	0	0	0	0
303	2	1	248	0	2005
304	1	1	277	92	2008
305	1	1	268	89	2008
306	1	1	239	89	2008
307	1	1	240	93	0
308	1	1	245	89	2008
309	1	0	0	0	0
310	1	1	268	92	2008
311	5	1	244	0	0
312	1	0	271	92	0
313	1	1	268	92	2009
314	1	1	270	90	2009
315	1	1	257	92	2009
316	4	2	0	0	0
317	1	1	280	0	2007
318	1	1	273	0	2007
319	1	1	268	86	2008
320	1	1	245	0	2008
321	2	1	251	0	2005
322	1	1	238	93	2006
323	2	1	238	0	2005
324	1	1	236	88	2006
325	1	1	245	91	2008
326	1	1	281	92	2009
327	1	1	277	89	2008
328	1	1	238	0	0
329	1	1	281	90	2009
330	1	1	260	88	2006
331	1	1	268	0	2008
332	1	1	268	92	2009
333	1	1	252	0	2006
334	2	1	236	94	2003
335	1	1	278	0	2006
336	1	1	239	95	2008
337	1	1	288	89	2007
338	1	1	273	0	2007
339	1	1	278	87	2007
340	2	1	264	0	2004
341	1	1	239	89	2008
342	1	1	273	87	2007
343	1	1	0	0	2009
344	1	1	242	90	2004
345	1	1	273	0	2009
346	1	1	271	0	2008
347	1	1	277	87	2007
348	1	1	251	89	2006
349	1	1	267	0	2008
350	1	1	284	0	2007
351	1	1	281	94	2008
352	1	0	0	0	0
353	1	1	249	86	2007
354	1	1	273	0	2007
355	1	1	239	0	2009
356	1	1	268	92	2009
357	1	1	268	0	2006
358	1	1	257	93	2006
359	1	1	281	87	2007
360	1	1	253	0	2007
361	1	1	273	95	2007
362	1	1	273	90	2009
363	1	1	281	87	2007
364	1	1	281	92	2004
365	1	1	268	0	2006
366	1	1	277	88	2006
367	1	1	281	0	2009
368	1	1	260	94	0
369	1	1	251	89	2008
370	2	1	277	94	2005
371	1	1	268	0	2006
372	2	1	272	0	2005
373	1	1	240	0	2007
374	1	1	236	0	2008
375	1	1	265	94	2008
376	1	1	249	89	2008
377	1	1	263	0	2008
378	1	1	281	92	2009
379	2	1	261	0	2005
380	1	1	272	93	2006
381	1	1	268	90	2007
382	1	1	268	95	2008
383	1	1	268	92	2009
384	1	1	256	0	2009
385	1	1	288	90	2009
386	1	1	268	90	2009
387	1	1	245	89	2008
388	1	1	242	92	2009
389	1	1	240	94	2009
390	1	1	268	87	2007
391	1	1	264	0	2008
392	1	1	269	87	2007
393	1	1	238	94	2008
394	1	1	245	94	2008
395	1	1	281	90	2009
396	1	1	270	89	2007
397	1	1	268	0	2006
398	1	1	268	0	2008
399	1	1	280	0	2009
400	1	1	278	0	2009
401	1	1	261	89	2008
402	1	1	238	95	2008
403	1	1	249	92	2008
404	1	1	273	90	0
405	1	1	281	89	2008
406	1	1	260	92	2008
407	1	1	264	0	2007
408	1	1	268	90	2009
409	1	1	249	0	2006
410	1	1	263	92	2009
411	5	1	267	0	2005
412	1	1	277	89	2008
413	1	1	245	0	2006
414	1	1	264	0	2007
415	2	1	268	0	2005
416	1	1	239	92	2009
417	1	0	281	0	2006
418	1	1	281	0	2006
419	1	1	288	86	2007
420	1	1	247	90	2009
421	1	1	277	93	2006
422	4	0	0	0	0
423	1	1	240	87	2008
424	1	1	268	0	2006
425	1	1	287	87	2008
426	1	0	0	0	2008
427	1	1	239	90	2009
428	1	1	273	92	0
429	1	1	268	90	2008
430	1	1	0	0	2008
431	1	1	268	90	2009
432	5	1	273	0	2006
433	1	1	238	0	2007
434	1	1	268	88	2006
435	1	1	273	92	2009
436	1	0	0	0	0
437	1	1	0	87	2008
438	1	1	0	87	2008
439	1	1	268	94	2007
440	1	1	245	0	2007
441	1	1	281	86	2006
442	1	1	278	90	2008
443	1	1	0	90	2009
444	1	1	281	90	2008
445	2	1	236	93	2005
446	1	1	251	94	2008
447	1	1	281	90	2008
448	2	1	255	0	2004
449	1	1	245	0	2009
450	1	1	281	89	2008
451	1	1	236	0	2005
452	1	1	0	89	2008
453	1	1	238	90	2009
454	1	0	0	0	0
455	1	1	260	90	2009
456	1	1	268	0	2007
457	2	1	256	0	2005
458	1	1	273	87	2008
459	1	1	245	89	2007
460	5	1	249	0	2006
461	1	1	251	93	0
462	1	1	245	89	2004
463	1	1	288	0	2006
464	2	1	268	0	2005
465	1	0	0	0	0
466	1	1	249	89	2008
467	1	1	268	90	2009
468	1	1	256	0	2006
469	1	1	291	92	2009
470	1	1	260	0	2009
471	1	1	236	0	2009
472	1	1	245	0	2007
473	2	1	236	0	2005
474	1	1	245	92	2008
475	1	1	281	88	2006
476	2	1	238	0	2005
477	1	1	268	0	2007
478	1	1	273	86	2007
479	1	1	277	0	2006
480	1	0	0	0	0
481	1	1	250	94	0
482	1	1	0	87	2008
483	1	1	0	0	0
484	1	1	273	0	2009
485	1	1	0	87	2007
486	2	1	240	0	2005
487	1	1	257	87	2006
488	1	1	288	87	2006
489	1	1	246	0	0
490	1	1	265	89	2008
491	1	1	251	93	2007
492	1	1	268	90	2009
493	1	1	280	90	2009
494	1	1	271	0	2009
495	2	2	245	0	0
496	1	0	281	94	0
497	1	1	266	92	2009
498	1	1	268	89	2008
499	1	1	281	92	2009
500	1	1	268	0	2007
501	2	1	272	0	2005
502	1	1	239	0	2008
503	1	1	248	0	2007
504	1	1	246	87	2008
505	1	1	279	94	2008
506	1	1	283	89	2007
507	1	1	268	89	2008
508	1	1	273	89	2008
509	1	1	0	92	2008
510	1	1	288	89	2007
511	1	1	268	87	2008
512	1	1	281	89	2007
513	1	1	249	0	2006
514	1	1	260	94	2008
515	1	1	273	94	2008
516	1	1	263	89	2008
517	1	0	283	86	2007
518	1	1	280	90	2009
519	1	1	271	90	2008
520	1	1	279	89	2008
521	1	1	268	0	2007
522	1	1	0	90	2009
523	1	1	265	93	2006
524	1	1	270	90	0
525	1	1	245	87	2008
526	2	1	245	0	2004
527	1	1	281	0	2007
528	5	2	258	91	0
529	1	1	277	0	2006
530	1	1	249	87	2008
531	1	1	249	94	2008
532	1	1	248	89	2008
533	1	1	245	86	2008
534	5	0	0	91	0
535	1	1	239	0	2007
536	1	0	0	0	0
537	1	1	0	0	2007
538	1	1	268	87	2008
539	1	1	273	92	2009
540	1	1	0	92	2009
541	1	1	268	92	2008
542	1	1	273	92	2008
543	2	1	263	0	2005
544	1	1	245	0	2007
545	1	1	249	0	2006
546	1	1	268	92	2009
547	1	1	281	0	2007
548	1	1	273	92	2009
549	2	1	239	0	2005
550	1	1	272	0	2006
551	1	1	245	92	2009
552	1	1	236	86	2006
553	1	1	251	86	2007
554	1	1	238	94	2009
555	1	1	260	0	0
556	1	1	263	0	2006
557	1	1	281	87	2008
558	1	1	268	0	2007
559	5	1	249	91	2006
560	1	1	287	89	2008
561	1	1	238	0	0
562	1	1	277	92	2008
563	1	1	268	0	2006
564	1	1	249	92	2008
565	5	1	268	0	2008
566	1	1	277	89	2008
567	1	1	0	0	0
568	1	1	265	0	2006
569	5	1	273	0	2005
570	1	0	0	0	0
571	1	1	0	0	2008
572	1	1	248	93	2006
573	1	1	245	89	2007
574	1	1	245	0	0
575	1	1	0	0	2009
576	1	2	246	0	2007
577	1	1	281	90	2008
578	1	1	268	94	2008
579	4	2	0	0	0
580	1	1	283	87	2008
581	1	1	268	86	2006
582	1	1	245	92	2009
583	1	1	288	87	2006
584	1	1	273	92	0
585	1	1	238	89	2008
586	1	1	268	87	2008
587	1	1	281	93	2006
588	1	1	240	86	2006
589	1	1	278	90	2009
590	2	1	292	0	2004
591	1	1	277	87	2008
592	1	1	261	89	2008
593	1	1	281	92	2008
594	1	1	245	94	2008
595	1	1	268	95	2008
596	1	1	264	94	2007
597	1	1	243	0	2007
598	1	0	0	0	0
599	1	1	265	0	2007
600	1	1	268	0	2009
601	1	1	245	87	2006
602	1	1	245	90	2009
603	1	1	268	0	2007
604	1	1	249	0	2006
605	1	1	247	94	0
606	1	1	236	94	2008
607	1	1	257	93	2006
608	1	1	263	0	0
609	1	1	251	92	2009
610	1	1	273	94	0
611	2	1	239	0	2005
612	1	1	268	92	2009
613	1	1	251	88	2006
614	2	1	277	0	2005
615	1	1	0	0	2007
616	1	1	268	0	2006
617	1	1	0	92	2009
618	1	1	273	0	2007
619	1	1	268	0	2007
620	2	1	281	94	2004
621	1	1	281	92	2009
622	2	1	245	0	2005
623	1	1	253	93	2008
624	1	0	257	0	2008
625	1	1	251	89	2007
626	1	1	273	86	2007
627	1	1	273	93	2007
628	1	1	271	90	2008
629	2	1	260	0	2005
630	5	1	258	0	0
631	1	1	288	0	2008
632	1	1	268	89	2008
633	1	1	261	0	2006
634	1	1	249	0	2007
635	1	1	273	0	2008
636	1	1	289	86	2007
637	1	1	256	87	2006
638	5	0	291	0	2005
639	1	1	263	88	2006
640	1	1	273	0	2008
641	1	1	245	87	2008
642	2	1	248	0	2005
643	1	1	249	89	2007
644	1	1	249	92	2008
645	1	1	249	87	2008
646	1	1	251	0	2007
647	5	1	251	0	2005
648	1	1	268	0	2007
649	1	1	238	0	2006
650	1	1	245	86	2007
651	5	1	0	91	2005
652	1	1	280	0	2007
653	1	1	273	86	2007
654	1	1	245	92	2009
655	1	1	268	0	0
656	1	1	239	90	2009
657	1	1	240	92	2008
658	1	1	245	0	2006
659	2	1	281	0	2005
660	1	1	292	94	2008
661	1	1	265	0	2006
662	1	1	251	86	2006
663	1	1	268	94	2008
664	1	1	264	0	2006
665	1	1	278	92	2009
666	1	1	0	92	2009
667	1	1	0	0	2008
668	1	1	281	87	2006
669	1	1	260	0	2009
670	1	1	263	0	2007
671	1	0	0	0	0
672	1	1	268	0	2005
673	1	1	281	90	2009
674	1	1	246	95	2007
675	1	1	264	0	2007
676	1	1	281	94	2009
677	1	0	0	0	2008
678	1	1	245	0	2006
679	1	1	264	0	2007
680	2	1	265	0	2005
681	1	1	236	93	2008
682	1	1	268	0	2009
683	1	1	281	88	2006
684	1	1	268	94	2009
685	1	1	254	0	2007
686	2	1	269	0	2004
687	2	1	288	0	2005
688	1	1	252	0	2007
689	1	1	263	87	2008
690	1	1	277	93	2007
691	1	1	268	94	2006
692	1	1	281	87	2007
693	1	1	240	90	2009
694	1	1	0	90	2007
695	1	1	251	0	2008
696	1	1	245	92	2009
697	5	1	258	0	2005
698	1	1	268	92	2008
699	1	1	242	0	0
700	1	0	0	0	2007
701	1	0	0	0	0
702	1	1	257	90	2008
703	1	1	270	89	2008
704	1	1	281	0	2006
705	2	1	280	93	2004
706	2	1	257	0	2005
707	1	1	288	0	2006
708	1	0	273	0	2006
709	1	1	268	95	2008
710	2	0	0	0	0
711	1	1	280	86	2006
712	1	1	249	87	2007
713	2	1	239	0	2005
714	1	1	261	92	2008
715	1	1	260	0	2006
716	1	1	268	0	2007
717	1	1	277	88	2004
718	1	1	279	95	2008
719	1	1	242	86	2008
720	1	1	0	90	2008
721	1	1	0	0	2009
722	1	1	268	86	0
723	1	1	277	0	2006
724	1	1	248	0	2007
725	1	0	268	0	0
726	2	0	256	0	2004
727	1	1	284	93	2006
728	1	1	268	0	2008
729	1	1	245	87	2007
730	1	1	281	0	2006
731	1	1	0	92	2008
732	1	1	245	0	2006
733	1	1	291	0	2007
734	1	1	242	87	2008
735	1	1	269	86	2007
736	2	0	272	0	2004
737	1	1	268	0	2007
738	1	1	260	93	2007
739	1	1	257	86	2007
740	1	1	0	0	2009
741	1	1	264	0	2007
742	1	1	279	0	2006
743	1	1	239	92	2006
744	1	1	283	92	2009
745	1	1	251	86	2007
746	1	1	248	87	2006
747	1	1	251	87	2008
748	1	1	268	94	2008
749	1	1	281	92	2009
750	1	1	0	89	2008
751	1	1	278	86	2006
752	1	1	277	90	2009
753	1	1	239	0	2007
754	5	1	257	0	2005
755	1	1	268	0	2006
756	1	0	0	92	2009
757	1	1	284	0	0
758	1	0	245	0	0
759	1	0	0	0	0
760	1	1	239	0	2007
761	1	1	268	94	2008
762	2	1	281	0	2005
763	1	1	245	94	2008
764	1	1	0	0	2008
765	1	1	273	90	2009
766	1	1	279	0	2008
767	1	1	257	94	2007
768	1	1	245	89	2008
769	1	1	0	89	2008
770	1	1	279	92	2008
771	2	1	281	0	2005
772	2	0	263	0	2005
773	1	1	277	0	2007
774	1	1	286	90	2005
775	1	1	0	90	2009
776	1	1	0	0	0
777	1	1	281	0	2007
778	1	1	281	86	2007
779	1	1	242	0	2006
780	1	1	283	0	2007
781	4	2	0	0	0
782	1	0	261	0	2007
783	2	1	280	0	2005
784	1	1	268	90	2009
785	1	1	245	92	2009
786	5	1	251	91	2005
787	1	1	269	89	2007
788	1	1	284	0	2006
789	2	1	0	0	2005
790	1	1	260	0	2006
791	1	1	272	0	2005
792	2	1	277	0	2005
793	1	1	288	0	2006
794	1	1	281	89	2007
795	1	1	267	93	2007
796	1	1	245	0	2007
797	1	1	288	94	2008
798	1	1	0	92	2008
799	1	1	249	92	2009
800	1	1	264	0	2008
801	1	1	245	0	2007
802	1	1	273	94	2005
803	1	1	277	87	2008
804	1	1	263	89	2007
805	1	1	273	90	0
806	5	1	244	0	2006
807	1	1	278	90	2009
808	1	1	245	90	2009
809	1	1	251	86	2007
810	1	1	273	92	2009
811	1	1	281	94	2008
812	1	1	280	0	2006
813	5	2	268	0	2006
814	1	1	273	0	2008
815	1	1	249	88	2006
816	5	1	249	0	2005
817	5	1	273	0	2007
818	1	1	260	0	2006
819	1	1	239	86	2007
820	1	1	261	94	2008
821	1	1	245	92	2009
822	1	1	269	0	2007
823	1	1	238	0	2009
824	2	1	287	88	2005
825	1	1	251	94	2008
826	1	1	249	0	2006
827	1	1	277	92	2009
828	1	1	263	86	2006
829	1	1	236	90	2008
830	1	1	268	95	2007
831	1	1	271	0	0
832	1	1	238	92	2009
833	1	1	238	87	2007
834	5	0	251	0	0
835	2	1	269	0	0
836	1	1	273	92	2010
837	1	0	0	0	0
838	1	1	266	90	2009
839	1	1	249	92	2008
840	1	1	288	0	2006
841	1	1	236	90	2009
842	1	1	0	86	2008
843	1	1	240	86	2007
844	1	1	268	89	2008
845	1	1	265	89	2008
846	1	1	281	95	2007
847	2	1	281	0	2005
848	1	1	292	0	2008
849	1	1	273	87	2008
850	1	1	281	92	2008
851	1	1	288	89	2007
852	5	1	249	0	0
853	1	1	245	90	2008
854	1	1	0	0	2008
855	1	1	249	89	2007
856	5	1	273	0	2008
857	1	1	251	86	0
858	1	0	0	0	0
859	1	1	245	87	2008
860	1	1	263	0	2009
861	2	1	263	0	2005
862	1	1	261	0	2007
863	1	1	250	90	2008
864	1	1	268	86	2008
865	1	1	243	0	2005
866	1	0	239	93	2007
867	1	1	0	95	2008
868	1	1	254	86	2006
869	1	1	280	88	2006
870	1	0	0	0	0
871	1	1	287	94	2007
872	1	1	245	94	2009
873	1	1	273	92	2008
874	2	1	239	0	2005
875	1	1	242	92	2008
876	1	1	280	88	2006
877	1	1	245	93	2005
878	1	1	0	0	2008
879	1	1	265	0	2007
880	1	1	0	92	2009
881	1	1	249	86	2007
882	5	2	258	0	2006
883	1	1	251	0	2007
884	1	1	281	0	2006
885	1	1	0	92	2009
886	1	1	260	87	2008
887	1	1	278	87	2007
888	1	1	268	92	2004
889	1	1	278	0	2007
890	1	1	264	0	2009
891	1	1	273	87	2007
892	1	1	238	0	2006
893	1	1	270	86	2006
894	1	1	268	0	2006
895	1	1	248	0	2006
896	1	1	264	87	0
897	1	1	248	0	2008
898	5	1	249	0	2006
899	1	1	288	87	2006
900	1	1	268	89	2008
901	1	1	0	92	2009
902	1	1	251	93	2007
903	1	1	281	0	2007
904	1	1	281	87	2007
905	1	1	0	93	2007
906	1	1	273	94	2008
907	1	1	268	87	2008
908	1	1	268	0	2006
909	1	1	256	0	2006
910	1	1	249	92	2009
911	1	1	278	87	2008
912	1	1	242	89	2008
913	5	2	281	0	2007
914	2	1	268	0	2004
915	1	1	272	0	2008
916	1	1	277	0	2007
917	1	1	273	88	2006
918	1	1	245	94	2009
919	1	1	273	92	2009
920	1	1	280	92	2009
921	1	1	268	0	0
922	1	0	0	0	0
923	1	1	239	0	2008
924	1	1	268	86	2007
925	1	1	251	89	2008
926	1	1	261	86	0
927	1	1	240	86	2006
928	1	1	251	90	2009
929	1	1	269	93	2006
930	1	1	273	89	0
931	1	1	270	92	2009
932	2	1	280	0	2005
933	5	1	245	0	2005
934	1	1	236	87	2005
935	1	1	250	92	2008
936	1	1	291	89	2008
937	2	1	261	0	2005
938	1	1	278	0	2009
939	1	1	268	92	2007
940	1	1	269	90	2009
941	1	1	0	0	2008
942	1	1	281	92	2008
943	5	1	270	0	0
944	5	1	273	0	2004
945	1	1	239	86	2006
946	1	1	251	94	2008
947	1	1	249	91	2005
948	1	1	289	90	2006
949	1	1	292	0	2007
950	1	1	272	0	2007
951	5	1	249	0	2007
952	1	1	245	90	2008
953	1	1	255	92	2009
954	5	0	0	0	0
955	1	1	268	94	2007
956	1	1	283	89	2006
957	1	1	268	0	2007
958	2	1	245	0	2005
959	2	1	264	0	2004
960	1	1	271	89	0
961	1	0	0	0	0
962	5	1	249	0	2005
963	5	1	273	0	0
964	1	1	0	92	2009
965	1	1	268	87	2007
966	1	1	257	92	2006
967	1	1	280	0	2007
968	1	1	0	0	2008
969	1	0	0	0	0
970	1	1	288	89	2007
971	1	1	268	86	2006
972	1	1	261	89	2008
973	1	1	245	87	2008
974	1	1	0	90	2008
975	1	0	0	0	0
976	1	1	242	92	2008
977	1	1	251	92	2009
978	1	1	245	90	2006
979	2	1	245	0	2005
980	1	1	269	0	0
981	1	1	256	0	2006
982	1	0	0	92	2008
983	1	1	268	0	2008
984	1	1	245	94	2008
985	1	1	251	0	2008
986	1	1	249	0	2008
987	1	1	257	87	2008
988	1	1	280	93	2006
989	1	1	0	94	2008
990	1	1	248	92	2008
991	1	1	273	86	2006
992	1	1	245	89	2007
993	1	1	245	93	2006
994	1	1	261	92	2009
995	1	1	267	0	2005
996	1	1	251	0	2009
997	1	1	288	92	2008
998	1	1	281	89	0
999	1	1	269	89	2008
1000	1	1	269	0	2007
1001	1	1	292	0	2007
1002	1	1	251	87	2008
1003	1	1	278	0	2006
1004	5	1	249	0	2005
1005	1	1	268	0	2006
1006	1	1	256	91	2006
1007	1	1	245	0	2007
1008	1	1	0	92	2009
1009	1	0	0	0	0
1010	1	1	275	87	2008
1011	1	1	245	89	2007
1012	2	1	268	0	2005
1013	1	1	283	0	0
1014	1	1	268	0	2004
1015	1	1	243	0	2005
1016	1	1	268	0	2008
1017	1	1	260	0	2008
1018	1	1	248	0	2006
1019	1	1	238	0	2005
1020	1	1	245	86	2007
1021	1	1	240	90	2006
1022	5	1	249	0	2005
1023	1	1	271	94	2009
1024	2	1	258	0	2005
1025	1	1	273	92	2008
1026	2	1	246	0	2005
1027	1	1	280	92	2009
1028	1	1	278	0	2009
1029	1	1	260	89	2007
1030	1	0	268	0	0
1031	1	1	0	0	2009
1032	5	1	249	0	2006
1033	1	1	278	90	2009
1034	4	1	0	0	0
1035	1	1	281	93	2006
1036	1	1	0	92	2009
1037	1	1	249	92	2009
1038	1	1	268	0	2007
1039	1	1	281	0	2006
1040	2	1	245	0	0
1041	1	1	249	0	2006
1042	1	1	238	93	2006
1043	2	1	245	0	2005
1044	1	1	249	89	2008
1045	5	1	0	0	2006
1046	1	1	245	0	2007
1047	1	1	268	0	2006
1048	1	1	268	0	2006
1049	1	1	257	87	2008
1050	1	1	267	0	2007
1051	1	1	268	89	2008
1052	1	1	268	92	2009
1053	1	1	271	92	2009
1054	1	0	288	0	2006
1055	1	1	270	0	2008
1056	1	1	269	92	2009
1057	1	1	239	0	2006
1058	1	1	273	92	2009
1059	1	1	278	88	2006
1060	1	1	273	86	2007
1061	1	1	245	92	2009
1062	1	1	270	90	2008
1063	2	1	238	0	0
1064	1	1	245	0	2007
1065	1	1	236	90	2009
1066	2	1	240	0	2005
1067	1	1	273	87	0
1068	1	1	0	87	2008
1069	1	1	256	0	2006
1070	1	1	236	0	2007
1071	1	1	278	89	2008
1072	1	1	264	92	2009
1073	1	1	277	0	2008
1074	1	1	249	95	2006
1075	2	1	264	0	2005
1076	1	1	268	95	2009
1077	1	1	268	89	2008
1078	1	1	268	94	2007
1079	1	1	270	90	2005
1080	1	1	273	0	2008
1081	2	0	0	0	0
1082	1	1	273	89	2007
1083	1	1	268	0	2007
1084	1	1	264	89	2008
1085	1	0	249	0	2008
1086	1	1	283	93	2006
1087	1	1	249	86	2008
1088	1	1	268	0	2009
1089	1	1	278	90	2009
1090	1	1	245	89	2008
1091	1	1	271	0	0
1092	2	1	249	0	2005
1093	1	1	242	90	2009
1094	1	1	277	94	2008
1095	1	1	271	89	2007
1096	1	1	268	0	0
1097	1	1	236	89	2008
1098	1	1	249	87	2006
1099	1	1	278	0	2009
1100	1	1	251	89	2007
1101	1	1	281	94	2008
1102	1	1	265	86	2008
1103	2	1	239	86	2005
1104	1	1	268	89	2008
1105	1	1	249	92	2008
1106	1	1	268	92	2009
1107	1	1	268	87	2007
1108	1	1	273	89	2008
1109	1	1	284	92	2009
1110	5	1	251	0	2005
1111	1	1	251	86	2006
1112	1	1	240	0	2006
1113	1	1	261	0	2006
1114	1	1	268	92	2008
1115	2	1	277	0	2005
1116	2	1	281	0	2005
1117	1	1	260	0	2006
1118	2	1	261	0	2005
1119	1	1	269	86	2006
1120	1	1	268	90	2009
1121	1	1	281	89	2008
1122	1	1	245	92	0
1123	1	1	261	89	2008
1124	2	1	277	0	2005
1125	1	1	281	94	2008
1126	1	1	249	92	0
1127	2	1	249	0	2005
1128	1	1	239	0	2007
1129	1	1	0	92	2008
1130	1	1	283	0	2007
1131	1	1	256	88	2006
1132	1	1	267	92	2009
1133	1	1	253	0	2007
1134	1	1	268	0	2008
1135	1	1	260	92	2008
1136	1	1	268	92	2008
1137	2	1	277	0	2005
1138	2	1	240	86	2004
1139	1	2	0	0	0
1140	1	1	268	0	0
1141	1	1	279	86	2007
1142	1	1	278	94	2009
1143	1	1	278	94	2009
1144	1	1	283	0	2006
1145	1	1	268	90	2008
1146	1	1	253	88	2006
1147	1	1	268	92	2005
1148	1	1	268	90	2009
1149	1	0	249	0	2007
1150	1	1	249	93	2006
1151	1	1	260	0	2007
1152	1	1	249	92	2008
1153	1	1	281	0	2006
1154	1	1	239	86	2006
1155	1	1	268	89	2008
1156	1	1	281	92	2009
1157	1	1	249	89	2008
1158	1	1	281	93	2006
1159	1	1	277	89	2008
1160	2	1	281	0	2005
1161	1	1	245	93	2007
1162	1	1	281	90	2009
1163	1	1	0	0	2009
1164	1	1	239	0	2007
1165	1	1	292	0	2008
1166	1	1	249	92	2009
1167	1	1	273	0	2008
1168	2	1	287	0	2005
1169	1	0	0	0	0
1170	1	1	0	90	2008
1171	1	1	249	0	0
1172	1	1	251	87	2008
1173	1	1	276	0	2007
1174	1	1	268	86	2007
1175	1	1	273	90	2009
1176	2	1	248	0	2004
1177	1	1	268	90	2009
1178	1	1	240	0	2006
1179	1	1	265	87	2007
1180	1	1	253	0	2008
1181	1	1	239	90	2009
1182	1	1	274	90	2009
1183	1	1	261	0	2005
1184	1	1	281	0	2006
1185	2	1	248	0	2005
1186	1	1	251	90	2009
1187	1	1	264	95	2008
1188	1	1	281	93	2007
1189	1	1	278	0	2008
1190	1	1	268	0	2009
1191	1	1	268	93	2007
1192	1	0	0	0	0
1193	1	1	249	92	2009
1194	1	1	273	89	2008
1195	1	1	268	87	2007
1196	1	1	280	90	0
1197	1	1	238	0	2008
1198	1	1	257	0	2007
1199	1	1	249	0	0
1200	1	1	268	92	2009
1201	1	1	281	0	0
1202	1	1	238	0	2007
1203	1	1	245	0	2006
1204	1	1	0	0	0
1205	1	1	0	92	2009
1206	5	1	258	0	0
1207	1	1	268	89	2007
1208	1	1	264	93	2006
1209	1	1	245	87	2008
1210	5	1	249	0	2005
1211	5	1	249	0	2005
1212	1	1	245	89	2007
1213	1	1	277	90	2007
1214	1	1	239	90	2009
1215	1	1	268	0	2007
1216	1	1	238	87	2008
1217	1	1	249	0	2007
1218	1	1	260	92	2009
1219	1	1	260	0	2008
1220	1	0	0	0	0
1221	1	1	268	87	0
1222	2	1	269	0	2005
1223	1	1	249	94	2007
1224	1	1	268	89	2007
1225	2	1	251	0	2005
1226	2	1	281	93	2005
1227	1	1	239	0	2007
1228	1	1	268	92	2009
1229	1	1	251	93	2005
1230	1	1	268	0	2008
1231	1	1	273	0	0
1232	1	1	235	93	2008
1233	1	0	0	0	0
1234	1	1	268	86	2007
1235	1	1	238	0	2007
1236	1	1	280	0	2006
1237	1	1	269	90	2009
1238	1	1	257	92	0
1239	5	1	251	0	2006
1240	1	1	268	0	2006
1241	1	1	281	87	2007
1242	1	1	260	89	2008
1243	1	1	268	87	2007
1244	1	1	278	87	2007
1245	1	0	245	0	0
1246	2	0	246	0	2005
1247	1	1	288	92	2008
1248	1	1	278	92	2008
1249	5	1	273	0	2006
1250	1	1	268	0	2008
1251	5	0	0	0	0
1252	2	1	281	0	2005
1253	1	1	245	0	2008
1254	1	0	278	86	2006
1255	1	1	287	94	2006
1256	1	1	281	86	2007
1257	1	1	249	92	2009
1258	1	1	268	93	2007
1259	1	1	249	87	2008
1260	1	1	242	89	2007
1261	2	1	280	0	2005
1262	1	1	281	0	2005
1263	1	1	240	93	2005
1264	2	1	249	0	2005
1265	1	1	251	0	2007
1266	1	1	268	0	2007
1267	1	1	256	87	2008
1268	1	1	248	90	2007
1269	1	1	0	90	2009
1270	2	1	292	0	2005
1271	1	1	238	93	2007
1272	1	1	246	94	2007
1273	1	0	0	0	2006
1274	1	1	0	94	2008
1275	1	1	0	89	2008
1276	1	1	270	0	2008
1277	1	1	268	93	2005
1278	1	1	280	87	2006
1279	1	1	264	0	2005
1280	1	1	239	89	2008
1281	1	1	273	94	2007
1282	1	1	245	0	2006
1283	1	1	268	92	2009
1284	1	1	236	92	2008
1285	1	1	269	0	2009
1286	1	1	289	89	2008
1287	1	0	268	0	2008
1288	1	1	268	0	2009
1289	1	1	268	90	2009
1290	1	1	286	89	0
1291	1	1	0	0	2006
1292	5	1	0	0	2005
1293	1	1	264	93	2006
1294	1	1	245	0	2006
1295	1	1	239	90	2009
1296	1	1	292	90	2008
1297	1	1	251	88	2006
1298	5	1	0	0	2007
1299	1	1	281	92	2009
1300	1	1	249	0	2006
1301	1	1	271	92	2008
1302	2	1	260	0	2005
1303	1	1	268	92	2009
1304	1	1	261	92	2008
1305	2	1	267	0	2005
1306	1	1	291	92	2008
1307	1	1	288	0	2007
1308	1	1	264	90	2007
1309	1	1	236	0	0
1310	1	0	0	0	0
1311	1	1	261	0	2008
1312	1	1	279	0	2009
1313	1	1	245	89	2008
1314	1	1	249	0	2005
1315	1	1	268	92	2009
1316	1	1	251	90	2009
1317	1	1	249	93	2008
1318	1	1	269	90	2006
1319	1	1	245	93	2007
1320	1	1	278	92	2009
1321	1	1	261	87	2006
1322	1	1	255	94	2009
1323	1	1	260	0	2008
1324	1	1	273	92	2009
1325	2	1	272	94	2003
1326	4	1	277	0	0
1327	1	1	238	90	2007
1328	1	1	268	89	2008
1329	1	1	238	95	2007
1330	1	1	240	0	2006
1331	1	1	280	86	2006
1332	1	1	288	0	2006
1333	1	1	269	92	2009
1334	1	1	268	0	2007
1335	1	1	0	90	2009
1336	1	1	253	0	2007
1337	1	1	239	0	2006
1338	1	1	278	90	2009
1339	1	1	280	86	2006
1340	1	0	0	89	2008
1341	1	1	273	0	0
1342	1	1	289	92	2009
1343	1	1	273	0	2009
1344	1	1	281	89	2007
1345	1	1	268	89	2008
1346	1	1	239	0	2006
1347	4	2	0	0	0
1348	1	1	242	92	2009
1349	1	1	0	92	2009
1350	1	1	245	0	2008
1351	1	1	236	0	0
1352	1	1	249	92	2008
1353	1	1	261	0	0
1354	2	0	0	0	0
1355	1	1	249	92	2009
1356	1	1	268	0	2007
1357	5	1	273	0	2005
1358	1	1	268	94	2008
1359	1	1	268	86	2007
1360	1	1	268	87	2008
1361	1	1	273	0	2007
1362	1	1	251	90	2006
1363	1	1	0	92	2009
1364	2	1	283	0	2004
1365	1	1	268	92	2009
1366	1	1	269	94	2009
1367	1	2	249	0	0
1368	1	1	257	0	2008
1369	1	0	0	0	0
1370	1	1	260	90	2009
1371	1	1	239	0	2009
1372	1	0	0	0	0
1373	1	1	278	0	2006
1374	1	1	260	92	2009
1375	1	1	273	86	2007
1376	1	1	249	87	2006
1377	1	1	273	90	2009
1378	1	1	260	92	2009
1379	1	1	278	0	2008
1380	1	1	249	87	2007
1381	1	1	268	93	2006
1382	1	1	272	86	2006
1383	1	1	239	90	2009
1384	2	1	255	0	2004
1385	1	1	236	92	2008
1386	1	1	248	93	2005
1387	1	1	268	92	2009
1388	1	1	249	86	2007
1389	1	0	268	92	2008
1390	1	1	238	0	0
1391	1	1	268	86	2007
1392	1	1	240	92	2009
1393	1	1	256	92	2008
1394	1	1	264	0	2006
1395	2	1	248	0	2005
1396	2	1	281	0	2005
1397	1	1	268	92	2009
1398	1	1	268	93	2006
1399	1	1	249	92	2008
1400	1	1	277	0	2009
1401	1	1	251	86	2007
1402	1	1	268	0	2008
1403	1	0	0	0	0
1404	1	1	243	0	2008
1405	1	1	0	87	2008
1406	1	1	273	90	2008
1407	1	1	249	90	2009
1408	1	1	248	89	2008
1409	2	1	264	0	0
1410	1	1	260	86	2007
1411	2	1	249	93	1970
1412	1	1	238	0	2008
1413	1	1	257	87	2006
1414	1	1	270	92	2009
1415	1	1	0	89	2008
1416	1	1	239	90	2009
1417	1	1	245	89	2008
1418	1	1	281	87	2007
1419	1	1	246	86	2007
1420	1	1	245	0	2009
1421	1	1	264	0	2007
1422	1	1	249	93	2006
1423	1	1	284	0	2005
1424	1	1	0	89	2008
1425	1	1	265	87	2007
1426	1	1	235	0	2010
1427	1	1	260	0	0
1428	1	1	268	89	2007
1429	1	1	280	86	2007
1430	1	1	281	90	2009
1431	1	1	273	89	2006
1432	1	1	264	0	2007
1433	1	1	273	89	2007
1434	2	1	281	0	2005
1435	1	1	278	92	2009
1436	1	1	240	0	2009
1437	1	1	277	0	2006
1438	1	0	0	0	0
1439	1	1	251	86	2006
1440	1	1	245	92	2009
1441	1	1	273	0	2008
1442	1	1	261	92	2009
1443	1	0	273	89	2008
1444	2	0	236	0	2005
1445	1	1	251	0	2007
1446	1	1	251	0	2007
1447	1	1	280	94	2009
1448	1	1	0	92	2008
1449	1	1	284	92	2009
1450	1	1	268	0	2006
1451	1	1	249	0	0
1452	1	0	0	0	0
1453	1	1	253	0	2007
1454	1	1	278	92	2005
1455	1	1	268	0	2009
1456	1	1	273	0	2007
1457	1	1	238	87	2007
1458	1	1	268	0	2007
1459	1	1	268	92	2009
1460	1	1	245	90	0
1461	2	1	251	0	2005
1462	1	1	281	86	2007
1463	1	1	245	86	2007
1464	1	1	268	0	2007
1465	1	1	251	0	2008
1466	1	1	277	0	2007
1467	1	1	240	0	2006
1468	2	1	281	0	2005
1469	1	1	245	87	2008
1470	1	1	260	0	2007
1471	1	1	268	89	2008
1472	1	1	268	92	2009
1473	1	1	268	87	2008
1474	1	1	264	93	2006
1475	1	1	283	90	2009
1476	1	1	239	90	2009
1477	1	1	268	86	2007
1478	1	1	273	90	2009
1479	1	0	281	87	2007
1480	1	1	248	94	0
1481	1	1	257	89	2008
1482	1	1	268	90	2009
1483	1	1	268	0	2008
1484	1	1	237	93	2005
1485	1	1	281	88	2005
1486	1	1	273	92	2009
1487	1	0	248	0	2006
1488	1	1	249	0	2006
1489	1	1	251	0	2006
1490	1	1	238	0	2006
1491	1	1	283	0	2008
1492	2	1	251	0	2005
1493	1	1	236	86	2007
1494	1	1	260	87	2008
1495	1	1	268	94	2008
1496	1	1	261	0	2008
1497	1	1	268	92	2009
1498	5	1	0	94	2006
1499	1	1	263	92	2008
1500	1	1	0	92	2009
1501	5	1	249	0	2005
1502	1	1	243	0	2006
1503	1	0	0	87	2008
1504	1	1	288	89	2008
1505	1	1	0	0	2007
1506	1	1	273	87	0
1507	1	1	0	92	2009
1508	1	1	268	0	0
1509	1	1	249	92	2008
1510	1	1	273	86	2006
1511	1	1	251	0	2006
1512	1	1	245	87	2008
1513	1	1	260	0	2007
1514	1	1	239	90	2009
1515	1	1	249	0	2007
1516	2	1	249	0	2005
1517	2	1	283	0	2005
1518	1	1	278	89	2007
