id	status	gender	major	dorm	year
1	2	1	251	107	2005
2	1	0	254	121	2007
3	2	1	253	0	2005
4	1	1	248	122	2006
5	1	1	250	111	2007
6	1	1	260	100	2007
7	1	1	252	89	2007
8	1	1	240	92	2006
9	1	1	0	94	2008
10	1	1	0	120	2009
11	1	1	253	113	2005
12	1	1	272	97	2006
13	1	1	254	102	2008
14	1	1	239	0	2006
15	1	1	257	94	2008
16	1	1	250	108	2005
17	2	1	250	106	2004
18	1	1	238	122	2009
19	1	1	268	92	2007
20	2	1	257	88	2005
21	1	1	253	0	2006
22	1	1	0	106	2009
23	1	1	278	117	2007
24	2	1	257	0	2005
25	1	1	268	117	2006
26	1	1	250	108	2006
27	1	1	254	95	2006
28	1	1	0	88	2008
29	2	1	250	106	2005
30	1	0	0	0	0
31	1	1	250	0	2006
32	1	1	0	113	2008
33	1	1	273	120	2007
34	1	1	260	119	2009
35	1	0	236	116	0
36	1	1	275	94	2008
37	1	1	259	87	2008
38	1	1	257	89	2009
39	1	1	241	99	2008
40	2	1	242	113	2004
41	1	1	0	117	2009
42	3	1	0	0	1984
43	1	1	253	97	0
44	1	1	240	112	2007
45	1	1	260	114	2007
46	2	1	257	115	2005
47	2	0	0	109	2003
48	1	1	235	97	2008
49	2	1	250	123	2005
50	2	1	241	121	2005
51	1	1	238	115	2007
52	1	1	241	102	2008
53	1	1	278	108	2008
54	1	1	270	99	2008
55	2	1	272	0	2005
56	5	1	272	0	2005
57	1	1	236	0	2006
58	1	0	0	117	2008
59	1	1	0	105	2009
60	1	1	238	0	2006
61	2	1	249	0	2004
62	2	1	260	115	2005
63	1	1	257	122	2008
64	1	1	250	115	2008
65	1	1	265	117	2007
66	1	1	251	88	2008
67	1	1	241	0	2007
68	1	1	268	110	2006
69	2	1	246	0	2000
70	1	0	272	122	0
71	3	2	259	0	0
72	1	1	0	109	2009
73	1	1	259	90	2006
74	1	0	0	0	0
75	1	1	0	100	2009
76	1	1	278	117	2009
77	1	1	248	106	2006
78	1	1	277	88	0
79	1	1	253	119	2008
80	1	1	245	117	2007
81	1	1	243	100	2008
82	1	1	250	106	2007
83	2	1	272	87	2005
84	1	1	279	99	2008
85	1	1	260	90	2007
86	1	1	259	87	2008
87	1	1	250	97	2008
88	1	0	0	0	0
89	2	1	0	122	2004
90	1	0	250	121	2006
91	2	1	237	0	2005
92	1	1	0	99	2009
93	2	1	272	91	2005
94	1	0	0	0	0
95	1	1	241	119	2006
96	1	1	241	105	2008
97	2	1	257	99	0
98	2	0	0	0	0
99	1	1	281	94	2008
100	1	0	0	0	0
101	2	1	260	115	2004
102	1	1	241	92	2006
103	2	0	252	0	2005
104	2	1	257	92	2005
105	1	1	237	91	2006
106	1	1	259	107	2006
107	2	1	0	106	2004
108	1	1	0	0	2008
109	2	0	276	111	2005
110	1	1	0	111	2009
111	1	0	0	0	0
112	2	1	241	119	2005
113	1	1	257	115	2008
114	1	1	253	117	2006
115	1	1	276	102	2008
116	1	0	0	0	0
117	1	1	267	113	2008
118	1	1	257	109	2008
119	1	1	278	114	0
120	1	1	265	93	2006
121	1	1	253	121	2008
122	1	1	257	90	2006
123	1	1	241	122	2009
124	1	1	236	92	2006
125	1	1	257	117	2009
126	1	0	0	0	0
127	1	1	0	94	2009
128	1	1	272	0	2006
129	1	1	253	107	2009
130	1	1	253	102	2006
131	1	1	274	100	2007
132	1	1	259	114	2007
133	2	1	265	108	2005
134	1	1	276	97	2007
135	1	1	257	93	2007
136	1	1	250	95	2007
137	2	1	250	0	2004
138	1	1	262	122	2009
139	1	1	265	93	2008
140	2	1	0	113	0
141	2	1	249	0	2005
142	1	1	268	114	2009
143	1	1	260	105	2006
144	1	1	257	99	2007
145	2	1	241	93	2005
146	1	1	272	99	2008
147	1	1	252	88	2007
148	1	1	268	121	2007
149	2	1	237	0	2005
150	1	1	260	121	2007
151	1	0	0	100	0
152	1	1	268	107	2007
153	1	1	236	0	2006
154	1	1	251	122	2006
155	1	1	268	106	2008
156	1	1	276	122	2006
157	1	1	277	92	2007
158	2	1	273	0	2005
159	1	1	275	114	2006
160	1	1	253	99	2006
161	1	1	235	120	2008
162	2	1	265	92	2005
163	1	1	250	0	2005
164	1	1	259	121	2009
165	1	1	271	122	2006
166	1	1	235	97	2006
167	1	1	277	0	2006
168	1	1	0	88	2009
169	1	1	237	112	2006
170	1	1	250	94	2008
171	1	1	260	0	2007
172	1	1	276	88	2007
173	1	1	0	123	2008
174	1	1	260	107	2008
175	1	1	262	111	2008
176	1	1	268	119	2009
177	1	1	275	123	2008
178	1	1	279	112	2006
179	1	1	0	99	2009
180	2	1	252	88	2005
181	2	1	235	91	2005
182	1	1	251	111	2006
183	1	1	241	116	2008
184	2	1	270	119	2004
185	1	1	253	112	0
186	1	1	236	106	2007
187	1	0	259	113	2006
188	1	0	0	0	0
189	1	1	0	0	0
190	1	1	240	122	2007
191	1	1	241	89	2006
192	1	1	0	0	0
193	1	1	253	94	2008
194	2	1	241	100	2004
195	1	1	276	106	2007
196	1	1	278	88	2006
197	1	1	250	115	2008
198	1	1	279	88	2009
199	1	0	250	119	2006
200	1	1	265	120	2008
201	1	1	259	100	2008
202	1	1	269	100	2007
203	1	1	253	97	2008
204	1	1	0	123	2008
205	1	1	275	0	2007
206	1	1	259	110	2007
207	1	1	253	111	2008
208	1	0	0	0	0
209	1	1	0	89	2008
210	2	1	251	0	2005
211	2	1	237	0	2005
212	1	1	250	121	2006
213	2	1	246	92	2004
214	1	1	255	0	2006
215	1	1	242	113	2008
216	2	1	266	98	2005
217	2	1	255	97	2005
218	1	0	275	116	2007
219	2	1	257	122	2005
220	1	1	245	0	0
221	1	1	251	104	2006
222	3	2	267	0	0
223	1	1	268	122	2008
224	1	1	250	108	2006
225	2	0	0	0	0
226	1	1	265	89	2006
227	1	1	250	0	2006
228	1	1	0	92	2009
229	1	1	265	89	2008
230	1	1	0	121	2009
231	2	1	278	0	2005
232	2	1	237	121	2005
233	2	1	272	100	2005
234	1	1	236	93	2007
235	1	1	238	106	2006
236	1	1	250	93	2007
237	1	1	259	90	2007
238	1	1	272	112	2007
239	2	1	0	92	2005
240	1	1	272	111	2005
241	1	1	272	0	2007
242	1	1	260	110	2006
243	1	1	251	88	2007
244	1	1	272	114	2005
245	1	1	277	120	2009
246	1	1	241	91	2007
247	1	0	272	0	0
248	1	1	250	100	2006
249	1	1	239	107	2006
250	2	1	275	106	2005
251	1	1	238	100	2008
252	1	1	253	102	2005
253	2	1	259	90	2004
254	1	1	250	97	2007
255	1	1	281	95	2007
256	1	1	260	111	2007
257	1	1	252	111	2006
258	1	1	260	87	2007
259	1	1	266	87	2006
260	1	1	268	100	2008
261	1	1	240	122	2007
262	1	1	235	114	2007
263	1	1	241	0	0
264	2	1	257	0	2005
265	2	1	278	119	2004
266	1	1	241	0	2006
267	1	1	0	122	2008
268	1	1	0	89	2007
269	1	1	241	112	2007
270	1	0	257	92	2008
271	1	1	253	90	2009
272	1	1	253	110	2009
273	2	1	279	105	2005
274	1	0	257	114	2006
275	1	1	268	119	2009
276	1	1	0	93	2009
277	1	1	0	89	2009
278	1	1	265	108	2007
279	2	1	244	120	2005
280	2	1	254	92	2005
281	1	1	253	117	2006
282	2	1	253	90	2004
283	1	0	266	0	0
284	1	1	272	116	2009
285	1	1	257	123	2008
286	1	1	250	102	2008
287	1	1	268	97	2008
288	2	1	251	98	2005
289	2	1	259	94	2003
290	1	0	265	110	2006
291	1	1	260	98	2006
292	1	1	253	96	2008
293	1	1	257	93	2009
294	2	1	251	113	2005
295	1	1	257	89	2009
296	2	1	272	116	2005
297	1	1	268	116	2008
298	1	1	247	99	2008
299	1	1	250	109	2005
300	1	1	275	92	2008
301	1	1	236	108	2008
302	1	1	272	87	2006
303	2	1	272	0	2005
304	1	1	252	93	2006
305	1	1	241	100	2008
306	1	1	250	111	2008
307	1	1	253	116	2006
308	2	0	0	0	0
309	1	1	272	121	2008
310	1	1	255	92	2008
311	1	0	0	0	0
312	1	1	283	101	2006
313	1	1	274	120	2008
314	2	1	275	108	2004
315	1	1	0	117	2008
316	2	1	272	99	2005
317	1	0	0	0	0
318	1	1	269	110	2009
319	1	1	0	87	2009
320	1	1	273	91	2006
321	1	1	250	109	2008
322	1	1	277	114	2007
323	1	0	0	0	2008
324	1	1	0	92	2009
325	1	1	241	112	2009
326	2	0	257	90	2005
327	1	1	259	99	2007
328	1	1	253	106	2006
329	1	1	260	115	2007
330	1	0	0	115	2007
331	1	1	238	107	2007
332	2	1	257	114	2005
333	2	1	250	99	2005
334	1	1	253	110	2008
335	2	1	265	107	2005
336	1	1	260	102	2009
337	2	1	268	107	2005
338	1	1	253	94	2008
339	1	1	257	92	2006
340	1	1	241	117	2007
341	1	1	257	112	2006
342	2	1	273	107	2005
343	2	1	257	111	2005
344	1	1	279	116	2008
345	1	0	260	0	2006
346	2	1	277	110	2003
347	2	1	257	98	2005
348	1	0	257	92	2006
349	2	1	278	0	2005
350	2	0	274	122	2005
351	1	0	0	0	0
352	1	1	0	121	2009
353	1	1	261	121	0
354	1	1	250	0	2007
355	1	1	236	97	2006
356	1	1	235	88	2006
357	1	0	257	112	2006
358	1	1	278	0	2006
359	1	1	255	123	2008
360	2	0	238	104	0
361	1	1	272	97	2007
362	1	1	246	121	2005
363	2	1	253	123	2005
364	2	1	272	97	2005
365	1	1	242	89	2006
366	1	1	250	123	2007
367	1	1	0	110	2009
368	1	1	0	111	2008
369	1	1	272	109	2006
370	1	1	242	117	2007
371	1	0	0	89	0
372	2	1	251	97	2004
373	2	1	277	120	2005
374	2	0	0	99	2005
375	2	1	250	110	2005
376	1	1	250	107	2007
377	2	1	240	114	2005
378	1	1	265	108	2007
379	1	1	251	0	0
380	1	1	0	121	2007
381	1	1	269	107	2006
382	1	1	0	108	2009
383	1	1	241	110	2009
384	1	1	271	0	0
385	2	1	260	0	2005
386	1	1	276	115	2006
387	1	0	260	91	2006
388	1	1	268	109	2009
389	1	1	241	89	2007
390	1	1	246	97	2008
391	1	1	236	90	2008
392	1	1	268	97	2006
393	2	1	260	122	0
394	1	1	275	90	2006
395	1	1	257	0	2006
396	2	1	240	0	2004
397	1	1	275	87	2006
398	1	1	250	99	2008
399	1	1	277	88	2006
400	1	1	272	119	2008
401	1	1	253	123	2009
402	1	0	0	0	0
403	1	1	241	88	2006
404	1	1	241	88	2008
405	1	1	264	98	2006
406	1	1	268	99	2007
407	1	1	251	117	2008
408	1	0	0	0	0
409	1	1	262	109	2006
410	1	1	272	116	2009
411	1	1	265	110	2008
412	2	1	253	121	2005
413	1	1	279	93	2008
414	1	1	269	105	2009
415	1	1	267	102	2006
416	1	1	253	89	2008
417	1	1	0	89	2009
418	1	1	240	87	2006
419	1	1	0	114	2008
420	1	1	278	119	2008
421	1	1	269	92	2009
422	2	1	242	89	2005
423	1	1	279	0	2007
424	1	1	0	119	2008
425	1	1	0	94	2009
426	1	1	241	112	2005
427	1	1	241	93	2009
428	1	1	243	88	2009
429	1	1	0	109	2008
430	1	1	241	120	2006
431	1	1	272	92	2006
432	1	1	275	112	2008
433	2	1	253	116	2005
434	1	1	240	87	2008
435	2	1	240	0	2005
436	1	1	272	115	2008
437	1	1	257	114	2008
438	1	1	255	0	2006
439	1	1	276	120	2007
440	1	1	247	92	2009
441	1	1	279	103	2007
442	1	1	0	97	2007
443	1	0	0	0	0
444	1	1	257	0	2006
445	1	0	272	92	2007
446	2	1	257	122	2005
447	1	1	265	107	2007
448	1	1	252	87	2007
449	1	0	259	102	2006
450	2	0	0	0	2005
451	1	1	238	0	2007
452	1	1	0	120	2009
453	1	1	241	119	2008
454	1	1	254	106	2008
455	1	1	257	91	2006
456	1	1	254	0	2007
457	1	1	236	89	2007
458	1	1	257	99	2006
459	1	0	251	120	2007
460	2	0	0	0	0
461	2	1	241	92	2005
462	1	1	272	89	2007
463	4	1	0	0	0
464	1	1	257	99	2006
465	1	1	269	101	2006
466	1	1	275	0	2005
467	2	1	241	117	2005
468	1	1	0	108	2009
469	1	1	0	121	2008
470	1	1	250	89	2008
471	1	1	257	115	2006
472	1	1	236	121	2008
473	1	1	250	122	2008
474	1	1	269	90	2006
475	1	1	0	113	2008
476	2	1	245	119	2004
477	1	1	240	88	2009
478	1	1	0	111	2009
479	1	0	0	0	2006
480	1	1	267	88	2009
481	1	0	236	104	0
482	1	1	253	109	2009
483	1	1	250	87	2007
484	1	0	253	121	2006
485	1	1	250	96	2006
486	1	0	0	0	0
487	1	1	276	105	2008
488	1	1	0	123	2009
489	2	0	269	109	2005
490	2	1	0	0	2004
491	1	0	259	0	2007
492	1	1	249	97	2009
493	1	1	252	100	2006
494	1	1	252	122	2006
495	1	1	253	0	0
496	2	1	277	0	2005
497	1	1	257	100	2007
498	1	0	0	0	0
499	1	1	261	93	2008
500	2	1	277	0	2005
501	1	1	0	106	2008
502	1	1	257	96	2008
503	1	1	275	93	2009
504	1	1	278	102	2007
505	1	1	245	123	2008
506	1	1	0	110	2009
507	1	1	236	0	2007
508	1	1	257	96	2007
509	1	1	242	115	2005
510	1	1	241	105	2008
511	1	0	252	104	2006
512	4	2	0	0	0
513	2	1	278	99	2005
514	2	1	273	110	2003
515	2	1	257	88	2005
516	2	1	275	113	2005
517	2	1	273	106	2003
518	1	0	242	119	2006
519	1	1	253	94	2007
520	1	1	250	92	2005
521	1	1	255	92	2005
522	1	1	268	94	2008
523	1	1	250	92	2006
524	2	1	240	0	2004
525	1	1	0	117	2008
526	1	1	253	93	2009
527	2	1	257	0	2005
528	1	1	260	119	2008
529	2	1	272	91	2005
530	1	1	0	88	2008
531	1	1	252	106	2006
532	2	1	257	88	0
533	2	1	278	103	2005
534	1	0	242	0	0
535	1	1	241	93	2006
536	1	1	257	93	2007
537	1	1	254	89	2007
538	1	1	257	88	2005
539	1	1	237	0	2007
540	1	1	241	88	2007
541	1	1	269	92	2009
542	1	0	279	116	2008
543	2	1	250	87	2005
544	1	1	0	100	2009
545	1	1	0	111	2008
546	1	1	0	110	2009
547	1	1	251	121	2006
548	1	1	0	94	2008
549	1	0	257	0	2006
550	1	1	237	106	2008
551	1	0	259	118	2007
552	1	1	241	93	2006
553	1	1	240	123	2007
554	1	1	277	99	2008
555	1	1	277	103	2007
556	1	1	268	122	2006
557	2	1	275	92	2004
558	1	1	253	98	2006
559	1	1	0	108	2009
560	1	1	0	113	2008
561	1	1	250	122	0
562	1	1	0	92	2008
563	4	0	0	0	0
564	1	1	270	108	2009
565	1	1	277	98	2007
566	1	1	257	0	2007
567	1	1	252	110	2008
568	1	1	273	122	2006
569	1	1	250	111	2006
570	1	1	238	88	2008
571	2	1	274	97	2005
572	1	1	0	116	2008
573	1	1	0	117	2008
574	1	1	0	119	2009
575	1	1	257	87	2009
576	1	1	253	109	2009
577	2	0	0	0	0
578	2	1	257	122	2005
579	1	1	257	107	2006
580	1	1	272	112	2009
581	2	1	0	100	2003
582	1	1	272	115	2005
583	2	1	273	116	2005
584	2	1	268	121	2005
585	2	1	272	0	2005
586	1	1	270	106	2006
587	1	1	0	106	2009
588	2	1	253	108	2005
589	1	1	241	121	2006
590	1	1	252	111	2006
591	1	1	260	90	2007
592	1	1	276	123	2007
593	2	1	250	108	2005
594	1	1	272	102	2009
595	1	0	275	120	2006
596	1	1	253	106	2009
597	1	1	0	94	2008
598	1	1	277	112	2006
599	1	1	273	92	2008
600	1	1	272	92	2007
601	2	2	277	118	2005
602	1	1	272	89	2006
603	5	1	0	0	2005
604	2	1	237	116	1990
605	2	1	280	98	2005
606	1	0	265	110	2008
607	2	1	241	89	2003
608	1	1	279	107	2007
609	1	1	276	102	2006
610	1	1	272	110	2007
611	1	1	0	0	0
612	1	1	276	99	2006
613	1	0	273	120	2006
614	1	0	247	0	0
615	2	1	259	109	2005
616	1	1	250	0	2006
617	1	1	240	107	2006
618	2	1	272	99	2003
619	1	1	276	0	2008
620	1	1	279	120	2009
621	1	1	250	115	2008
622	1	1	254	119	2007
623	1	1	268	91	2005
624	2	1	253	91	2005
625	1	1	255	116	2008
626	2	1	278	105	2004
627	1	1	241	108	2009
628	1	1	0	92	2008
629	1	1	257	109	2008
630	1	0	0	0	0
631	1	1	256	111	2008
632	1	1	259	120	2005
633	1	1	0	90	2009
634	2	1	275	97	2004
635	1	0	0	0	0
636	1	1	274	110	2009
637	1	1	0	111	2009
638	3	1	250	0	2007
639	1	1	253	89	2007
640	1	1	0	122	2009
641	0	0	0	0	0
642	2	1	241	0	2005
643	1	1	0	94	2008
644	1	1	272	121	2007
645	1	1	0	123	2008
646	1	1	253	102	2009
647	1	0	278	89	2007
648	1	1	0	111	2009
649	2	1	280	110	2005
650	1	1	238	0	2006
651	1	1	236	116	2008
652	1	1	241	122	2008
653	1	1	0	88	2008
654	1	1	253	96	2007
655	1	1	253	117	2007
656	2	1	257	122	2004
657	1	1	279	113	2007
658	2	1	272	92	2005
659	1	0	257	0	0
660	1	0	241	97	2006
661	2	1	245	113	2005
662	1	1	270	108	2007
663	2	1	266	88	2005
664	3	2	279	0	0
665	1	1	272	89	2009
666	2	1	240	91	2005
667	1	1	260	112	2007
668	1	1	253	122	2007
669	1	1	0	122	2006
670	1	1	257	97	2008
671	1	1	253	105	2008
672	1	1	253	121	2006
673	1	1	278	105	2007
674	1	1	257	94	2009
675	2	1	252	110	2005
676	0	0	0	0	0
677	1	1	245	122	2007
678	1	0	245	0	2006
679	1	1	277	92	2009
680	1	1	0	93	2008
681	3	2	237	0	0
682	1	1	241	102	2006
683	2	1	241	91	2005
684	1	1	253	121	2007
685	1	1	268	107	2008
686	1	1	241	122	2006
687	1	1	0	0	2008
688	2	1	279	98	2004
689	2	1	236	102	2005
690	1	1	0	119	2009
691	1	0	0	0	0
692	1	1	277	114	2008
693	2	0	255	104	2004
694	1	1	257	112	2006
695	1	1	245	88	2008
696	1	1	281	0	2007
697	2	1	245	102	2005
698	1	1	237	100	2008
699	1	1	272	97	2008
700	2	1	252	0	2005
701	1	1	0	114	2007
702	1	1	255	97	2007
703	1	1	241	114	2009
704	1	1	243	96	2008
705	1	1	0	116	2009
706	1	0	279	93	2008
707	1	1	253	110	2009
708	1	1	247	106	2008
709	2	1	280	97	2005
710	1	1	272	88	2007
711	4	2	279	0	2010
712	1	0	0	113	2008
713	1	1	0	115	2008
714	1	1	272	0	2007
715	1	0	250	0	2007
716	1	1	270	97	2007
717	2	1	275	90	2005
718	2	1	256	110	2004
719	1	1	257	93	2007
720	1	1	0	87	2009
721	1	1	0	100	2008
722	1	1	0	122	2005
723	1	1	0	88	2008
724	1	1	0	111	2008
725	2	1	270	98	2005
726	1	1	257	123	2009
727	1	1	255	121	2008
728	1	1	270	119	2007
729	1	1	0	0	2008
730	1	1	248	90	2009
731	1	1	250	0	2007
732	1	2	257	0	0
733	1	1	272	106	2007
734	1	0	260	107	2006
735	3	0	235	0	0
736	1	0	0	0	0
737	1	1	260	88	2006
738	1	1	257	97	2008
739	1	1	265	112	2006
740	2	1	255	112	2005
741	2	1	237	106	2005
742	1	1	0	107	2008
743	1	1	261	0	2006
744	1	1	250	115	2006
745	1	0	0	0	0
746	1	1	272	93	2007
747	2	1	257	87	2005
748	1	1	253	92	2006
749	1	1	252	113	2008
750	1	1	277	87	2006
751	1	1	0	106	2009
752	1	1	251	117	2005
753	1	1	0	99	2008
754	1	1	259	87	2008
755	2	1	257	0	2005
756	1	1	0	113	2008
757	1	1	265	87	2008
758	1	1	254	111	2007
759	4	1	0	0	0
760	2	0	275	0	2005
761	1	1	241	89	2008
762	1	0	277	98	2007
763	2	1	277	92	2005
764	1	1	272	87	2009
765	1	1	257	100	2009
766	1	1	241	112	2009
767	1	1	253	107	2006
768	1	1	0	99	2009
769	1	1	277	0	2006
770	1	1	235	113	2007
771	1	1	252	119	2009
772	1	1	0	120	2008
773	1	1	251	106	2008
774	1	1	257	92	2005
775	1	1	253	97	2008
776	1	1	257	115	2008
777	1	1	0	122	2009
778	1	1	248	91	2006
779	1	1	250	0	2007
780	1	1	0	116	2008
781	2	1	246	117	2003
782	1	1	259	119	2006
783	1	1	257	87	2008
784	1	1	251	0	2008
785	1	1	264	100	2009
786	2	0	273	116	2005
787	1	1	253	115	2009
788	2	1	239	92	2002
789	1	1	253	88	2006
790	1	1	268	0	2007
791	1	1	272	106	2009
792	1	1	259	117	2006
793	1	0	0	0	0
794	1	1	241	97	2007
795	1	1	241	96	2009
796	1	1	237	123	2007
797	1	1	275	99	2009
798	1	1	251	107	2008
799	1	1	0	88	2008
800	1	1	277	121	2008
801	1	1	0	0	2009
802	1	1	249	117	2007
803	2	1	0	116	2005
804	2	1	255	122	2005
805	1	1	272	91	2006
806	1	1	240	115	2008
807	1	1	0	0	2008
808	2	1	250	115	2005
809	1	1	272	114	2008
810	2	1	257	97	2005
811	2	1	257	0	2005
812	1	1	257	94	2008
813	1	1	275	113	2009
814	1	1	250	98	2006
815	1	1	236	92	2007
816	1	1	266	98	2005
817	1	1	236	0	2009
818	1	1	279	88	2008
819	1	1	250	115	0
820	1	1	260	105	2009
821	1	1	254	100	2008
822	1	1	242	0	0
823	1	1	260	113	2008
824	1	1	250	0	2008
825	1	0	259	118	2006
826	2	1	272	110	2005
827	2	1	246	91	2005
828	1	1	0	114	2008
829	1	1	272	88	2009
830	1	1	269	0	2006
831	2	1	256	107	2005
832	2	2	279	116	2005
833	1	1	0	122	2007
834	1	1	251	123	2005
835	2	1	257	119	2004
836	1	1	252	111	2008
837	1	1	259	100	2009
838	1	1	0	117	2008
839	1	1	241	101	2006
840	1	1	257	123	2007
841	1	1	238	110	2009
842	1	1	268	88	2007
843	1	0	0	0	0
844	2	1	257	110	2004
845	1	1	272	116	2008
846	1	1	268	96	2009
847	1	1	267	110	2009
848	1	1	0	110	2009
849	1	1	241	108	2009
850	2	1	237	107	2005
851	1	1	273	109	2006
852	1	1	264	108	2008
853	1	1	0	93	2009
854	2	1	253	112	2005
855	2	0	279	89	0
856	1	1	252	94	2007
857	2	1	253	0	2005
858	2	1	260	0	2005
859	1	1	0	0	2008
860	1	0	0	113	2008
861	1	1	0	96	2008
862	1	1	275	93	2008
863	1	1	253	111	2008
864	1	0	250	99	2006
865	1	1	278	96	2006
866	1	1	0	0	0
867	1	1	0	93	0
868	1	1	250	91	2006
869	1	1	241	108	2009
870	1	1	237	115	2006
871	1	1	253	92	2009
872	1	0	273	87	2008
873	2	1	241	108	2005
874	1	1	259	114	2008
875	1	1	0	117	2009
876	1	1	257	0	2006
877	1	0	0	0	0
878	2	0	272	0	0
879	1	1	253	117	2008
880	1	1	272	115	2008
881	2	1	237	119	2005
882	1	1	240	102	2008
883	1	1	257	90	2008
884	2	1	250	0	2005
885	1	0	0	0	0
886	2	0	250	90	1996
887	1	0	0	0	0
888	1	1	250	89	2008
889	2	1	249	0	0
890	1	1	259	97	2006
891	1	1	259	99	2007
892	2	1	268	111	2005
893	1	1	241	108	2006
894	1	0	273	98	2006
895	1	1	268	121	2007
896	1	0	238	0	0
897	1	1	267	123	2006
898	1	1	275	119	2006
899	2	1	237	100	2005
900	2	1	245	90	2005
901	2	1	241	90	2005
902	1	1	241	99	2009
903	2	1	250	99	2004
904	1	1	275	0	2007
905	1	1	257	89	2008
906	1	1	253	92	2009
907	1	1	257	106	2008
908	5	1	257	0	2005
909	1	0	261	111	2007
910	1	0	0	0	0
911	1	1	272	107	2005
912	2	1	250	119	2005
913	2	0	0	0	0
914	1	1	0	95	2007
915	2	1	272	0	2005
916	1	1	259	116	2008
917	1	1	275	92	2007
918	2	1	250	115	2005
919	1	1	259	111	2008
920	1	1	268	106	2008
921	1	1	242	108	2006
922	1	1	0	110	2008
923	1	0	277	98	2006
924	1	1	256	117	2008
925	2	0	270	99	2002
926	1	1	244	100	2006
927	2	1	272	106	2005
928	1	1	272	109	2008
929	1	1	253	117	2006
930	1	1	0	106	2008
931	4	0	0	0	0
932	1	1	254	87	2007
933	2	0	250	91	2005
934	1	1	240	112	2006
935	1	1	278	97	2008
936	2	1	253	115	2005
937	1	1	237	100	2007
938	1	1	239	91	2006
939	1	1	259	100	2006
940	1	1	0	121	2008
941	1	1	257	108	2008
942	1	1	257	96	2009
943	2	1	257	90	2005
944	1	1	241	86	2006
945	2	1	272	91	2005
946	1	1	257	114	2009
947	1	1	241	94	2007
948	1	1	268	107	2005
949	1	1	238	102	2008
950	1	1	250	110	2006
951	1	1	268	116	2007
952	1	1	244	122	2008
953	1	1	239	94	2009
954	1	1	242	89	2008
955	2	1	251	88	2005
956	1	1	259	100	2006
957	2	1	260	117	2004
958	1	1	267	100	2006
959	1	1	243	96	2008
960	1	1	272	111	2006
961	1	1	275	0	0
962	1	1	0	94	2008
963	1	1	254	122	2007
964	1	1	0	106	2008
965	1	1	235	119	2007
966	2	1	244	107	2005
967	1	1	279	93	2008
968	1	1	250	97	2005
969	1	1	272	91	2006
970	1	1	262	88	2007
971	1	1	250	99	2007
972	1	1	282	99	2009
973	2	1	264	0	0
974	1	1	260	106	2007
975	1	1	275	123	2009
976	1	1	251	93	2005
977	1	1	250	103	2007
978	1	1	237	109	2008
979	1	1	0	107	2008
980	1	1	252	123	2006
981	1	1	236	0	2005
982	1	1	252	114	2008
983	1	1	272	97	2007
984	1	0	236	97	2007
985	1	1	268	111	2008
986	2	1	242	93	2005
987	2	0	279	119	2005
988	1	1	251	92	2006
989	2	1	250	97	2005
990	2	1	246	0	2005
991	1	1	251	100	2007
992	2	0	272	91	2005
993	2	0	260	97	2005
994	1	1	257	111	2009
995	1	1	251	115	2008
996	1	1	259	110	2009
997	1	1	0	105	2008
998	1	1	273	100	2007
999	1	1	260	102	2009
1000	1	1	257	99	2008
1001	1	1	0	106	2009
1002	1	1	237	87	2006
1003	2	1	278	97	2005
1004	1	1	236	108	2005
1005	1	1	253	108	2008
1006	2	1	269	0	2004
1007	1	1	254	122	2006
1008	1	1	272	107	0
1009	1	1	252	102	2007
1010	2	1	252	117	2004
1011	1	1	253	107	2008
1012	1	1	264	112	2006
1013	1	1	257	110	2008
1014	1	1	278	109	2009
1015	1	1	275	120	2008
1016	1	1	265	97	2007
1017	1	1	257	0	2006
1018	1	1	272	117	2009
1019	5	2	272	107	2006
1020	1	1	273	91	2006
1021	3	1	275	0	0
1022	2	1	237	92	2005
1023	1	1	252	88	2006
1024	1	1	250	121	2007
1025	1	1	259	114	2009
1026	2	1	249	97	2005
1027	1	1	245	93	2007
1028	2	1	236	0	2005
1029	1	1	236	87	2007
1030	1	1	257	90	2008
1031	1	1	240	97	2009
1032	1	1	248	120	2007
1033	1	0	0	0	0
1034	2	1	246	109	2004
1035	1	1	250	94	2007
1036	1	1	255	106	2007
1037	1	1	272	0	2006
1038	1	1	265	106	2006
1039	1	1	265	119	2006
1040	1	1	272	0	2006
1041	1	1	252	100	2006
1042	1	1	252	123	2006
1043	5	1	0	0	2007
1044	1	1	250	94	2008
1045	1	1	240	97	2007
1046	2	1	257	92	2005
1047	1	2	277	104	2006
1048	1	1	254	87	2006
1049	1	0	0	0	0
1050	1	1	0	117	2008
1051	2	1	272	112	2005
1052	1	1	253	86	0
1053	1	1	253	86	2007
1054	1	1	252	117	2009
1055	1	1	241	117	2006
1056	1	1	257	0	0
1057	1	1	272	107	2007
1058	1	1	257	99	2009
1059	1	1	237	94	2009
1060	1	1	236	92	2008
1061	1	1	250	92	2006
1062	2	1	272	120	2005
1063	1	1	250	108	2007
1064	1	1	0	119	2008
1065	1	1	238	108	2009
1066	1	1	259	92	2005
1067	1	0	275	100	2006
1068	1	1	253	102	2007
1069	1	0	250	115	2006
1070	1	1	266	0	2007
1071	1	0	257	100	2007
1072	1	1	259	88	2006
1073	2	1	278	97	0
1074	1	1	0	105	2008
1075	1	1	241	90	2007
1076	1	1	0	94	2008
1077	1	1	0	114	2006
1078	2	0	0	0	0
1079	2	1	275	121	2005
1080	1	1	257	97	2008
1081	1	1	268	115	2007
1082	1	1	257	103	2007
1083	1	1	272	106	2009
1084	1	1	237	95	2008
1085	1	1	241	99	2007
1086	1	1	0	122	2008
1087	1	1	272	106	2007
1088	1	1	272	105	2007
1089	1	1	240	108	2007
1090	1	1	269	87	2007
1091	1	1	256	95	2006
1092	1	1	257	88	2008
1093	1	1	242	110	2006
1094	1	1	246	119	2006
1095	1	1	267	87	2006
1096	1	1	281	114	2007
1097	1	1	267	112	2008
1098	1	1	259	106	2009
1099	1	1	0	123	2009
1100	1	1	241	106	2009
1101	1	1	253	122	2007
1102	1	1	253	112	2008
1103	1	1	275	122	2007
1104	1	1	260	111	2007
1105	2	1	250	119	0
1106	1	1	0	123	2009
1107	2	1	272	111	2005
1108	1	1	251	122	2007
1109	1	1	279	121	2007
1110	1	1	251	106	2006
1111	1	1	250	111	2007
1112	1	0	0	0	0
1113	1	1	0	111	2009
1114	1	1	275	88	2008
1115	1	1	0	0	0
1116	1	1	0	111	2009
1117	1	1	241	121	2009
1118	1	0	0	120	2008
1119	2	1	237	91	2005
1120	1	1	267	109	2008
1121	1	1	241	111	2007
1122	1	1	241	120	2009
1123	1	1	0	108	2008
1124	1	0	248	110	2008
1125	1	1	277	106	2008
1126	1	1	267	97	2006
1127	1	1	255	89	2006
1128	2	1	259	99	2005
1129	1	1	259	109	2008
1130	1	1	260	123	2005
1131	1	0	275	116	2006
1132	1	0	0	0	0
1133	1	1	259	88	2006
1134	1	1	0	111	2009
1135	1	1	0	99	2008
1136	1	0	237	0	0
1137	1	1	259	122	2007
1138	1	1	275	110	2009
1139	1	1	241	119	2008
1140	4	0	0	0	0
1141	2	1	252	108	2005
1142	1	1	0	122	2009
1143	1	1	238	107	2006
1144	1	1	0	96	2008
1145	1	1	238	93	2008
1146	1	1	279	104	2006
1147	1	1	250	112	2007
1148	1	1	257	87	2006
1149	4	1	0	0	0
1150	1	1	273	109	2008
1151	2	0	257	0	2005
1152	2	1	279	90	2005
1153	2	0	276	110	2005
1154	2	1	275	116	2005
1155	1	1	262	98	2006
1156	1	1	277	119	2009
1157	1	1	251	105	2007
1158	2	1	271	123	2005
1159	2	1	275	117	2004
1160	1	1	0	123	2008
1161	1	1	277	106	2008
1162	1	1	0	88	0
1163	1	1	272	121	2005
1164	1	1	275	105	2006
1165	1	1	242	120	2007
1166	1	1	259	88	2006
1167	1	1	272	97	2008
1168	1	1	279	99	2007
1169	2	1	272	122	2004
1170	1	1	272	122	2007
1171	1	1	0	106	2009
1172	1	1	260	115	2009
1173	2	1	257	91	2005
1174	1	1	252	122	2007
1175	1	0	273	0	0
1176	1	1	253	90	2009
1177	2	1	277	0	2005
1178	2	1	253	113	2005
1179	1	1	0	92	2007
1180	1	1	277	112	2006
1181	1	1	272	89	2008
1182	2	1	260	0	2005
1183	1	1	268	89	2009
1184	1	1	253	119	2008
1185	1	0	259	93	2007
1186	1	1	0	99	2008
1187	1	1	252	0	2007
1188	1	1	257	90	2007
1189	1	1	272	99	2008
1190	1	1	253	0	2006
1191	2	1	0	0	2005
1192	2	1	262	107	2005
1193	1	1	245	109	2008
1194	1	1	0	94	2009
1195	1	1	236	99	0
1196	1	0	239	121	2010
1197	1	1	278	122	2008
1198	1	1	273	100	2007
1199	2	1	272	0	2005
1200	1	1	272	116	2006
1201	1	0	237	0	2008
1202	2	1	279	99	2005
1203	1	1	253	88	2009
1204	1	1	267	0	2008
1205	1	1	259	99	2006
1206	1	1	0	106	2008
1207	1	1	250	97	2006
1208	2	0	281	90	2005
1209	1	1	237	121	2006
1210	1	1	0	106	2009
1211	1	1	250	115	2007
1212	2	1	272	0	2005
1213	1	1	257	108	2006
1214	2	1	272	90	2004
1215	1	0	241	104	2008
1216	1	1	0	109	2008
1217	5	2	272	126	2005
1218	1	1	241	97	2006
1219	1	1	279	110	2007
1220	2	0	262	0	2005
1221	2	1	277	116	2005
1222	1	1	241	115	2009
1223	1	1	277	107	2007
1224	2	1	275	114	2005
1225	1	0	0	113	2008
1226	2	0	257	0	2004
1227	1	1	241	0	0
1228	2	1	236	110	2005
1229	2	1	254	87	2005
1230	1	1	0	108	2009
1231	1	0	0	0	0
1232	2	1	250	0	2005
1233	1	0	275	0	2006
1234	1	1	238	91	2006
1235	1	1	277	87	2008
1236	1	1	241	97	2009
1237	1	0	277	112	2007
1238	1	1	0	94	2009
1239	1	1	265	115	2007
1240	1	0	277	111	2006
1241	1	1	0	97	2008
1242	2	0	272	91	2005
1243	1	1	272	108	2006
1244	2	0	272	97	2004
1245	1	0	251	110	2006
1246	1	1	273	121	2007
1247	1	1	248	121	2009
1248	1	1	0	93	2009
1249	1	1	257	93	2007
1250	1	1	277	87	2008
1251	2	1	257	107	2005
1252	1	1	257	120	2007
1253	1	1	272	94	2008
1254	1	1	253	88	2005
1255	1	1	241	94	2008
1256	2	1	250	0	2005
1257	2	0	242	0	2005
1258	1	1	0	111	2008
1259	2	1	0	105	1934
1260	1	1	268	91	2006
1261	1	0	0	0	0
1262	1	1	249	102	2008
1263	1	1	260	87	2007
1264	2	1	248	91	2005
1265	1	0	0	0	0
1266	1	1	0	93	2008
1267	1	1	277	100	2008
1268	1	1	237	122	2008
1269	2	0	0	0	0
1270	1	1	0	116	2009
1271	2	1	253	106	2005
1272	2	1	268	89	2005
1273	1	1	268	123	2009
1274	2	1	277	0	2005
1275	1	0	264	121	2005
1276	2	1	257	102	2005
1277	2	1	268	115	2005
1278	2	2	272	98	2005
1279	1	1	0	0	2007
1280	1	1	0	111	2008
1281	1	1	236	106	2009
1282	1	1	257	89	2005
1283	1	1	245	113	2008
1284	1	1	252	89	2006
1285	1	0	272	0	2006
1286	1	1	257	117	2007
1287	1	1	272	114	2006
1288	1	1	261	120	2008
1289	1	1	278	0	2008
1290	2	1	257	89	2004
1291	2	0	0	0	0
1292	1	1	279	107	2007
1293	2	1	279	0	2005
1294	1	1	272	91	2006
1295	1	1	265	92	2005
1296	2	1	259	0	2004
1297	2	1	250	115	2005
1298	2	1	277	90	2005
1299	1	1	0	121	2009
1300	1	1	257	108	2005
1301	1	1	253	97	2006
1302	1	1	237	110	2007
1303	1	1	275	88	2007
1304	1	1	278	94	2008
1305	1	1	240	122	2006
1306	1	0	272	105	2007
1307	1	1	265	107	2007
1308	1	1	257	115	2006
1309	2	0	272	105	2002
1310	1	1	250	116	2006
1311	1	1	260	94	2007
1312	1	1	250	0	2008
1313	1	1	0	0	2007
1314	1	1	0	0	2008
1315	1	1	253	122	2007
1316	1	1	268	92	2009
1317	1	1	0	110	2009
1318	2	1	268	92	2005
1319	5	1	259	95	0
1320	1	1	0	122	2007
1321	1	1	272	114	2008
1322	1	1	241	94	2008
1323	1	1	0	0	2009
1324	1	1	253	93	2007
1325	1	1	0	123	2007
1326	1	1	243	106	2008
1327	1	1	277	90	2009
1328	1	1	0	100	2009
1329	1	0	253	113	2008
1330	1	1	253	123	2009
1331	1	0	0	87	2008
1332	1	1	268	88	2009
1333	2	1	0	0	0
1334	5	2	267	0	0
1335	1	1	257	111	2007
1336	1	1	250	115	2007
1337	2	0	272	0	0
1338	1	1	252	119	2006
1339	1	0	0	0	0
1340	1	1	251	96	2009
1341	1	1	237	91	2006
1342	1	1	238	92	2007
1343	1	1	278	105	2009
1344	1	1	260	103	2007
1345	1	1	238	90	2007
1346	1	0	265	94	2008
1347	2	1	257	0	0
1348	1	1	259	123	0
1349	2	1	272	0	2005
1350	1	1	267	92	2006
1351	1	1	272	100	2007
1352	2	1	242	0	2005
1353	1	1	0	100	2007
1354	1	1	241	117	2007
1355	1	1	245	117	2008
1356	1	1	259	102	2008
1357	1	1	257	96	2007
1358	2	1	277	92	2005
1359	1	1	260	122	2009
1360	1	1	272	93	2006
1361	1	1	277	0	2005
1362	1	1	276	110	2008
1363	1	1	257	89	2006
1364	2	1	260	106	2005
1365	1	1	260	99	2007
1366	2	1	272	107	2004
1367	1	1	241	119	2008
1368	1	1	250	0	2008
1369	1	1	0	121	2009
1370	1	1	264	100	2009
1371	1	1	250	119	2005
1372	1	1	0	94	2008
1373	1	1	252	106	2007
1374	1	1	275	0	2007
1375	1	1	273	100	2008
1376	1	1	237	113	2008
1377	1	1	240	113	2007
1378	1	1	275	94	2008
1379	1	1	276	105	2008
1380	1	1	264	121	2007
1381	2	1	240	91	2005
1382	1	1	0	87	2009
1383	1	1	257	122	2008
1384	1	0	278	0	2006
1385	1	1	273	87	2006
1386	1	0	279	98	2006
1387	1	1	255	113	2007
1388	2	1	268	109	2005
1389	1	0	257	0	0
1390	2	1	246	112	2005
1391	1	0	252	114	2007
1392	1	1	259	114	2006
1393	1	1	257	0	2006
1394	1	1	272	88	2009
1395	1	1	275	87	2007
1396	1	0	0	0	0
1397	1	1	257	111	2009
1398	2	1	253	0	2005
1399	1	1	236	96	2009
1400	1	0	0	96	0
1401	1	1	0	92	2009
1402	1	1	260	119	2006
1403	2	1	241	111	2005
1404	1	1	0	0	2009
1405	2	1	272	119	2001
1406	1	1	244	108	2007
1407	2	1	236	115	2000
1408	2	1	250	99	2005
1409	1	0	243	102	2006
1410	1	0	0	115	2007
1411	1	1	272	100	2007
1412	2	1	238	110	2005
1413	2	1	277	0	2005
1414	1	1	252	110	2007
1415	2	1	245	0	2005
1416	2	1	241	107	2005
1417	1	1	237	0	2006
1418	2	0	0	0	0
1419	1	0	275	90	2005
1420	6	0	251	0	0
1421	1	1	243	102	0
1422	1	1	268	110	2007
1423	1	1	272	100	0
1424	1	1	240	100	2007
1425	1	1	275	115	2006
1426	1	1	256	97	2006
1427	2	1	259	112	2004
1428	1	0	0	0	0
1429	1	1	272	0	2008
1430	2	1	242	0	2005
1431	2	0	275	111	2004
1432	1	1	257	117	2008
1433	1	1	0	111	2008
1434	1	1	281	108	2007
1435	1	1	257	99	2009
1436	1	1	265	90	2009
1437	2	1	257	122	2005
1438	2	1	268	99	2005
1439	1	1	236	89	2007
1440	1	1	253	99	2009
1441	2	1	257	110	2004
1442	1	1	272	120	2005
1443	1	1	272	121	2006
1444	2	1	257	0	2005
1445	2	1	242	102	2004
1446	1	1	260	115	2008
1447	1	0	0	0	0
1448	1	1	0	122	2009
1449	2	1	246	98	2004
1450	1	1	257	115	2006
1451	2	1	257	109	2004
1452	1	1	272	99	2008
1453	2	1	0	106	2005
1454	1	1	0	99	2008
1455	1	1	0	89	2009
1456	1	1	237	92	2007
1457	1	0	279	92	0
1458	1	1	257	114	2008
1459	2	1	257	0	0
1460	1	1	273	88	2008
1461	1	1	240	121	2006
1462	1	1	242	90	2008
1463	1	1	257	111	2007
1464	2	1	259	117	2005
1465	1	1	261	112	2005
1466	1	1	241	122	2009
1467	1	1	268	111	2008
1468	1	0	275	98	2006
1469	1	1	253	121	2008
1470	2	1	242	0	2005
1471	1	1	260	104	2007
1472	1	1	275	0	2007
1473	1	1	256	102	2006
1474	1	1	272	94	2008
1475	1	1	0	117	2009
1476	1	1	240	117	2006
1477	1	1	272	120	2008
1478	1	1	272	115	2006
1479	3	2	267	0	0
1480	1	1	257	0	2007
1481	1	1	264	107	2007
1482	1	1	257	122	2007
1483	2	1	236	0	2005
1484	1	1	0	115	2009
1485	1	1	278	87	2009
1486	1	1	257	121	0
1487	1	1	255	122	2008
1488	1	1	240	96	2009
1489	2	1	253	121	2005
1490	2	1	272	108	2004
1491	1	1	274	99	2007
1492	1	1	257	117	2007
1493	1	1	260	97	2006
1494	1	0	254	92	2008
1495	1	1	272	117	2009
1496	1	1	272	97	2006
1497	1	1	241	109	2009
1498	1	1	257	103	2008
1499	1	1	238	91	2006
1500	2	1	272	0	2005
1501	1	1	272	100	2006
1502	2	1	257	0	2005
1503	1	1	241	110	2009
1504	1	1	268	99	2007
1505	1	0	0	0	0
1506	1	1	253	121	2007
1507	1	1	0	122	2008
1508	1	1	277	0	2006
1509	1	1	272	117	2006
1510	1	1	277	92	2006
1511	1	1	270	98	2006
1512	1	1	238	111	2009
1513	1	1	0	117	2008
1514	1	0	0	0	0
1515	1	1	264	112	2006
1516	1	1	0	106	2009
1517	1	0	0	0	0
1518	1	1	0	121	0
1519	1	1	236	112	2006
1520	1	1	250	112	2007
1521	1	0	275	98	2006
1522	2	1	268	0	2005
1523	1	1	0	108	2009
1524	1	1	237	126	2007
1525	2	1	252	107	2005
1526	1	1	0	95	2008
1527	2	1	259	122	2005
1528	1	0	0	0	0
1529	1	1	251	110	2007
1530	2	1	235	112	2004
1531	1	1	271	89	0
1532	1	1	265	115	2007
1533	2	1	236	104	2005
1534	1	0	0	0	0
1535	1	1	265	0	2007
1536	1	1	240	114	2008
1537	1	1	272	123	2007
1538	5	0	0	0	0
1539	1	1	0	93	2009
1540	2	1	272	97	2005
1541	2	1	252	115	2005
1542	1	1	272	100	2009
1543	1	1	253	113	2009
1544	2	1	257	89	2005
1545	1	1	252	0	2008
1546	1	1	272	122	2005
1547	1	1	237	99	2007
1548	1	1	241	100	2008
1549	1	1	252	115	2009
1550	2	1	253	121	2001
1551	2	1	255	0	2005
1552	1	1	275	123	2009
1553	2	1	250	121	2005
1554	1	1	252	110	2008
1555	1	1	253	110	2006
1556	1	1	260	106	2007
1557	1	1	269	101	2006
1558	1	1	0	99	2008
1559	1	0	0	0	0
1560	1	1	250	122	2007
1561	1	0	269	0	2008
1562	2	1	250	97	2004
1563	1	1	241	94	2008
1564	1	1	252	100	2007
1565	2	1	275	98	2005
1566	2	1	264	0	2005
1567	0	0	0	0	0
1568	1	1	0	106	2008
1569	2	1	236	0	2005
1570	1	1	276	96	2006
1571	2	1	257	0	2005
1572	1	1	0	99	2008
1573	2	0	272	99	2005
1574	1	1	242	96	2008
1575	1	1	255	90	2008
1576	2	1	272	93	2005
1577	1	1	272	92	2006
1578	1	1	250	93	2008
1579	2	1	273	0	2005
1580	1	1	275	121	2008
1581	1	1	257	113	2006
1582	1	1	240	0	2008
1583	1	1	0	110	2008
1584	1	1	257	99	2007
1585	1	1	0	108	2008
1586	1	1	253	93	2009
1587	1	1	237	93	2007
1588	1	1	257	92	2007
1589	1	1	245	95	2007
1590	1	1	0	115	2009
1591	1	1	260	122	2006
1592	1	1	257	106	0
1593	1	1	247	96	2009
1594	2	1	241	0	2005
1595	1	0	275	121	2008
1596	1	1	254	94	2008
1597	0	0	0	0	0
1598	1	1	277	99	2006
1599	1	1	260	97	2006
1600	1	1	0	110	2008
1601	1	1	259	117	0
1602	1	1	0	123	2009
1603	1	1	259	110	2007
1604	1	1	250	97	2008
1605	2	1	251	88	2005
1606	2	1	245	0	2005
1607	2	1	272	98	2005
1608	2	1	259	123	2005
1609	1	1	241	123	2009
1610	2	1	272	0	2005
1611	1	2	247	0	0
1612	1	1	268	120	2009
1613	1	1	257	87	2007
1614	1	1	0	119	2006
1615	1	1	257	115	2007
1616	1	1	252	88	2006
1617	1	1	277	87	2008
1618	1	1	251	117	2006
1619	1	1	250	0	2006
1620	1	1	242	96	2007
1621	1	1	252	106	2008
1622	2	1	275	118	2005
1623	1	1	257	112	2008
1624	1	1	254	0	2005
1625	1	2	279	0	0
1626	1	1	264	0	2008
1627	1	1	0	122	2009
1628	5	1	253	0	2004
1629	2	1	241	120	2005
1630	1	1	251	107	2009
1631	1	1	241	93	2008
1632	1	1	275	115	2006
1633	2	1	246	98	2005
1634	2	0	0	0	0
1635	1	1	268	88	2009
1636	1	1	253	92	2008
1637	1	1	279	114	2008
1638	1	1	0	122	2009
1639	1	1	257	107	2006
1640	2	1	257	93	2004
1641	1	1	250	89	2006
1642	1	1	237	111	2007
1643	1	1	259	122	2009
1644	2	1	250	0	2005
1645	4	1	272	0	0
1646	1	1	278	98	2006
1647	2	1	241	110	2005
1648	1	2	279	119	2007
1649	1	1	0	93	2008
1650	1	1	0	117	2009
1651	1	1	0	114	2009
1652	1	1	260	93	2009
1653	1	1	272	117	2008
1654	1	1	276	99	2007
1655	1	1	253	112	2007
1656	2	1	278	88	0
1657	1	0	279	116	2007
1658	1	0	267	0	0
1659	1	1	237	113	2009
1660	2	1	281	117	2005
1661	1	1	278	102	2007
1662	1	1	0	115	2008
1663	1	1	237	112	2006
1664	1	1	0	117	0
1665	1	1	277	87	2009
1666	2	1	278	97	2004
1667	2	1	257	111	2003
1668	2	1	257	99	2005
1669	1	1	278	112	2008
1670	1	1	272	0	2007
1671	1	1	236	93	2007
1672	2	1	253	0	2005
1673	1	1	241	90	2009
1674	1	1	0	102	2008
1675	1	1	257	100	2008
1676	1	1	253	88	2009
1677	1	0	0	0	0
1678	1	1	257	100	0
1679	1	1	0	97	2007
1680	1	1	275	122	2008
1681	2	1	257	0	2005
1682	1	1	268	109	2007
1683	1	1	259	119	2006
1684	1	1	275	0	2006
1685	1	1	252	116	2007
1686	2	1	236	99	2005
1687	1	1	0	119	2008
1688	1	1	277	90	2009
1689	1	1	268	97	2007
1690	1	1	241	94	2009
1691	1	1	277	0	0
1692	1	1	272	115	2006
1693	1	1	255	103	2008
1694	2	1	253	123	2005
1695	1	1	241	105	2008
1696	1	1	257	90	2006
1697	1	0	279	121	2007
1698	1	1	253	111	2007
1699	1	1	254	95	2006
1700	3	2	0	0	0
1701	1	1	250	120	2009
1702	2	1	250	100	2004
1703	1	1	265	100	2006
1704	1	1	241	111	2007
1705	1	1	254	100	2008
1706	1	1	267	96	2009
1707	3	0	279	0	0
1708	1	1	257	91	2006
1709	1	1	250	99	2008
1710	1	1	272	121	2007
1711	1	1	265	103	2008
1712	1	1	277	97	2007
1713	1	1	253	109	2009
1714	1	1	277	117	2007
1715	1	1	0	93	2008
1716	1	1	0	108	2009
1717	1	1	0	123	2007
1718	1	1	253	123	2007
1719	1	1	250	99	2008
1720	1	1	257	119	2008
1721	1	0	0	0	0
1722	1	1	0	0	2008
1723	1	0	257	100	2007
1724	1	0	277	116	2006
1725	1	1	253	93	2009
1726	1	1	281	96	2007
1727	2	1	252	90	2005
1728	1	1	0	0	2009
1729	1	1	249	117	2006
1730	1	0	254	0	2007
1731	1	1	240	117	2007
1732	2	0	257	0	2005
1733	1	1	279	111	2007
1734	1	1	257	114	2008
1735	2	1	278	0	2005
1736	1	1	251	112	2007
1737	1	1	259	111	2007
1738	1	1	244	97	2009
1739	1	1	0	122	2008
1740	1	1	257	113	2007
1741	1	1	242	94	2008
1742	1	1	250	123	2008
1743	1	1	251	88	2009
1744	1	0	0	104	2007
1745	1	1	0	97	2009
1746	1	1	250	99	2009
1747	1	1	273	97	2007
1748	1	1	0	87	2008
1749	1	1	252	90	2006
1750	2	1	237	98	2005
1751	1	0	0	0	0
1752	1	1	0	0	2007
1753	2	1	272	115	2005
1754	1	1	257	99	2005
1755	1	1	237	109	2006
1756	1	1	278	108	2007
1757	1	1	0	123	2009
1758	2	1	249	92	2005
1759	1	1	254	113	2008
1760	2	1	276	0	2005
1761	2	1	241	0	2005
1762	1	1	257	107	2006
1763	1	1	240	109	2007
1764	1	0	272	115	2008
1765	1	1	246	119	2006
1766	1	1	238	122	2007
1767	1	1	281	89	2006
1768	1	0	275	108	2008
1769	2	1	257	112	2003
1770	1	1	237	112	2006
1771	1	1	268	90	2006
1772	1	1	0	111	2008
1773	1	1	0	93	2009
1774	1	0	0	0	2008
1775	2	1	275	94	2005
1776	1	1	277	104	2005
1777	1	1	272	93	2007
1778	1	1	257	0	2006
1779	1	0	236	122	2007
1780	4	0	0	0	0
1781	1	1	268	111	2006
1782	1	1	272	109	2008
1783	1	1	236	0	2006
1784	1	1	255	105	2006
1785	1	1	276	106	2009
1786	1	1	241	111	2006
1787	1	1	268	107	2009
1788	1	1	250	100	2007
1789	1	0	0	0	0
1790	1	1	244	112	2006
1791	1	0	253	0	0
1792	1	0	0	0	0
1793	1	1	250	115	2006
1794	1	1	272	93	2007
1795	1	1	272	111	2008
1796	1	1	257	93	2009
1797	1	1	278	93	2008
1798	1	1	271	114	2007
1799	1	1	252	123	2006
1800	1	1	0	112	2008
1801	1	1	257	119	2005
1802	2	1	251	106	2005
1803	2	1	272	0	2004
1804	2	1	277	87	2005
1805	1	1	272	121	2006
1806	1	1	0	117	2008
1807	1	1	253	111	2007
1808	1	1	255	99	2007
1809	1	0	281	94	2008
1810	5	0	0	0	0
1811	1	0	0	113	2007
1812	1	1	279	122	0
1813	2	1	272	119	2004
1814	1	0	0	0	0
1815	1	1	260	88	2007
1816	2	1	257	115	2005
1817	1	1	260	93	2006
1818	1	1	235	0	2007
1819	1	1	236	93	2007
1820	2	1	255	0	2005
1821	1	1	241	117	2008
1822	2	1	245	120	2004
1823	1	1	0	94	2009
1824	1	1	246	93	2007
1825	1	1	277	0	0
1826	1	1	250	121	2006
1827	2	1	236	0	2005
1828	1	1	272	100	2008
1829	1	1	0	115	2009
1830	2	1	261	105	2004
1831	1	1	274	89	2007
1832	1	1	259	112	2006
1833	1	1	0	92	2009
1834	1	1	257	90	2006
1835	1	1	253	119	2007
1836	2	1	261	92	2004
1837	1	1	0	122	2009
1838	2	1	259	115	2005
1839	1	1	253	89	2008
1840	1	1	238	91	2006
1841	1	1	272	113	2007
1842	2	1	254	0	0
1843	1	2	272	92	2007
1844	1	1	0	113	2008
1845	1	1	236	116	2005
1846	1	0	0	0	0
1847	1	1	0	93	2009
1848	1	1	259	92	2008
1849	1	1	272	119	2008
1850	1	1	253	87	2008
1851	1	1	257	122	2008
1852	1	1	257	119	2006
1853	1	1	0	97	2009
1854	1	1	265	88	2006
1855	2	1	236	107	2005
1856	2	1	259	115	2003
1857	2	1	244	91	2005
1858	1	1	0	89	2009
1859	1	1	242	122	2008
1860	1	1	272	0	0
1861	2	1	264	93	2005
1862	1	1	257	93	2008
1863	1	1	251	111	2007
1864	1	1	236	121	2006
1865	2	1	255	97	2004
1866	1	1	257	115	2006
1867	1	1	0	97	2008
1868	1	1	250	88	2006
1869	1	1	0	105	0
1870	1	1	272	108	2009
1871	2	1	250	0	2004
1872	1	1	237	90	2008
1873	1	1	242	87	2007
1874	1	1	272	115	2009
1875	1	1	277	108	2009
1876	1	1	269	119	2006
1877	1	1	246	0	2008
1878	3	1	0	0	0
1879	1	1	241	116	2009
1880	1	1	243	93	2009
1881	1	1	0	113	2008
1882	2	1	237	0	2005
1883	1	1	241	0	2008
1884	1	1	259	115	2007
1885	1	1	277	111	2008
1886	1	1	250	95	2008
1887	1	1	250	109	2007
1888	1	1	237	121	2007
1889	1	1	268	99	2007
1890	1	1	275	102	2008
1891	1	1	257	119	2007
1892	2	1	270	0	2005
1893	1	1	253	105	2009
1894	1	1	240	92	2006
1895	2	1	275	0	2005
1896	1	1	252	94	2006
1897	1	1	272	87	2008
1898	1	1	241	93	2006
1899	1	1	257	99	2007
1900	2	1	279	110	2005
1901	1	1	255	97	0
1902	1	1	272	88	2006
1903	1	1	239	97	2008
1904	1	1	257	91	2006
1905	2	1	245	104	2005
1906	1	1	255	122	2008
1907	1	1	279	93	2009
1908	1	1	260	0	2007
1909	1	1	268	123	2008
1910	1	1	0	111	2008
1911	1	1	252	99	2009
1912	2	2	278	0	0
1913	2	1	0	100	2004
1914	1	1	252	110	2007
1915	1	1	0	88	2009
1916	1	1	257	102	2007
1917	1	1	236	116	2007
1918	1	1	272	117	2008
1919	1	1	268	88	2008
1920	1	1	241	92	2009
1921	1	1	246	121	2008
1922	2	1	241	0	2005
1923	1	0	0	0	0
1924	1	1	0	111	2008
1925	1	1	276	121	2008
1926	1	0	269	108	2007
1927	1	1	0	120	2008
1928	1	1	250	108	2006
1929	1	1	0	122	2009
1930	2	1	272	105	2005
1931	1	1	251	107	2006
1932	1	1	244	123	2008
1933	1	0	269	0	2005
1934	2	1	257	89	2003
1935	2	1	250	106	2004
1936	2	0	265	123	2005
1937	1	1	257	99	2007
1938	1	1	0	108	2008
1939	1	1	241	123	2009
1940	1	1	251	92	2007
1941	1	1	257	0	2007
1942	1	1	273	114	2007
1943	2	1	250	0	2005
1944	1	1	274	94	2008
1945	2	0	269	0	2005
1946	1	1	250	88	2008
1947	1	1	246	108	2007
1948	2	1	265	97	2005
1949	1	1	259	106	2005
1950	1	1	255	114	2007
1951	1	1	241	90	2006
1952	1	1	253	120	2005
1953	1	1	236	93	2007
1954	1	1	257	122	2005
1955	2	1	272	106	2005
1956	2	1	254	95	2005
1957	2	0	0	0	0
1958	1	1	272	0	2008
1959	2	1	265	0	2005
1960	1	1	272	99	2007
1961	1	1	272	122	2008
1962	2	1	252	121	2005
1963	1	1	236	119	2006
1964	4	0	0	0	0
1965	1	1	275	123	2007
1966	1	1	257	92	2007
1967	1	1	259	117	2007
1968	1	1	275	94	2006
1969	1	1	259	99	2006
1970	1	0	265	119	2008
1971	1	1	250	92	2006
1972	1	1	0	92	2009
1973	1	1	260	114	2007
1974	1	1	0	89	2008
1975	1	1	272	121	2006
1976	1	1	236	0	2007
1977	2	1	257	0	2004
1978	1	1	267	92	2008
1979	1	1	236	0	2007
1980	2	0	259	106	2005
1981	1	1	241	117	2008
1982	1	1	240	112	2006
1983	1	1	255	0	2006
1984	1	1	0	114	2008
1985	1	1	275	97	2008
1986	1	1	259	95	2006
1987	3	0	238	116	0
1988	1	1	277	112	2009
1989	1	1	269	123	2006
1990	1	1	278	99	2006
1991	1	1	257	121	2007
1992	1	1	241	117	2008
1993	1	1	236	97	2007
1994	2	1	276	88	2005
1995	1	1	249	92	2008
1996	1	1	253	105	2007
1997	1	1	241	112	2008
1998	2	1	240	91	2005
1999	1	0	251	98	2005
2000	1	1	268	90	2006
2001	2	1	242	96	2005
2002	1	1	279	93	2007
2003	1	1	268	100	2006
2004	0	0	0	0	0
2005	1	1	250	0	2007
2006	2	1	237	0	2005
2007	2	1	257	91	2005
2008	1	1	272	93	2007
2009	1	1	269	113	2007
2010	1	1	253	123	2007
2011	1	1	254	95	2007
2012	1	0	0	0	0
2013	1	1	268	122	2009
2014	1	1	253	123	2006
2015	1	0	0	0	0
2016	1	1	252	89	2006
2017	1	1	272	123	2008
2018	2	1	251	91	2005
2019	1	0	0	112	2007
2020	1	1	277	120	2007
2021	1	1	279	122	2007
2022	2	1	272	0	2005
2023	1	0	0	0	0
2024	1	1	272	95	2008
2025	1	1	253	87	2006
2026	1	1	250	115	2007
2027	1	1	251	108	2007
2028	1	1	255	105	2007
2029	2	1	275	0	2005
2030	1	1	240	0	2007
2031	1	1	272	116	2006
2032	2	1	260	0	2005
2033	1	1	246	119	2007
2034	1	1	253	105	2006
2035	1	1	236	88	2007
2036	1	1	257	0	2008
2037	1	1	235	99	2006
2038	2	0	236	121	2005
2039	1	1	268	115	2005
2040	1	1	268	0	2008
2041	2	1	268	0	2005
2042	1	1	245	117	2006
2043	1	1	277	116	2008
2044	2	1	268	108	2005
2045	1	0	0	0	0
2046	2	1	257	102	2003
2047	1	1	272	93	2009
2048	1	1	238	107	2009
2049	1	1	244	117	2008
2050	2	0	235	91	2005
2051	1	1	268	91	2006
2052	1	1	267	88	2008
2053	1	1	0	97	2008
2054	1	1	260	113	2008
2055	2	0	252	108	2005
2056	1	1	275	97	2007
2057	2	1	242	92	2003
2058	1	1	257	121	2008
2059	1	1	0	121	2009
2060	1	1	250	115	2006
2061	1	1	272	109	2009
2062	1	1	272	121	2007
2063	1	1	272	109	2009
2064	1	1	241	100	2008
2065	1	1	259	109	2007
2066	1	1	261	91	2006
2067	1	1	272	122	2006
2068	1	1	275	112	2006
2069	1	1	237	122	2009
2070	1	0	0	0	0
2071	2	1	278	117	2005
2072	1	1	241	117	2008
2073	1	1	276	110	2007
2074	1	1	257	111	2009
2075	1	1	283	88	2007
2076	1	1	254	111	2007
2077	1	1	252	111	2007
2078	1	1	268	113	2006
2079	1	1	260	0	2007
2080	1	1	241	105	2008
2081	1	1	278	115	0
2082	2	1	253	99	2005
2083	1	1	257	126	2006
2084	1	1	0	0	2009
2085	1	1	260	92	2006
2086	1	1	268	99	2007
2087	1	1	257	112	2007
2088	1	1	250	99	2005
2089	1	1	0	88	2009
2090	1	1	279	122	2007
2091	1	1	267	96	2008
2092	0	1	0	113	2008
2093	1	1	244	94	2008
2094	2	1	257	115	2003
2095	1	1	259	87	2006
2096	1	0	253	114	0
2097	1	0	237	116	0
2098	1	1	272	116	2007
2099	1	1	268	107	2007
2100	1	1	250	89	2007
2101	1	1	268	118	2006
2102	2	1	277	0	2004
2103	1	1	267	110	2006
2104	1	1	0	107	2009
2105	1	1	251	94	2008
2106	1	1	265	90	2008
2107	1	1	242	102	2008
2108	1	0	259	0	2008
2109	1	1	281	110	2009
2110	2	1	252	115	2005
2111	2	1	0	111	2008
2112	1	0	279	0	2009
2113	1	1	272	97	2009
2114	1	1	244	97	2006
2115	2	1	277	94	2003
2116	1	1	0	106	2008
2117	1	0	0	87	2006
2118	1	1	0	89	2009
2119	1	1	267	0	2007
2120	1	1	259	119	2008
2121	1	0	0	0	2006
2122	1	1	250	106	2006
2123	1	1	236	105	2009
2124	1	1	250	106	2007
2125	1	1	257	100	2008
2126	1	1	278	105	2008
2127	1	1	238	0	2006
2128	1	0	265	111	2008
2129	1	1	251	93	2007
2130	1	1	257	99	2007
2131	1	1	257	108	2009
2132	1	1	257	100	2008
2133	1	1	251	108	2006
2134	1	1	241	92	2007
2135	2	1	236	119	2005
2136	1	1	253	112	2008
2137	1	1	241	112	2007
2138	1	1	0	108	2009
2139	1	1	257	88	2007
2140	1	0	0	0	0
2141	1	1	236	113	2007
2142	1	1	250	100	2007
2143	1	1	237	116	2007
2144	1	1	274	100	2007
2145	1	0	0	112	0
2146	1	1	253	110	2009
2147	1	1	252	94	2008
2148	1	0	236	106	2008
2149	1	1	244	105	2007
2150	1	1	250	111	2008
2151	1	1	236	0	0
2152	1	1	0	121	2008
2153	1	1	242	89	2008
2154	1	1	252	106	2009
2155	1	1	240	88	2006
2156	1	1	0	92	2009
2157	1	1	253	110	2008
2158	1	1	257	92	2005
2159	1	1	259	87	2007
2160	1	0	246	0	2005
2161	2	1	248	96	2005
2162	1	1	242	115	2008
2163	1	1	259	106	2006
2164	1	1	260	111	2006
2165	1	1	254	88	2006
2166	1	0	236	104	2008
2167	2	1	249	110	2005
2168	1	1	253	104	2008
2169	1	1	250	97	2006
2170	1	1	257	88	2006
2171	1	1	238	106	2008
2172	1	1	253	97	2008
2173	1	1	241	89	2008
2174	1	1	279	90	2006
2175	1	1	257	114	2008
2176	1	1	265	0	2008
2177	2	1	250	102	2005
2178	1	1	272	100	2008
2179	2	1	257	114	2005
2180	2	1	260	107	2005
2181	1	1	272	109	2006
2182	1	1	248	118	2006
2183	1	1	242	102	2008
2184	1	1	0	106	2009
2185	1	1	241	115	2007
2186	1	1	259	107	2006
2187	2	1	268	107	2005
2188	2	1	276	97	2005
2189	1	1	257	107	2007
2190	2	0	257	107	2005
2191	1	1	268	99	2007
2192	1	1	253	123	2007
2193	1	1	241	114	2007
2194	2	1	272	109	2005
2195	1	1	276	97	2006
2196	2	1	246	105	2005
2197	1	1	250	123	2006
2198	1	1	272	0	0
2199	1	1	268	112	2009
2200	1	1	253	0	2006
2201	1	1	260	0	2008
2202	1	1	248	92	2007
2203	2	1	259	0	2005
2204	2	0	0	0	0
2205	1	1	253	94	2007
2206	1	1	238	0	2006
2207	2	1	250	99	2005
2208	2	1	241	121	2005
2209	1	1	250	100	2007
2210	1	0	0	118	0
2211	1	1	270	91	2006
2212	1	1	276	111	2009
2213	1	0	279	105	2007
2214	1	1	278	98	2006
2215	1	1	280	107	2009
2216	1	1	253	119	2008
2217	1	1	250	112	2007
2218	1	1	260	102	2009
2219	1	1	237	87	0
2220	3	2	253	0	0
2221	1	1	275	122	2008
2222	1	1	0	110	2009
2223	1	1	241	111	0
2224	1	1	257	114	2006
2225	1	1	259	88	2008
2226	1	1	254	119	2006
2227	1	1	260	92	2009
2228	1	0	0	0	0
2229	1	1	257	104	2006
2230	1	1	250	92	2007
2231	1	1	260	110	2008
2232	2	0	0	0	0
2233	1	1	0	116	2008
2234	2	1	244	110	2005
2235	1	1	0	113	2008
2236	1	0	275	116	2008
2237	1	1	279	88	2007
2238	2	1	251	88	2005
2239	1	1	268	107	2007
2240	1	1	268	107	2008
2241	1	1	0	120	2008
2242	1	1	252	117	2009
2243	1	1	269	107	2007
2244	1	1	268	99	2006
2245	1	1	257	97	2008
2246	1	1	272	97	2008
2247	1	1	272	105	2009
2248	1	1	239	106	2009
2249	2	1	272	106	2005
2250	1	0	0	115	2006
2251	2	1	241	91	2005
2252	1	1	282	109	2008
2253	3	0	246	0	0
2254	1	0	0	0	0
2255	1	1	0	121	2008
2256	1	1	257	90	2009
2257	1	1	254	0	2006
2258	2	1	239	111	2005
2259	2	1	280	105	2004
2260	2	1	236	90	2004
2261	2	1	279	123	2005
2262	1	1	272	112	2006
2263	1	1	0	111	2009
2264	1	1	237	107	2006
2265	1	1	0	111	0
2266	3	0	241	115	0
2267	1	1	0	112	2008
2268	1	1	257	109	2008
2269	1	1	275	122	2007
2270	1	1	244	106	2009
2271	1	1	257	113	2005
2272	1	1	0	99	2009
2273	1	1	251	102	2006
2274	1	1	257	102	2009
2275	1	0	0	0	0
2276	1	1	250	117	2006
2277	1	0	268	106	2006
2278	1	1	247	123	2009
2279	1	1	256	88	2006
2280	1	0	269	112	2007
2281	1	1	253	102	2006
2282	1	1	268	97	2008
2283	1	1	261	110	2008
2284	2	1	268	99	2005
2285	1	1	0	111	2008
2286	1	1	253	100	2008
2287	2	1	257	99	2005
2288	1	1	272	117	2008
2289	2	1	275	109	2005
2290	1	1	254	102	2006
2291	1	0	0	89	2009
2292	1	0	270	0	0
2293	1	1	257	122	2006
2294	1	1	0	117	2009
2295	1	1	257	93	2009
2296	1	1	237	0	2006
2297	1	1	252	106	2008
2298	1	1	241	104	2006
2299	1	1	0	109	2009
2300	2	1	257	87	2005
2301	1	1	248	108	2009
2302	2	1	257	92	2005
2303	1	1	252	108	2005
2304	1	1	281	94	2008
2305	4	2	237	0	0
2306	1	1	250	108	2009
2307	1	1	255	108	2009
2308	1	1	257	114	2006
2309	1	1	257	105	2008
2310	2	1	257	0	2005
2311	1	1	241	112	2008
2312	1	0	257	99	2006
2313	1	1	277	115	2007
2314	1	1	252	117	2006
2315	2	1	257	100	2003
2316	2	0	272	0	2005
2317	1	1	276	106	2007
2318	1	1	257	98	2006
2319	1	1	0	90	2008
2320	2	1	0	0	2005
2321	1	1	278	111	2008
2322	1	1	0	93	2008
2323	1	1	257	100	2006
2324	1	2	268	0	0
2325	1	1	242	102	0
2326	1	1	237	108	2009
2327	1	1	0	0	2007
2328	1	1	268	0	2008
2329	1	0	0	104	2007
2330	1	1	273	0	2006
2331	1	1	0	111	0
2332	1	1	272	121	2007
2333	2	1	275	102	2004
2334	1	1	257	94	2007
2335	2	1	272	89	2005
2336	1	0	237	0	0
2337	1	1	267	90	2008
2338	1	1	247	92	2008
2339	1	1	241	107	2006
2340	1	1	253	102	2006
2341	1	1	257	116	2006
2342	1	1	259	89	2006
2343	1	1	253	103	2007
2344	2	0	0	0	0
2345	1	1	257	106	2007
2346	1	0	275	105	2006
2347	1	1	274	87	2006
2348	1	1	270	119	2007
2349	1	1	245	93	2007
2350	1	1	240	97	2009
2351	1	1	257	115	2007
2352	2	1	237	114	2004
2353	1	1	268	110	2006
2354	1	1	237	104	2007
2355	1	1	257	106	0
2356	1	1	276	102	2007
2357	1	1	272	93	2008
2358	1	0	259	100	2006
2359	2	1	236	98	2004
2360	2	1	238	93	2005
2361	5	1	272	108	2005
2362	1	1	241	92	2009
2363	1	1	253	108	2007
2364	1	2	246	107	2007
2365	1	1	272	89	2008
2366	1	1	272	93	2008
2367	1	1	260	98	2006
2368	2	1	277	111	2004
2369	1	0	261	97	2007
2370	1	0	0	0	0
2371	2	1	259	118	2005
2372	1	1	0	0	2007
2373	1	1	237	114	2009
2374	1	1	0	109	2009
2375	1	1	250	106	2006
2376	2	1	250	91	2005
2377	1	1	253	99	2006
2378	1	1	253	122	2007
2379	1	1	272	116	2006
2380	1	1	238	117	2007
2381	1	1	261	0	2006
2382	1	0	0	0	0
2383	1	1	284	110	2008
2384	1	1	236	99	2007
2385	1	1	250	99	2008
2386	1	1	260	102	2008
2387	1	1	253	0	0
2388	2	1	240	97	2004
2389	1	1	250	0	2005
2390	1	1	277	0	2006
2391	1	1	254	97	2008
2392	1	1	251	122	2008
2393	1	1	272	123	2009
2394	1	1	257	99	2009
2395	1	0	260	120	2008
2396	1	1	237	100	2009
2397	1	1	251	0	2008
2398	1	1	247	122	2008
2399	1	1	241	89	2008
2400	1	1	237	89	2009
2401	1	1	259	122	2009
2402	1	1	260	117	2008
2403	2	1	273	116	2005
2404	1	1	257	121	2008
2405	1	1	266	123	2009
2406	1	1	0	122	2009
2407	1	1	240	93	2006
2408	1	1	0	92	2009
2409	1	1	0	111	2009
2410	1	1	240	121	2008
2411	1	1	275	121	2008
2412	1	1	246	107	2007
2413	2	1	250	87	2005
2414	2	1	241	91	2005
2415	1	1	253	99	2007
2416	1	1	262	108	2008
2417	2	1	242	0	2005
2418	1	1	237	0	2006
2419	2	1	250	106	2004
2420	1	1	264	94	2008
2421	1	1	248	114	2008
2422	1	1	260	88	2009
2423	1	1	251	108	2006
2424	1	1	0	117	2009
2425	1	1	269	103	2007
2426	1	1	0	123	2008
2427	1	1	250	122	2008
2428	2	1	257	108	2005
2429	1	0	0	119	0
2430	1	1	259	109	2006
2431	4	0	0	0	0
2432	2	1	260	105	2005
2433	1	1	251	0	2008
2434	1	1	277	107	2009
2435	1	0	0	0	0
2436	1	1	261	110	2006
2437	1	0	270	116	2007
2438	1	1	241	107	2008
2439	1	1	274	110	2007
2440	2	1	272	115	2005
2441	2	1	257	98	2005
2442	1	1	257	87	2008
2443	1	1	276	91	2006
2444	1	1	251	87	2008
2445	2	1	252	107	2005
2446	1	1	0	114	2009
2447	1	1	0	94	2008
2448	1	1	0	119	2009
2449	1	1	236	89	2008
2450	1	1	279	97	2007
2451	1	1	280	113	2006
2452	1	1	257	108	2006
2453	1	1	281	105	2009
2454	1	1	251	117	2005
2455	2	1	253	123	2005
2456	2	1	259	88	2004
2457	1	1	246	112	2009
2458	2	1	257	97	2005
2459	1	1	236	0	2006
2460	1	1	257	117	2008
2461	1	0	0	0	0
2462	1	1	0	115	2009
2463	1	0	241	106	2006
2464	1	1	262	89	2008
2465	1	1	278	110	2007
2466	1	1	280	89	2008
2467	1	0	251	99	2006
2468	1	1	250	112	2007
2469	1	1	242	90	2008
2470	1	1	265	107	2006
2471	1	1	261	111	2007
2472	1	1	237	94	2007
2473	1	1	248	97	2009
2474	1	1	257	100	2006
2475	2	1	237	110	2005
2476	1	1	265	123	2008
2477	2	0	0	0	0
2478	1	1	0	117	2009
2479	1	1	0	121	2009
2480	1	1	259	97	0
2481	1	0	257	88	2006
2482	1	1	241	87	2008
2483	2	1	272	91	2005
2484	1	1	0	93	2009
2485	1	1	0	90	2008
2486	1	1	277	98	2006
2487	1	1	0	94	2009
2488	1	1	241	87	2009
2489	1	1	0	97	2009
2490	1	1	267	0	2007
2491	1	1	250	109	2007
2492	2	1	265	123	2005
2493	1	1	272	122	2006
2494	1	1	252	122	2008
2495	1	0	0	97	0
2496	1	1	241	102	2006
2497	1	0	257	112	2005
2498	1	1	252	110	2008
2499	1	1	248	123	2006
2500	1	1	257	90	2007
2501	2	1	269	123	2005
2502	1	1	236	107	2007
2503	1	1	257	100	2006
2504	1	0	272	122	2006
2505	1	1	257	100	2008
2506	1	1	259	0	0
2507	1	1	267	0	2006
2508	1	1	265	109	2006
2509	1	1	241	106	2006
2510	1	1	253	106	2008
2511	2	1	270	91	2005
2512	1	1	257	90	2007
2513	1	1	242	112	2006
2514	1	1	257	115	2007
2515	2	1	259	99	2005
2516	1	1	240	89	2006
2517	2	1	272	0	2005
2518	1	1	257	92	2006
2519	1	1	265	114	2009
2520	1	1	0	87	2009
2521	1	1	257	108	2007
2522	1	1	241	108	2008
2523	1	1	252	97	2007
2524	1	1	257	100	2005
2525	1	1	0	92	2009
2526	2	1	272	104	2005
2527	1	2	236	101	2010
2528	1	1	244	87	2008
2529	1	1	260	0	0
2530	1	0	235	0	2007
2531	1	1	278	111	2007
2532	2	1	242	100	2005
2533	1	0	236	101	0
2534	1	1	270	97	2007
2535	1	1	261	92	2006
2536	1	1	253	106	2006
2537	3	1	252	108	0
2538	1	1	259	110	2007
2539	1	1	253	119	2009
2540	1	1	250	106	2007
2541	1	1	0	121	2009
2542	1	1	270	119	2006
2543	1	1	272	99	2008
2544	1	1	272	104	2007
2545	1	1	257	97	2009
2546	2	1	250	109	2004
2547	2	0	0	0	0
2548	1	1	0	97	2008
2549	1	1	253	121	2009
2550	1	1	0	115	2008
2551	1	1	241	106	2009
2552	1	0	0	0	0
2553	1	1	270	108	2008
2554	1	1	0	94	2008
2555	1	1	254	98	2006
2556	2	1	255	119	2005
2557	1	1	265	105	2006
2558	1	1	281	120	2009
2559	1	1	0	112	2008
2560	1	1	259	116	2006
2561	1	1	238	90	2009
2562	1	0	253	101	2006
2563	2	1	257	115	2005
2564	1	1	257	117	2009
2565	1	0	0	0	0
2566	2	1	277	0	2004
2567	2	0	246	0	2004
2568	1	1	250	111	2006
2569	1	1	252	116	2007
2570	1	1	257	93	2007
2571	1	1	278	88	2007
2572	1	1	279	105	2006
2573	1	1	259	96	2005
2574	2	1	253	0	2005
2575	1	1	257	116	2008
2576	1	1	250	94	2007
2577	1	1	247	0	0
2578	1	1	257	92	2006
2579	1	1	272	93	2006
2580	1	1	257	92	2008
2581	2	1	247	0	2005
2582	1	1	268	116	2006
2583	2	1	236	93	2005
2584	1	1	274	96	2006
2585	1	0	0	0	0
2586	1	1	0	97	0
2587	1	1	239	89	2006
2588	1	1	257	108	2008
2589	2	1	257	111	2005
2590	2	1	250	99	2004
2591	1	1	253	107	2009
2592	1	1	257	100	2006
2593	1	1	257	112	2004
2594	1	1	257	115	2005
2595	1	1	268	91	2005
2596	1	1	0	122	2008
2597	1	1	253	120	2007
2598	1	1	259	119	2006
2599	1	1	240	93	2007
2600	1	0	257	0	2007
2601	2	1	241	119	2005
2602	1	0	245	88	0
2603	1	1	261	92	2009
2604	2	1	242	119	2003
2605	1	1	252	111	2008
2606	1	1	269	113	2006
2607	1	1	270	89	2006
2608	1	1	269	120	2007
2609	1	1	259	117	2007
2610	2	1	277	92	2005
2611	1	1	253	90	2009
2612	2	1	251	0	0
2613	1	1	273	100	2006
2614	1	1	260	123	2008
2615	1	1	260	112	2006
2616	1	1	259	106	2006
2617	1	1	260	87	2008
2618	1	1	0	97	2009
2619	1	1	278	123	2009
2620	1	1	241	93	2008
2621	2	1	259	0	2005
2622	1	1	250	107	2006
2623	2	1	257	108	2004
2624	1	1	259	114	2007
2625	2	1	257	110	2005
2626	1	1	252	90	2008
2627	1	1	257	108	2008
2628	1	1	0	113	2008
2629	1	1	0	89	2009
2630	2	1	236	116	2005
2631	1	1	255	110	2007
2632	1	1	259	121	2007
2633	1	1	236	0	2007
2634	2	0	253	88	2005
2635	2	1	272	0	2005
2636	1	1	240	108	2006
2637	1	1	277	99	2006
2638	2	1	0	102	2004
2639	1	1	245	100	2006
2640	1	1	244	117	2006
2641	1	1	277	108	2008
2642	1	1	0	100	2007
2643	2	1	0	0	2004
2644	1	1	267	109	2008
2645	1	1	257	97	2006
2646	1	1	268	115	2006
2647	1	1	257	119	2007
2648	1	1	268	100	2009
2649	1	0	0	0	0
2650	2	1	241	109	2003
2651	1	1	251	0	2008
2652	1	1	0	120	2008
2653	1	1	277	107	2006
2654	2	1	241	90	2005
2655	1	1	246	109	2008
2656	1	0	245	114	2008
2657	1	1	250	107	2007
2658	1	0	240	102	2008
2659	1	1	277	113	2008
2660	1	1	272	113	2006
2661	1	1	253	111	2007
2662	1	1	250	92	2007
2663	1	1	252	121	0
2664	1	1	257	87	2008
2665	1	1	257	91	2006
2666	1	1	241	112	2008
2667	1	0	252	104	2008
2668	1	1	236	115	2006
2669	1	1	253	114	2006
2670	1	1	278	99	2007
2671	2	1	252	100	2005
2672	1	1	279	98	2006
2673	1	1	255	87	2007
2674	1	1	251	92	2007
2675	2	1	257	115	2005
2676	1	1	0	117	2008
2677	1	1	268	121	2009
2678	1	1	276	0	2006
2679	1	1	272	0	2008
2680	1	1	257	0	0
2681	1	1	277	87	2008
2682	1	0	0	0	0
2683	2	1	272	109	2005
2684	3	1	267	0	0
2685	1	1	245	117	2008
2686	1	1	257	116	2006
2687	2	1	265	121	2005
2688	1	1	257	88	2008
2689	2	1	250	106	2003
2690	1	1	257	123	2007
2691	1	1	251	97	2009
2692	2	1	265	91	2005
2693	1	1	257	107	2006
2694	1	1	0	109	2009
2695	2	1	267	95	2004
2696	1	1	0	94	2009
2697	2	1	272	0	2005
2698	1	1	269	110	2007
2699	1	0	0	0	0
2700	1	1	272	94	2007
2701	1	1	237	117	2009
2702	1	1	248	100	2007
2703	1	1	257	92	2008
2704	1	1	257	121	2006
2705	2	1	253	93	2005
2706	1	1	252	120	2007
2707	1	1	259	105	2006
2708	1	1	272	111	2006
2709	1	1	257	0	2007
2710	1	1	0	89	2009
2711	1	1	271	0	2006
2712	5	1	273	0	0
2713	1	1	253	113	2008
2714	1	1	279	120	2008
2715	1	0	269	90	2006
2716	1	1	251	113	2009
2717	1	1	257	108	2009
2718	1	1	272	0	2007
2719	1	1	251	97	2006
2720	1	0	250	97	0
2721	5	1	240	0	0
2722	1	1	250	94	2006
2723	1	1	250	0	2007
2724	2	1	264	0	2005
2725	2	1	236	97	2005
2726	1	0	255	118	2007
2727	2	1	272	0	2005
2728	1	1	240	115	2009
2729	1	0	0	0	0
2730	1	1	257	97	2007
2731	1	1	246	108	2008
2732	1	1	253	92	2009
2733	1	0	0	96	2008
2734	1	1	0	112	2008
2735	2	0	0	0	0
2736	1	1	246	0	2007
2737	1	1	259	94	2008
2738	1	1	241	114	2006
2739	2	1	275	90	2005
2740	1	1	0	87	2008
2741	1	1	250	96	2009
2742	1	1	257	87	2009
2743	1	1	241	112	2009
2744	1	1	249	113	2006
2745	1	1	271	122	2007
2746	1	1	272	109	2008
2747	2	1	277	87	2005
2748	2	1	245	105	2004
2749	2	1	243	119	2005
2750	1	1	241	116	2006
2751	2	1	277	123	2005
2752	1	1	273	108	2009
2753	2	1	250	93	2005
2754	1	1	241	110	2008
2755	1	1	0	93	2009
2756	1	1	241	115	0
2757	2	0	236	0	2005
2758	1	1	236	107	2006
2759	1	1	272	108	2006
2760	2	1	253	108	2005
2761	1	1	249	114	2008
2762	1	1	0	113	2008
2763	2	1	242	88	2005
2764	1	1	245	111	2008
2765	1	1	272	98	2006
2766	1	0	0	0	2006
2767	2	1	250	102	0
2768	1	1	250	112	2008
2769	1	1	253	119	2008
2770	1	1	251	0	2007
2771	1	1	253	87	2007
2772	1	1	279	99	2009
2773	1	1	0	106	2008
2774	3	1	255	97	2007
2775	1	0	0	0	0
2776	1	1	241	93	2008
2777	1	2	247	0	0
2778	1	1	0	122	2008
2779	1	1	250	0	2007
2780	1	1	238	91	2006
2781	1	1	277	115	2009
2782	2	1	278	97	2005
2783	1	1	250	0	0
2784	1	0	0	116	0
2785	1	1	257	115	2006
2786	1	0	275	122	2006
2787	1	1	269	111	2007
2788	1	1	250	0	2006
2789	1	1	257	105	2008
2790	2	1	272	108	2005
2791	2	1	260	98	2005
2792	1	1	268	97	2006
2793	4	1	0	0	1982
2794	1	1	257	89	2008
2795	2	1	252	0	2005
2796	1	1	253	121	2008
2797	1	1	0	0	2008
2798	1	2	247	99	2007
2799	1	1	269	93	2007
2800	2	1	0	99	2002
2801	1	1	235	109	2006
2802	2	1	259	121	2005
2803	1	1	260	90	2006
2804	1	1	269	0	2007
2805	2	0	0	122	2004
2806	2	1	279	99	2005
2807	1	0	268	90	2007
2808	1	1	257	106	2006
2809	1	1	279	120	2007
2810	2	1	264	88	2005
2811	1	1	250	110	0
2812	2	1	250	110	2005
2813	1	1	257	98	2006
2814	1	1	236	110	2007
2815	1	1	0	121	2008
2816	1	1	268	105	2009
2817	1	0	269	95	2007
2818	1	1	277	105	2008
2819	1	1	267	95	2006
2820	2	1	257	123	2004
2821	2	1	259	87	2005
2822	1	1	252	119	2009
2823	1	1	241	111	2009
2824	1	1	255	105	2008
2825	2	1	245	0	2004
2826	1	1	268	115	2008
2827	1	1	253	119	2007
2828	1	1	272	119	2009
2829	4	0	0	0	0
2830	1	1	252	107	2007
2831	1	1	268	0	2008
2832	1	1	253	0	2006
2833	2	1	244	90	2005
2834	1	1	0	119	2009
2835	1	0	241	0	2006
2836	1	0	240	88	2006
2837	1	1	275	103	2007
2838	1	1	0	89	2009
2839	1	1	0	117	2008
2840	2	1	257	102	2005
2841	1	1	0	113	2009
2842	1	1	250	92	2007
2843	1	0	247	106	2009
2844	1	1	262	107	2007
2845	1	1	237	90	2008
2846	1	1	241	105	2007
2847	1	1	251	123	2007
2848	2	0	241	105	2004
2849	2	1	242	122	2005
2850	5	0	0	0	0
2851	1	1	244	105	2009
2852	1	1	0	105	2009
2853	1	0	236	118	2006
2854	1	0	268	98	2006
2855	1	1	268	88	2006
2856	1	1	268	121	2007
2857	1	1	260	106	2009
2858	1	1	257	109	2008
2859	1	1	252	93	2007
2860	1	1	257	116	2007
2861	1	1	252	106	2008
2862	1	2	267	98	2010
2863	1	1	265	100	2007
2864	1	1	277	0	2006
2865	2	1	237	111	2005
2866	2	1	257	90	2005
2867	1	1	265	102	2006
2868	1	1	272	122	2006
2869	1	1	269	90	2008
2870	1	1	253	94	2008
2871	1	1	260	111	2009
2872	1	1	236	105	2007
2873	1	1	272	108	2008
2874	2	1	257	93	2005
2875	1	1	260	121	2007
2876	1	1	241	105	2009
2877	1	0	0	121	0
2878	2	1	250	88	2005
2879	1	1	279	88	2006
2880	1	1	253	89	2006
2881	1	1	0	114	2008
2882	2	0	252	0	2005
2883	2	1	0	0	0
2884	2	1	257	115	2005
2885	1	1	272	0	2006
2886	1	1	0	119	2009
2887	2	1	257	110	2001
2888	1	0	0	0	0
2889	1	1	0	97	2009
2890	2	1	247	101	2005
2891	1	1	241	102	2007
2892	1	1	278	117	2006
2893	1	1	272	117	2008
2894	1	1	272	114	2006
2895	2	1	237	0	2005
2896	1	1	253	88	2009
2897	2	1	245	98	2005
2898	2	1	257	102	2005
2899	1	1	251	93	2009
2900	1	1	257	121	2008
2901	1	1	259	110	2006
2902	1	1	237	107	2009
2903	1	0	0	0	0
2904	1	1	257	113	2007
2905	1	1	0	122	2008
2906	2	1	254	95	2005
2907	1	2	0	0	0
2908	1	1	257	0	2009
2909	2	1	250	121	2004
2910	2	1	259	0	2005
2911	1	1	268	108	2007
2912	2	1	251	110	2005
2913	1	1	0	106	2008
2914	1	1	252	100	2008
2915	1	1	0	92	2008
2916	1	1	250	94	2006
2917	1	1	252	0	2008
2918	1	1	0	114	2008
2919	1	1	241	92	2006
2920	1	1	252	107	2008
2921	1	1	241	98	2006
2922	1	1	253	112	2006
2923	1	1	235	117	2008
2924	1	1	281	119	2008
2925	1	1	272	107	2006
2926	1	1	272	111	2007
2927	2	1	251	0	2005
2928	2	1	241	0	2005
2929	1	1	260	107	2005
2930	1	1	259	116	2006
2931	1	1	271	112	2008
2932	1	0	0	0	0
2933	1	1	0	87	2007
2934	2	0	257	0	2005
2935	2	1	253	109	1955
2936	2	1	250	111	2004
2937	2	1	257	115	2004
2938	1	1	0	100	2009
2939	2	1	268	109	2005
2940	1	1	272	113	2008
2941	2	1	242	0	2005
2942	1	1	253	113	2007
2943	1	1	241	90	2008
2944	2	1	0	106	2005
2945	1	1	0	120	2009
2946	2	1	259	115	2004
2947	1	1	241	101	2006
2948	1	1	279	88	2007
2949	2	1	251	93	2004
2950	1	1	0	97	2008
2951	1	1	0	106	2009
2952	1	1	252	89	2007
2953	1	1	251	115	2008
2954	1	1	259	90	2006
2955	1	1	0	113	2008
2956	1	1	253	102	2008
2957	1	1	239	109	2007
2958	2	1	276	98	2005
2959	1	0	253	108	0
2960	1	1	277	121	2008
2961	1	0	275	116	2006
2962	1	1	268	114	2006
2963	1	1	236	97	2009
2964	1	1	236	111	2007
2965	2	1	257	94	0
2966	1	0	0	106	2008
2967	1	1	261	99	2007
2968	1	1	256	108	2008
2969	2	1	249	0	2005
2970	1	1	241	112	2006
