id	status	gender	major	dorm	year
1	1	1	175	60	2008
2	1	1	0	62	2008
3	1	1	164	71	2006
4	1	1	146	67	2008
5	1	1	0	59	2009
6	1	1	137	0	0
7	1	2	147	53	2008
8	1	1	160	72	2009
9	4	0	0	0	0
10	1	2	134	55	2007
11	1	1	128	67	2006
12	1	1	144	70	2006
13	1	1	147	66	2006
14	1	0	0	0	0
15	1	2	170	66	2008
16	1	1	170	55	2006
17	1	1	0	58	2008
18	2	1	137	0	2005
19	1	1	162	0	2006
20	1	2	0	67	2009
21	1	1	0	67	2009
22	1	2	0	0	2009
23	1	2	164	52	2008
24	1	1	137	61	2007
25	1	1	127	0	2008
26	1	2	147	51	2008
27	1	2	133	70	2005
28	2	2	153	0	2004
29	1	1	0	67	2009
30	1	0	0	0	0
31	1	2	134	72	2009
32	1	1	0	72	2009
33	1	2	134	60	2007
34	1	2	134	59	2009
35	1	1	160	69	0
36	1	1	125	71	2006
37	1	2	0	52	2009
38	1	2	0	72	2009
39	2	2	144	64	2004
40	1	0	0	0	0
41	1	1	160	52	2007
42	1	1	167	71	2007
43	1	2	134	67	2009
44	2	1	125	70	2005
45	1	2	164	0	2009
46	1	2	136	55	2009
47	1	1	166	0	2006
48	2	1	0	0	2008
49	1	1	170	62	2007
50	2	0	166	71	0
51	1	2	158	54	2007
52	1	2	137	65	2006
53	1	0	0	0	0
54	1	1	0	0	2007
55	1	2	134	75	2005
56	1	1	0	67	2009
57	1	1	168	62	2006
58	1	2	134	62	2007
59	1	1	147	67	2008
60	1	1	0	67	2009
61	1	1	135	63	2006
62	1	2	136	0	2007
63	1	1	166	71	2006
64	2	2	136	0	2005
65	1	2	162	0	2006
66	1	2	162	63	2008
67	1	2	137	61	2008
68	1	1	0	72	2008
69	1	2	162	72	2009
70	1	0	128	0	2007
71	1	1	128	75	2006
72	1	2	134	60	2007
73	2	1	166	0	2005
74	1	2	123	51	2007
75	1	1	134	63	2008
76	1	2	127	67	2009
77	1	1	0	67	2009
78	1	1	0	59	2009
79	1	2	137	72	2007
80	1	2	134	57	2007
81	1	1	166	58	2007
82	1	1	137	61	2009
83	2	2	134	0	2005
84	1	2	127	54	2007
85	1	2	0	0	2006
86	1	1	125	62	2008
87	2	0	0	0	0
88	1	1	158	57	2008
89	1	2	148	0	2006
90	2	1	164	0	2005
91	1	2	134	63	2006
92	1	1	144	63	2008
93	1	1	122	58	2008
94	1	1	127	0	2009
95	1	2	122	59	2008
96	1	1	0	72	2009
97	1	1	164	68	2006
98	2	1	134	0	2004
99	3	2	0	0	0
100	2	2	137	0	0
101	1	2	164	57	2008
102	1	0	0	0	0
103	1	1	137	55	2009
104	1	1	0	61	2009
105	2	2	164	0	2005
106	2	1	164	0	2005
107	1	1	127	63	2006
108	1	2	134	56	2007
109	2	1	134	0	2005
110	1	0	134	0	2006
111	1	1	134	71	2006
112	1	1	160	54	2008
113	1	1	0	0	2008
114	1	1	0	72	2008
115	1	2	164	62	2006
116	2	2	136	0	2004
117	1	1	125	63	2008
118	1	1	158	0	2007
119	1	0	137	59	0
120	1	2	136	62	2007
121	1	1	164	0	2007
122	1	2	164	0	2007
123	1	2	0	0	2009
124	2	2	127	0	2002
125	1	1	0	64	2008
126	1	2	168	51	2007
127	1	2	0	72	2009
128	1	2	147	60	2007
129	2	2	0	0	0
130	1	1	164	69	2008
131	1	1	136	58	2007
132	1	1	164	59	2008
133	1	1	137	60	2007
134	1	2	0	0	0
135	1	1	0	67	2009
136	1	2	0	0	2009
137	1	2	0	67	2009
138	4	1	0	0	0
139	2	2	173	0	2005
140	1	1	0	55	2009
141	1	2	134	63	2006
142	1	2	134	59	2009
143	1	1	0	61	2009
144	1	1	122	51	2008
145	1	1	134	0	2007
146	1	2	0	63	2008
147	2	2	164	0	2005
148	1	1	137	0	2007
149	1	1	153	64	2007
150	1	1	129	65	2006
151	1	2	168	63	2006
152	2	1	173	0	2005
153	2	2	147	0	2001
154	1	1	147	71	2006
155	1	1	0	67	2009
156	1	0	128	0	0
157	1	1	0	60	2007
158	1	2	144	71	2006
159	1	0	0	0	2007
160	1	2	0	61	2009
161	1	2	0	55	2008
162	1	2	0	67	2009
163	1	1	164	63	2007
164	1	1	0	61	2009
165	1	2	128	65	2008
166	1	1	162	58	2008
167	1	2	0	52	2009
168	1	1	166	71	2005
169	1	1	164	71	2006
170	1	1	166	0	0
171	1	1	127	53	2006
172	1	2	167	73	2007
173	1	1	0	72	2009
174	1	0	0	0	0
175	1	2	178	64	2008
176	1	0	125	63	2008
177	1	2	0	60	2008
178	1	2	137	60	2007
179	1	1	127	54	2006
180	1	1	127	61	2009
181	1	2	136	60	2006
182	1	1	167	60	2007
183	1	1	0	72	2008
184	2	2	175	0	2004
185	1	2	164	68	2007
186	1	2	128	0	2006
187	1	2	0	71	2006
188	1	2	144	67	2009
189	1	2	134	73	2008
190	1	2	134	0	2005
191	2	2	134	71	2005
192	1	1	144	70	2007
193	1	2	164	67	2009
194	2	1	148	0	2005
195	2	2	137	0	2003
196	2	1	133	0	2004
197	1	2	135	0	2006
198	1	2	127	70	2006
199	1	2	0	60	2008
200	1	2	0	52	2009
201	1	1	0	61	2009
202	1	2	0	0	2008
203	1	2	128	67	2009
204	2	2	137	0	0
205	2	0	0	0	0
206	1	1	0	67	2009
207	1	1	147	63	2006
208	1	1	0	61	2009
209	1	2	134	0	2006
210	1	1	0	61	2009
211	1	1	147	70	2006
212	1	1	0	58	2008
213	1	1	134	58	2008
214	1	2	0	0	2006
215	1	2	164	74	2007
216	1	2	136	57	2007
217	2	1	127	0	2005
218	1	2	136	63	2008
219	1	2	164	59	2008
220	1	2	134	57	2006
221	1	1	125	0	2007
222	1	2	137	71	2005
223	1	2	130	70	2007
224	1	2	166	58	2007
225	1	1	164	57	2008
226	1	1	125	70	2006
227	1	2	0	67	2008
228	2	2	122	0	2005
229	2	2	133	0	2004
230	1	1	0	67	2008
231	1	1	158	0	2007
232	1	2	0	57	2009
233	1	1	170	65	2006
234	1	1	137	0	2007
235	1	2	127	51	2007
236	1	1	0	0	2007
237	2	2	136	70	2005
238	1	0	0	0	0
239	2	2	144	0	2005
240	1	1	178	63	2007
241	2	1	122	0	2005
242	1	2	134	68	2007
243	1	2	162	60	2007
244	2	1	167	71	2005
245	1	2	134	66	2006
246	1	2	163	53	2007
247	2	1	164	71	2005
248	2	2	0	0	2004
249	2	1	164	0	2004
250	1	1	166	60	2007
251	1	1	134	64	2008
252	1	2	128	0	0
253	2	1	128	0	2005
254	1	0	137	0	0
255	1	1	0	58	2008
256	1	1	158	57	2008
257	1	1	0	61	2009
258	1	1	123	0	2007
259	1	1	127	57	2007
260	1	2	166	0	2007
261	1	1	160	58	2008
262	2	1	162	0	2005
263	1	1	146	63	2008
264	1	2	134	66	2006
265	1	2	164	0	2006
266	2	2	128	0	2005
267	1	2	134	0	2007
268	1	0	164	51	2007
269	1	2	0	61	2009
270	1	2	0	61	2009
271	1	2	134	59	2008
272	1	1	0	67	2009
273	1	0	134	67	0
274	1	2	0	0	2009
275	1	0	0	0	0
276	2	1	128	55	2004
277	1	2	139	0	2006
278	1	1	146	69	2006
279	1	1	164	0	2008
280	1	1	0	67	2009
281	1	1	128	67	2008
282	1	2	0	64	2007
283	2	1	160	0	2005
284	2	2	164	0	2005
285	1	1	144	0	2006
286	1	2	0	0	0
287	2	2	170	0	2004
288	1	1	164	0	2007
289	1	2	0	0	2009
290	1	1	0	52	2009
291	1	0	0	0	0
292	1	1	0	0	2006
293	1	0	134	0	2007
294	2	2	147	0	2005
295	1	1	175	60	2006
296	1	2	134	55	2009
297	1	1	0	57	2009
298	1	0	144	64	2007
299	2	2	166	0	2005
300	2	1	127	0	2005
301	2	1	0	0	2005
302	2	1	166	0	2005
303	1	1	166	57	2009
304	1	1	0	58	2008
305	1	2	0	59	2009
306	2	1	136	0	2005
307	2	2	134	0	0
308	2	1	135	0	2005
309	1	1	122	72	2008
310	1	1	144	61	2009
311	1	1	173	55	2009
312	1	2	134	72	2009
313	1	1	0	72	2009
314	1	1	167	52	2008
315	1	2	147	59	2009
316	1	2	134	61	2009
317	1	2	144	70	2007
318	1	1	0	52	2009
319	1	2	134	70	2006
320	1	1	147	67	2009
321	1	2	127	60	2007
322	1	1	0	52	2008
323	1	1	134	51	2005
324	1	2	164	60	2007
325	1	1	0	72	2006
326	2	1	135	0	2005
327	1	1	166	71	2006
328	2	2	164	71	2005
329	2	2	128	71	2005
330	5	0	144	0	0
331	2	1	164	0	2005
332	1	1	128	67	2009
333	1	0	0	0	0
334	1	2	0	0	2005
335	1	1	127	52	2006
336	2	1	137	0	2005
337	1	2	141	51	2008
338	1	0	0	0	0
339	1	1	134	0	2007
340	1	1	164	0	2005
341	2	1	153	0	2004
342	1	1	178	71	2006
343	1	2	0	0	2009
344	1	2	134	63	2008
345	1	1	0	62	2008
346	1	2	153	64	2007
347	4	1	0	0	0
348	1	2	128	70	2006
349	2	2	144	0	2005
350	1	1	127	54	2007
351	1	2	147	70	2007
352	2	2	133	0	2004
353	1	0	166	70	2006
354	1	1	0	56	2008
355	1	1	0	57	2009
356	1	2	0	67	2009
357	1	0	166	62	2007
358	1	1	147	0	2007
359	1	2	0	72	2009
360	1	1	0	72	2009
361	1	2	0	55	2008
362	1	2	167	63	2008
363	2	1	144	0	2003
364	1	1	0	67	2009
365	1	2	0	52	2008
366	1	1	0	0	2007
367	1	1	146	0	2007
368	1	2	136	51	2008
369	1	2	134	51	2008
370	2	1	166	0	2005
371	1	1	0	52	2009
372	1	1	0	67	2009
373	1	1	133	0	2006
374	1	1	137	58	2008
375	2	1	166	0	2004
376	1	1	170	71	2006
377	1	2	136	67	2009
378	1	2	168	70	2007
379	1	1	0	72	2009
380	1	1	128	59	2005
381	5	2	160	0	2003
382	1	2	134	69	2006
383	1	0	0	0	0
384	1	2	144	67	2008
385	1	2	136	52	2008
386	2	2	162	0	2005
387	1	2	134	0	2008
388	2	1	0	0	2004
389	1	1	162	64	2007
390	2	0	134	0	2005
391	1	2	134	57	2006
392	4	0	0	0	0
393	2	1	123	0	2004
394	2	2	134	0	2005
395	4	2	0	0	2006
396	1	2	0	72	2009
397	2	2	164	0	2005
398	1	1	144	57	2006
399	1	1	144	0	2007
400	1	2	168	53	2006
401	1	1	134	58	2007
402	2	0	136	0	0
403	1	2	164	75	2004
404	1	1	166	67	2008
405	1	1	134	0	2006
406	1	1	125	62	2007
407	2	2	166	0	2005
408	2	1	164	0	2005
409	1	2	134	51	2008
410	2	1	175	0	2004
411	1	1	166	0	2006
412	1	2	175	61	2009
413	1	2	164	63	2008
414	1	1	136	59	2008
415	1	2	136	60	2008
416	1	2	0	0	2009
417	1	2	0	61	2009
418	1	2	134	52	2009
419	1	1	166	0	2006
420	1	2	0	0	2009
421	1	1	137	63	2008
422	1	1	170	54	2007
423	1	1	137	71	2006
424	1	1	0	67	2009
425	2	2	127	65	2005
426	1	2	166	71	2006
427	2	2	168	0	2002
428	1	2	136	67	2009
429	1	2	164	0	2006
430	1	2	0	55	2009
431	1	2	128	59	2004
432	1	0	144	0	2005
433	1	1	153	63	2008
434	1	1	125	60	2006
435	1	1	166	72	2008
436	2	1	164	0	2005
437	2	1	167	0	2004
438	1	2	164	59	2008
439	1	1	0	60	2007
440	1	2	134	60	2007
441	2	1	137	0	2005
442	1	1	0	0	2007
443	1	2	166	0	2007
444	1	2	134	0	2006
445	1	2	147	72	2007
446	1	1	0	72	2009
447	1	2	0	0	2007
448	1	2	144	58	2006
449	1	2	164	64	2008
450	1	2	162	65	2006
451	1	1	0	60	2007
452	1	2	163	0	2006
453	1	1	0	67	2009
454	1	1	0	72	2009
455	1	2	139	57	2006
456	1	1	166	61	2009
457	1	2	134	72	2009
458	1	2	0	57	2009
459	1	2	164	0	2007
460	1	2	134	71	2006
461	1	2	164	67	2007
462	1	1	0	72	2009
463	1	1	164	52	2009
464	1	2	135	63	2008
465	2	1	137	0	2005
466	1	1	147	67	2009
467	1	1	166	61	2007
468	1	2	134	57	2006
469	1	2	134	65	2008
470	1	2	0	0	2006
471	2	1	166	65	2005
472	2	2	134	69	2005
473	1	1	0	67	2009
474	1	2	134	73	2007
475	1	2	179	59	2009
476	1	1	164	57	2009
477	1	2	144	0	2008
478	1	2	162	70	2007
479	1	2	127	55	2008
480	1	2	134	64	2008
481	1	0	0	0	0
482	1	2	0	57	2009
483	1	1	164	52	2009
484	1	2	163	52	2009
485	1	2	166	55	2009
486	2	1	137	71	2003
487	1	1	0	72	2009
488	1	2	134	67	2008
489	1	1	135	58	2007
490	1	1	153	58	2008
491	1	2	0	0	2009
492	1	1	0	55	2008
493	1	2	168	0	2006
494	1	2	129	62	2008
495	2	1	160	67	2004
496	1	1	134	70	2006
497	1	1	127	67	2007
498	1	1	0	72	2009
499	1	1	0	0	2007
500	2	1	166	0	2005
501	1	1	157	69	2006
502	1	0	172	62	2007
503	1	2	164	0	2006
504	1	1	135	75	2006
505	2	1	134	0	2004
506	1	1	123	63	2007
507	2	1	0	0	2005
508	1	2	134	59	2009
509	1	1	122	66	2006
510	1	2	0	0	2006
511	2	2	0	0	2004
512	4	2	167	61	2004
513	1	0	0	56	2008
514	1	2	0	59	0
515	1	2	137	0	2006
516	1	1	144	0	2007
517	1	2	134	0	2006
518	1	2	137	55	2009
519	1	2	0	63	2007
520	2	1	125	0	2005
521	2	1	175	0	2004
522	1	2	139	70	2005
523	2	1	134	71	2005
524	2	2	122	62	2003
525	1	2	0	67	2009
526	1	2	134	67	2009
527	1	2	128	63	2008
528	2	2	133	0	2005
529	1	2	0	72	2009
530	1	0	0	0	2008
531	1	2	164	0	2006
532	1	2	137	55	2008
533	1	2	166	63	2008
534	1	1	168	57	2006
535	1	1	0	57	2007
536	1	2	134	68	2008
537	1	0	0	0	0
538	1	1	137	64	2007
539	1	2	127	59	2006
540	2	1	0	0	2004
541	1	2	136	60	2008
542	1	0	0	0	0
543	1	2	144	60	2007
544	1	2	144	71	2005
545	1	2	146	52	2009
546	1	2	137	61	2009
547	1	2	127	58	2008
548	2	2	134	0	2004
549	1	1	137	57	2006
550	1	2	0	59	2009
551	2	1	135	0	2003
552	1	2	0	0	2006
553	1	1	164	58	2007
554	1	2	162	57	2008
555	1	1	0	72	2009
556	2	1	137	0	2005
557	1	0	164	0	2006
558	5	0	0	0	0
559	2	1	147	0	2005
560	1	2	160	60	2007
561	1	0	164	0	2007
562	2	2	0	71	2005
563	1	2	178	51	2008
564	1	2	167	0	2006
565	1	0	0	0	0
566	1	2	144	59	2008
567	1	2	136	70	2007
568	1	1	173	0	2006
569	1	2	144	62	2006
570	1	2	170	57	2006
571	1	1	166	62	2007
572	2	2	134	0	0
573	2	1	137	0	2005
574	1	1	0	72	2009
575	1	2	149	56	2007
576	2	1	170	0	2004
577	1	2	170	60	2007
578	1	1	158	61	2008
579	1	1	0	60	2007
580	1	1	144	68	2007
581	1	2	0	61	2008
582	2	1	133	0	2005
583	1	1	139	51	2008
584	1	0	177	57	2006
585	1	1	127	67	2009
586	1	2	0	52	2009
587	1	2	0	51	2008
588	1	1	0	67	2008
589	1	1	166	63	2007
590	2	2	136	0	2005
591	2	2	0	0	2004
592	1	1	0	52	2009
593	2	1	137	0	2005
594	1	1	0	58	2008
595	1	1	170	64	2007
596	1	2	164	0	0
597	1	2	147	70	2007
598	1	1	0	57	2009
599	1	0	164	60	2007
600	2	1	137	0	2005
601	1	0	167	70	2006
602	2	2	133	0	2001
603	1	2	134	66	2007
604	2	1	0	0	0
605	1	2	134	53	2006
606	1	1	0	55	2009
607	1	1	0	72	2009
608	1	1	125	75	2006
609	1	1	123	0	2007
610	2	2	136	0	2005
611	1	1	160	67	2008
612	1	2	0	61	2009
613	1	2	134	56	2007
614	1	2	143	63	2008
615	1	1	144	0	2006
616	1	2	0	61	2009
617	1	2	158	0	2007
618	1	1	147	67	2009
619	1	0	125	0	2007
620	1	1	160	54	2007
621	1	2	0	67	2009
622	1	2	137	61	2009
623	2	2	136	0	2005
624	1	1	125	75	2006
625	1	2	0	59	2008
626	2	1	164	0	2004
627	1	1	166	51	2008
628	1	1	0	55	2009
629	1	2	0	0	2008
630	1	1	0	59	2008
631	1	1	123	60	2008
632	1	1	128	58	2008
633	1	1	160	69	2006
634	1	1	0	61	0
635	2	1	122	0	2005
636	1	1	137	61	2008
637	2	2	166	0	2003
638	1	2	128	0	2008
639	1	2	144	71	2005
640	1	2	0	55	0
641	2	0	0	0	0
642	1	1	137	52	2009
643	1	2	144	0	2007
644	1	2	144	73	2005
645	1	1	164	61	2009
646	1	2	160	0	2007
647	1	2	127	61	2008
648	1	0	164	70	0
649	1	0	173	71	2005
650	1	2	0	67	2008
651	2	1	137	0	2005
652	2	1	166	0	2004
653	1	1	166	59	2008
654	1	1	120	58	2008
655	1	2	134	61	2009
656	1	1	164	67	2009
657	1	2	0	61	2009
658	1	1	0	72	2009
659	1	1	144	70	2006
660	1	2	0	68	2008
661	1	1	167	69	2007
662	1	2	123	67	2009
663	1	1	166	59	2006
664	1	1	175	61	2009
665	1	2	164	59	2008
666	1	2	127	63	2005
667	1	2	0	60	2008
668	1	2	134	63	2008
669	1	1	134	67	2007
670	2	0	147	0	2005
671	1	2	144	51	2006
672	1	1	137	70	2006
673	1	2	170	63	2008
674	1	1	0	51	2008
675	1	2	0	64	0
676	2	1	128	0	2003
677	1	1	128	58	2007
678	1	2	153	71	2006
679	1	1	0	57	2008
680	1	1	128	53	2007
681	1	2	144	57	2006
682	1	2	0	52	2009
683	1	2	134	72	2009
684	1	1	0	67	2009
685	2	2	134	0	2005
686	2	1	125	0	2005
687	2	1	166	70	2005
688	1	1	125	70	2006
689	1	2	144	61	2009
690	1	1	125	0	2006
691	1	1	127	67	2007
692	1	1	164	0	2007
693	1	2	134	62	2008
694	1	1	166	71	2007
695	1	0	0	0	0
696	1	2	153	63	2007
697	1	2	0	67	2009
698	1	2	144	0	2006
699	1	0	167	60	2007
700	1	2	134	71	2005
701	1	0	166	0	2007
702	1	1	128	60	2007
703	1	2	164	72	2009
704	1	1	136	59	2008
705	1	1	147	0	2007
706	2	2	134	0	2004
707	1	1	144	57	2009
708	1	1	127	61	2009
709	1	2	136	57	2006
710	1	2	160	67	2008
711	1	2	166	51	2008
712	1	2	164	57	2006
713	1	1	0	72	2009
714	1	1	147	0	2007
715	1	2	120	53	2006
716	3	0	0	0	0
717	1	1	123	0	2007
718	1	2	136	57	2006
719	2	1	166	71	2005
720	1	1	0	72	2009
721	1	2	0	68	2008
722	1	2	134	65	2008
723	1	1	172	71	2006
724	1	2	144	51	2008
725	1	1	144	61	2008
726	2	1	179	0	2003
727	1	2	0	63	2008
728	1	2	136	57	2009
729	1	1	137	62	2006
730	1	0	0	71	2006
731	1	2	164	70	2006
732	1	1	0	72	2009
733	1	0	128	75	2006
734	2	2	164	0	2004
735	1	0	0	56	0
736	1	1	127	67	2009
737	1	1	0	64	2008
738	2	1	166	0	2005
739	1	2	136	62	2007
740	2	1	166	71	2005
741	1	1	127	63	2008
742	1	2	147	52	2009
743	2	1	0	0	2004
744	2	1	164	0	2005
745	2	1	170	0	2005
746	1	2	134	57	2007
747	1	2	167	70	2005
748	1	1	164	0	2007
749	1	2	134	51	0
750	1	1	125	0	2006
751	1	1	178	75	2006
752	1	2	0	59	2008
753	2	1	135	0	2005
754	1	1	0	58	2007
755	1	1	164	75	2005
756	1	1	137	0	2006
757	2	0	164	71	2005
758	1	2	0	75	2007
759	1	0	164	71	2006
760	1	2	0	67	2009
761	1	2	143	63	2007
762	1	2	162	54	2008
763	1	1	137	0	2007
764	1	2	0	70	2008
765	1	2	0	64	2008
766	1	2	144	57	2007
767	1	1	173	63	2007
768	1	2	0	72	2009
769	1	1	166	74	2008
770	2	2	136	0	2002
771	1	2	164	57	2007
772	2	1	134	0	2005
773	1	0	162	71	2006
774	2	2	144	0	2005
775	1	2	133	55	2008
776	2	1	166	71	2005
777	2	1	166	0	2005
778	1	1	146	67	2009
779	1	0	0	74	2008
780	2	2	166	0	2005
781	1	0	0	72	2009
782	1	1	137	51	2008
783	1	2	137	0	2008
784	1	1	0	61	2009
785	1	1	144	71	2006
786	2	2	170	0	2005
787	1	2	0	0	2007
788	1	1	147	52	2009
789	1	2	0	61	2009
790	1	2	0	67	2009
791	1	1	167	58	2008
792	1	2	136	63	2008
793	1	1	0	55	2009
794	1	2	128	51	2007
795	1	2	165	69	2010
796	2	1	167	0	2005
797	1	1	166	72	2009
798	1	1	0	72	2009
799	2	2	0	0	2005
800	1	2	144	51	2007
801	2	1	125	70	2005
802	1	0	0	0	0
803	1	2	147	75	2007
804	1	2	127	55	2008
805	1	2	0	57	2009
806	1	0	0	0	0
807	1	1	0	72	0
808	1	2	0	71	2007
809	1	2	164	58	0
810	1	1	0	58	2008
811	1	1	0	72	2009
812	2	0	0	0	0
813	1	1	0	0	2007
814	1	2	0	67	2009
815	1	1	134	0	2007
816	2	2	175	61	2004
817	1	2	166	67	0
818	1	1	166	51	2008
819	2	1	136	0	2004
820	1	1	0	61	2004
821	2	1	135	0	2003
822	1	2	175	63	2008
823	2	2	134	0	2004
824	2	1	125	0	2004
825	1	1	166	0	2006
826	1	2	128	67	2009
827	1	2	135	70	2006
828	1	1	0	58	2008
829	1	1	166	61	2009
830	1	1	129	70	2006
831	1	1	164	57	2006
832	1	1	137	70	2006
833	1	1	0	59	2008
834	2	1	0	0	2004
835	1	2	163	0	2006
836	1	1	164	63	2008
837	1	2	0	57	2006
838	5	2	134	0	0
839	1	2	143	0	2006
840	1	2	0	59	2008
841	1	2	175	60	2006
842	1	1	173	61	2009
843	1	2	0	54	2006
844	1	1	127	66	2006
845	2	1	0	0	2004
846	1	1	128	58	2008
847	1	0	0	0	0
848	2	2	134	0	2005
849	1	2	137	0	0
850	1	1	123	51	2008
851	1	2	0	72	2009
852	1	1	125	63	2007
853	1	1	0	72	2009
854	1	2	144	59	2008
855	1	1	144	0	2008
856	1	1	0	74	2008
857	1	1	147	67	2008
858	1	1	0	72	2009
859	2	2	136	0	2004
860	1	2	162	72	2009
861	1	2	0	72	2009
862	1	2	164	70	2006
863	2	2	134	0	2004
864	1	2	136	67	2009
865	1	1	163	71	2006
866	1	1	0	70	2005
867	2	1	144	75	2005
868	1	1	127	58	2008
869	1	2	136	57	2006
870	1	1	147	0	2006
871	1	1	0	72	2008
872	1	2	133	74	2006
873	1	1	166	72	2009
874	1	1	0	67	2009
875	1	1	122	63	2008
876	1	2	178	67	2008
877	2	1	0	0	0
878	1	2	164	0	2006
879	1	1	147	0	2007
880	1	1	166	52	2009
881	2	2	170	0	2004
882	1	2	134	59	2008
883	1	1	137	61	2009
884	1	1	135	57	2007
885	2	1	166	0	2005
886	1	2	164	0	2007
887	1	1	0	62	2008
888	1	0	160	0	2010
889	2	0	147	0	2004
890	1	1	166	52	2008
891	1	1	137	75	2007
892	1	1	167	0	2006
893	1	2	144	54	2008
894	1	1	0	55	2009
895	1	2	125	54	2007
896	1	2	128	62	2007
897	1	1	166	70	2006
898	2	2	164	0	2005
899	1	1	170	0	2007
900	2	2	144	0	2005
901	2	1	135	71	2005
902	1	1	164	0	2009
903	1	1	166	67	2008
904	2	2	164	70	2005
905	2	2	134	0	2004
906	1	1	166	57	2009
907	1	2	0	61	2009
908	1	2	166	75	2006
909	1	1	149	0	2007
910	2	2	125	73	2004
911	1	2	134	55	2008
912	1	2	0	67	2009
913	2	2	144	0	2005
914	1	2	0	0	2007
915	2	1	139	0	2004
916	1	1	175	0	2007
917	1	2	134	73	2007
918	1	2	142	71	2005
919	1	1	0	59	2008
920	1	2	134	70	2006
921	1	1	0	61	2008
922	1	2	134	64	2007
923	1	2	147	0	2006
924	1	1	134	67	2008
925	1	2	164	58	2006
926	4	1	0	0	0
927	1	1	127	63	2007
928	2	1	136	0	0
929	1	0	0	0	0
930	1	1	167	71	2006
931	2	2	0	0	2004
932	2	2	133	0	2005
933	1	0	0	54	2008
934	1	2	0	65	2008
935	1	2	164	60	2007
936	1	2	153	63	2006
937	2	2	128	0	2005
938	1	1	0	59	2009
939	1	2	166	0	2008
940	1	1	170	67	2006
941	1	1	167	64	2008
942	1	2	162	63	2007
943	1	2	170	57	2006
944	1	2	144	61	2009
945	1	2	137	70	2007
946	1	0	130	0	0
947	1	1	137	72	2006
948	1	0	0	0	0
949	1	1	125	0	2006
950	1	1	166	62	2007
951	1	2	164	71	2005
952	1	1	166	58	2006
953	1	1	0	0	2006
954	1	2	0	55	2009
955	1	1	136	58	2008
956	1	1	167	59	2009
957	1	2	150	67	2009
958	1	1	166	58	0
959	1	2	134	57	2009
960	1	1	130	59	2008
961	1	1	0	67	2009
962	2	0	0	0	0
963	1	1	160	51	2007
964	2	2	130	0	2004
965	1	1	164	70	2006
966	1	2	143	0	2007
967	1	1	144	61	2009
968	2	2	164	75	2004
969	1	0	0	0	0
970	1	1	147	67	2006
971	1	1	127	60	2007
972	1	1	0	61	2008
973	1	1	0	56	2008
974	1	1	0	63	2008
975	1	1	166	58	2008
976	2	2	136	0	2005
977	1	0	0	0	0
978	2	2	166	0	2004
979	1	1	137	67	2006
980	1	1	0	64	2008
981	1	1	0	67	2009
982	1	1	0	72	2009
983	1	1	137	58	2007
984	1	2	144	75	2006
985	1	0	137	56	2007
986	1	2	169	64	2007
987	2	1	137	0	2003
988	1	2	127	57	2006
989	1	2	168	0	2006
990	1	2	0	72	2009
991	1	1	170	0	2008
992	2	2	167	0	2004
993	1	2	0	67	2009
994	1	2	0	51	2008
995	2	2	135	0	2003
996	2	1	175	0	2005
997	2	1	133	0	2005
998	1	1	147	57	2004
999	1	2	134	67	2009
1000	1	1	134	70	2006
1001	1	0	0	0	0
1002	1	2	136	55	2009
1003	1	2	137	70	2007
1004	1	2	173	0	2007
1005	1	1	125	0	2006
1006	2	1	135	0	2004
1007	1	0	0	0	0
1008	2	0	125	0	2005
1009	1	2	166	63	2006
1010	2	2	134	71	2005
1011	1	1	144	75	2006
1012	1	2	137	0	2007
1013	1	2	134	64	2008
1014	1	2	164	59	2009
1015	1	2	134	56	2007
1016	1	2	127	70	2006
1017	1	1	134	0	2007
1018	1	1	146	58	2008
1019	1	2	0	67	2009
1020	2	2	153	0	2003
1021	1	2	178	0	2007
1022	1	1	147	72	2006
1023	1	2	0	72	2009
1024	1	0	0	0	0
1025	1	2	137	66	2008
1026	1	2	163	67	2009
1027	1	1	0	61	2009
1028	1	1	0	0	0
1029	1	2	0	72	0
1030	1	1	166	59	2007
1031	1	1	128	57	2008
1032	1	1	147	58	2007
1033	1	2	153	65	2006
1034	1	1	122	64	2007
1035	1	1	127	72	2009
1036	1	0	0	60	2007
1037	1	2	170	63	2006
1038	1	1	0	55	2009
1039	1	0	160	75	2006
1040	1	2	133	0	2006
1041	1	1	0	55	2009
1042	2	2	164	71	2005
1043	1	2	134	59	2008
1044	1	2	0	60	0
1045	1	2	137	57	2006
1046	1	2	144	74	2008
1047	1	1	125	64	2007
1048	1	1	127	64	2007
1049	1	1	134	64	2007
1050	1	2	0	55	2009
1051	1	1	134	0	2007
1052	1	1	0	74	2008
1053	1	1	122	0	2007
1054	1	1	174	70	2006
1055	1	1	124	0	0
1056	1	2	134	0	2007
1057	1	1	128	51	2008
1058	1	1	0	61	2009
1059	1	2	164	73	2007
1060	1	2	144	0	2006
1061	1	2	134	60	2008
1062	1	1	0	56	2008
1063	1	2	125	65	2007
1064	1	0	137	0	0
1065	1	1	158	61	2009
1066	1	1	166	63	2008
1067	2	2	164	71	2005
1068	1	2	173	0	2009
1069	1	1	144	75	2006
1070	1	1	0	61	2009
1071	1	2	164	65	2007
1072	1	2	178	75	2006
1073	1	1	0	59	2008
1074	2	2	133	63	2005
1075	1	1	147	0	2006
1076	2	2	133	0	2005
1077	1	1	167	52	2008
1078	2	0	0	0	0
1079	1	2	144	0	2006
1080	1	1	166	60	2006
1081	1	1	137	0	2006
1082	1	2	136	57	2007
1083	1	2	162	0	2006
1084	1	2	164	58	2008
1085	1	0	137	0	2006
1086	1	1	0	57	2009
1087	2	2	123	75	2005
1088	1	1	166	58	2007
1089	1	2	130	75	0
1090	1	2	144	71	2006
1091	1	0	164	71	2005
1092	2	2	134	0	2004
1093	1	1	0	57	2007
1094	4	0	0	0	0
1095	1	1	0	72	2009
1096	1	1	128	58	2007
1097	1	1	164	66	2006
1098	1	1	141	61	2009
1099	2	1	170	0	2005
1100	1	2	134	57	2007
1101	2	1	125	51	2003
1102	1	2	166	51	2008
1103	1	1	0	55	2009
1104	1	2	164	75	2007
1105	1	1	166	62	2007
1106	1	1	137	63	2006
1107	1	1	137	72	2008
1108	2	1	149	0	2004
1109	2	1	133	0	2004
1110	1	2	153	60	2006
1111	1	1	178	0	2006
1112	1	0	0	59	2008
1113	1	0	0	0	0
1114	1	1	0	63	2008
1115	1	2	136	51	2008
1116	1	1	153	0	2006
1117	1	1	134	0	2007
1118	1	2	164	66	2007
1119	1	1	166	62	2007
1120	1	1	153	63	2006
1121	2	1	137	0	2004
1122	2	1	164	0	2003
1123	1	0	173	67	0
1124	1	1	167	0	2006
1125	1	1	164	63	2007
1126	1	2	164	71	2006
1127	2	1	127	0	2005
1128	1	2	162	0	2007
1129	1	0	0	0	0
1130	1	2	167	0	2005
1131	1	0	0	0	2006
1132	2	1	137	0	2004
1133	1	2	122	57	2007
1134	2	2	0	0	2004
1135	1	2	142	59	2008
1136	1	2	166	51	0
1137	1	2	127	57	2007
1138	1	1	167	72	2007
1139	1	1	149	69	2006
1140	1	2	134	74	2007
1141	1	2	137	71	2005
1142	1	1	163	0	2008
1143	1	2	136	60	2007
1144	1	1	144	58	2007
1145	1	0	164	0	0
1146	1	2	164	67	2009
1147	1	0	127	0	2006
1148	1	1	0	67	2009
1149	1	1	125	63	2007
1150	1	2	134	0	2006
1151	1	0	0	0	0
1152	1	1	0	58	2008
1153	1	2	144	63	2008
1154	1	1	158	0	2006
1155	1	1	175	63	2007
1156	2	2	0	0	2005
1157	2	1	125	0	2004
1158	1	2	144	70	2006
1159	1	2	128	54	2008
1160	1	1	122	71	2006
1161	1	1	136	55	2009
1162	1	1	129	73	2006
1163	2	1	126	0	2005
1164	1	1	164	68	2006
1165	1	1	147	52	2009
1166	1	0	153	0	2006
1167	1	2	0	59	2009
1168	1	2	137	75	2004
1169	5	2	160	0	2005
1170	1	2	144	59	2008
1171	1	1	166	75	2006
1172	1	1	0	63	2007
1173	1	2	144	70	2006
1174	1	0	0	57	2009
1175	1	0	166	75	0
1176	1	2	134	72	2008
1177	2	1	127	67	2004
1178	2	1	0	0	2005
1179	1	2	0	55	2009
1180	1	2	158	61	2009
1181	2	1	173	0	2005
1182	1	1	0	51	2007
1183	2	1	142	0	2005
1184	1	2	0	57	2009
1185	2	1	123	0	2004
1186	2	1	137	75	2005
1187	1	2	136	59	2008
1188	1	2	144	0	2007
1189	1	2	0	57	2009
1190	1	2	144	60	2007
1191	2	2	127	0	2004
1192	1	0	0	57	2008
1193	1	2	0	51	2008
1194	1	2	144	61	2009
1195	1	1	147	0	2006
1196	1	2	144	67	2009
1197	2	2	173	0	0
1198	1	1	135	62	2006
1199	1	1	135	60	2007
1200	1	2	134	0	2007
1201	2	1	142	0	2005
1202	1	1	134	61	2006
1203	1	0	125	57	2008
1204	1	2	137	71	2006
1205	1	2	0	52	2009
1206	2	1	134	75	2005
1207	1	1	134	52	2009
1208	1	2	134	62	2006
1209	2	0	144	0	2005
1210	1	0	0	0	0
1211	1	2	0	0	2009
1212	1	2	167	63	2006
1213	1	1	173	0	2006
1214	1	1	0	61	2009
1215	1	2	0	63	2008
1216	1	2	153	60	2006
1217	1	1	0	59	2009
1218	1	1	160	61	2009
1219	2	2	134	0	2004
1220	1	2	128	55	2008
1221	1	0	122	60	2007
1222	1	1	147	61	2008
1223	1	2	0	55	2009
1224	1	2	0	67	2008
1225	1	1	175	0	2007
1226	1	2	162	0	2007
1227	1	1	167	67	2009
1228	1	1	166	58	2007
1229	1	0	147	0	2006
1230	1	2	167	0	2006
1231	1	2	0	72	2009
1232	1	1	0	58	2008
1233	2	1	142	0	2005
1234	1	2	166	0	2007
1235	2	2	162	57	2005
1236	2	2	147	0	2005
1237	1	2	134	0	2007
1238	1	2	162	73	2006
1239	1	2	162	63	2008
1240	1	2	136	59	2007
1241	1	2	134	64	2008
1242	1	1	135	75	2006
1243	2	0	0	0	0
1244	1	1	0	59	2009
1245	1	2	136	59	2008
1246	1	1	128	63	2008
1247	2	1	125	0	2005
1248	2	2	136	70	2003
1249	2	1	125	0	2004
1250	2	2	162	67	2005
1251	1	2	164	72	2009
1252	1	2	144	55	2007
1253	1	2	134	62	2007
1254	1	0	140	71	2006
1255	1	1	134	58	2006
1256	1	2	164	63	2005
1257	1	2	136	64	2007
1258	1	1	0	61	2009
1259	1	1	164	61	2008
1260	2	1	135	0	2004
1261	2	2	136	0	2002
1262	1	2	0	73	2007
1263	1	2	137	72	2007
1264	1	1	127	67	2009
1265	2	2	0	0	2004
1266	1	2	0	67	2009
1267	1	1	0	0	2008
1268	2	1	175	66	2005
1269	1	2	167	0	2006
1270	1	2	134	75	2006
1271	1	1	137	0	0
1272	1	2	128	51	2008
1273	1	1	147	51	2007
1274	1	2	0	67	2009
1275	1	2	134	74	2007
1276	1	2	158	70	2007
1277	2	1	128	70	2005
1278	2	2	137	0	2005
1279	1	1	147	72	2008
1280	1	2	0	0	0
1281	1	2	134	0	2007
1282	1	1	167	71	2006
1283	2	0	0	0	0
1284	1	1	139	71	2006
1285	1	1	147	57	2008
1286	1	1	135	0	2005
1287	1	2	0	0	2007
1288	1	2	134	0	2007
1289	1	0	160	57	2006
1290	1	1	162	64	2007
1291	1	2	134	60	2007
1292	1	1	172	0	2006
1293	1	2	0	60	2007
1294	2	2	125	0	2005
1295	1	2	168	75	2007
1296	1	1	134	57	2009
1297	1	2	144	0	2006
1298	1	1	172	0	2006
1299	1	1	128	54	2008
1300	2	1	127	0	2005
1301	1	2	0	52	2008
1302	1	0	0	0	0
1303	1	1	0	67	2009
1304	1	2	0	52	2009
1305	1	1	128	60	2008
1306	1	1	134	63	2007
1307	1	1	137	60	2006
1308	1	1	0	72	2009
1309	1	1	164	51	2008
1310	1	2	128	51	2007
1311	3	2	149	0	0
1312	1	2	0	61	2009
1313	1	2	158	55	2009
1314	1	2	134	0	2007
1315	2	1	164	0	2004
1316	1	1	166	72	2008
1317	1	2	136	0	2007
1318	2	1	0	0	0
1319	1	1	128	72	2009
1320	1	2	155	0	2008
1321	1	2	136	0	0
1322	1	1	0	56	2008
1323	1	0	144	60	2007
1324	2	1	127	0	2003
1325	1	2	0	59	2009
1326	1	0	134	0	2006
1327	1	1	166	70	2006
1328	1	1	160	0	0
1329	1	1	137	66	2006
1330	1	1	0	57	2009
1331	1	2	136	67	2008
1332	2	1	0	0	2005
1333	1	2	127	70	2007
1334	1	2	162	63	2008
1335	1	1	164	0	2006
1336	1	1	137	71	2005
1337	2	1	147	72	2004
1338	1	0	138	64	2008
1339	1	1	0	58	2008
1340	2	2	175	0	2005
1341	2	2	0	0	2005
1342	1	1	137	63	2007
1343	2	1	125	0	2005
1344	1	1	0	72	2008
1345	1	2	0	0	2007
1346	1	1	0	0	2008
1347	1	1	133	70	2006
1348	2	2	134	0	2004
1349	1	2	164	52	2009
1350	2	1	179	0	2004
1351	1	2	0	58	2007
1352	1	0	164	0	2006
1353	1	2	0	55	2008
1354	2	2	122	69	2005
1355	2	2	134	70	2005
1356	1	1	0	59	2009
1357	2	2	149	0	2004
1358	1	2	144	61	2006
1359	1	1	166	60	2007
1360	1	2	175	67	2008
1361	1	1	166	51	2008
1362	1	2	160	59	2008
1363	1	1	127	54	2006
1364	1	2	158	63	2008
1365	1	2	134	59	2009
1366	1	2	164	67	2009
1367	1	2	164	73	2006
1368	2	1	167	0	2005
1369	2	1	137	0	2004
1370	1	1	0	59	2009
1371	1	1	134	0	2006
1372	1	1	0	57	2009
1373	1	1	164	56	2007
1374	2	1	134	0	2004
1375	2	1	125	0	2005
1376	2	1	147	0	2005
1377	1	2	137	0	2006
1378	2	1	137	0	2005
1379	1	2	0	59	2009
1380	2	0	0	0	0
1381	1	1	134	67	2008
1382	2	2	147	0	2004
1383	1	1	144	0	0
1384	2	2	164	0	2005
1385	1	1	162	0	2007
1386	1	0	134	0	2008
1387	1	0	134	0	2006
1388	1	2	134	57	2009
1389	1	2	128	52	2007
1390	1	1	136	58	2008
1391	1	1	166	75	2006
1392	1	2	127	52	2008
1393	2	2	0	0	2004
1394	1	2	134	72	2008
1395	1	2	0	67	2009
1396	1	1	167	75	2006
1397	1	2	137	74	2008
1398	1	2	134	65	2007
1399	1	1	0	57	2009
1400	1	1	125	72	2009
1401	1	2	136	67	2008
1402	1	2	175	57	2009
1403	2	2	0	0	2003
1404	2	2	133	70	2005
1405	1	1	0	59	2009
1406	1	2	136	52	2009
1407	1	1	137	0	2007
1408	1	0	0	0	0
1409	1	2	160	65	2006
1410	4	2	0	0	0
1411	1	1	164	75	2005
1412	1	2	0	67	2009
1413	1	1	0	63	2008
1414	1	2	134	55	2008
1415	1	0	137	0	2006
1416	2	1	129	0	2005
1417	1	1	164	62	2007
1418	1	2	144	51	2008
1419	1	2	133	65	2008
1420	1	2	0	52	2009
1421	1	1	144	57	2007
1422	2	2	134	70	2005
1423	1	1	175	56	2008
1424	1	1	147	75	2005
1425	2	1	164	73	2005
1426	5	2	164	0	0
1427	2	0	170	0	2005
1428	1	2	162	0	2006
1429	1	2	0	74	2008
1430	1	1	144	51	2008
1431	1	2	134	57	2007
1432	1	2	0	59	2008
1433	1	1	134	0	2007
1434	1	0	139	60	2008
1435	2	1	164	71	2005
1436	1	2	160	63	2005
1437	1	1	0	62	2008
1438	1	1	157	0	2007
1439	1	1	164	61	2008
1440	1	2	128	67	2005
1441	1	2	134	74	2008
1442	2	1	164	0	2005
1443	2	1	168	53	2005
1444	2	1	125	0	2005
1445	1	2	162	70	2006
1446	5	0	0	0	0
1447	2	2	144	73	2005
1448	2	1	125	0	2005
1449	1	1	127	57	2009
1450	1	2	134	75	2006
1451	1	1	0	57	2008
1452	1	1	127	63	2008
1453	1	1	0	72	2009
1454	1	2	0	67	2009
1455	1	0	0	0	0
1456	2	1	166	0	2004
1457	1	1	137	58	2008
1458	1	1	135	69	2006
1459	2	2	128	70	2005
1460	1	1	0	52	2009
1461	1	0	135	53	0
1462	1	1	135	59	2009
1463	1	1	140	0	2006
1464	1	2	164	59	2008
1465	2	1	153	0	2005
1466	1	0	0	58	2008
1467	2	1	162	71	2005
1468	2	1	135	0	2004
1469	1	2	139	70	2007
1470	2	0	160	73	2003
1471	1	2	0	67	2009
1472	1	2	139	63	2006
1473	1	2	133	63	2008
1474	2	2	136	0	2005
1475	1	1	125	63	2008
1476	1	2	134	57	2009
1477	2	2	127	0	2004
1478	1	2	166	67	2009
1479	1	1	134	51	2007
1480	2	1	137	67	2004
1481	1	2	166	70	2007
1482	1	2	134	71	2006
1483	1	1	144	63	2007
1484	2	2	134	0	2004
1485	1	1	0	57	2008
1486	1	0	147	62	2007
1487	2	2	134	0	2003
1488	1	1	0	63	2008
1489	2	1	166	65	2005
1490	1	2	172	74	2008
1491	2	1	125	0	2004
1492	1	2	137	67	2008
1493	1	2	128	66	2007
1494	1	1	170	71	2006
1495	1	1	128	60	2007
1496	1	1	125	70	0
1497	1	2	134	72	2009
1498	1	1	123	71	2006
1499	1	1	134	57	2009
1500	1	1	160	56	2008
1501	1	2	0	0	2007
1502	1	1	0	55	2009
1503	1	1	128	54	2006
1504	1	2	128	63	2008
1505	1	0	170	63	2006
1506	1	2	134	71	2007
1507	1	1	147	0	2009
1508	1	1	122	58	2006
1509	1	2	134	51	2006
1510	1	1	147	57	0
1511	1	1	0	72	2009
1512	1	1	0	61	2008
1513	1	2	0	68	2007
1514	1	2	164	67	2009
1515	1	1	137	0	2006
1516	1	1	125	0	2007
1517	1	2	164	58	2007
1518	1	0	134	0	2007
1519	2	2	128	0	2004
1520	1	2	178	57	2009
1521	1	1	0	72	2009
1522	2	1	0	0	2003
1523	1	1	162	69	2008
1524	1	0	173	56	2008
1525	1	2	0	0	2008
1526	1	1	122	63	2007
1527	1	1	0	58	2007
1528	1	2	0	51	2007
1529	1	2	164	71	2006
1530	1	2	128	65	2006
1531	1	1	134	65	2007
1532	2	1	128	0	2004
1533	1	2	128	51	2007
1534	2	1	127	0	2004
1535	2	2	144	0	2004
1536	1	2	0	67	2008
1537	1	2	0	52	2008
1538	2	1	157	0	2004
1539	1	2	157	60	2008
1540	1	2	168	63	2006
1541	2	1	144	0	2004
1542	1	1	175	72	2008
1543	1	1	128	0	2006
1544	2	1	125	0	2005
1545	1	1	136	59	2009
1546	1	1	164	65	2007
1547	2	2	130	71	2005
1548	1	2	0	0	0
1549	1	1	164	63	2006
1550	2	0	0	0	0
1551	2	1	166	0	0
1552	1	2	133	58	2007
1553	1	1	164	54	2008
1554	2	2	133	0	2004
1555	1	1	0	61	2009
1556	1	2	0	64	2007
1557	1	2	0	59	2008
1558	1	1	0	54	2008
1559	1	1	0	61	2009
1560	2	1	137	0	2002
1561	1	1	167	71	2006
1562	1	2	0	0	2006
1563	1	1	164	58	2007
1564	2	1	153	0	2004
1565	2	0	134	0	0
1566	2	1	134	0	2005
1567	2	0	130	0	2005
1568	2	2	136	0	2004
1569	1	2	0	71	2008
1570	1	2	136	72	2009
1571	2	0	127	0	2005
1572	1	2	134	58	2006
1573	1	1	166	59	2006
1574	1	1	0	0	0
1575	1	1	166	0	2006
1576	2	2	134	53	2005
1577	2	1	125	0	2005
1578	1	2	135	65	2008
1579	1	2	150	60	2008
1580	1	2	147	55	2009
1581	1	0	0	70	2007
1582	2	2	164	0	2005
1583	1	1	134	64	2008
1584	1	2	0	0	2009
1585	1	1	134	63	2007
1586	1	1	147	59	2009
1587	1	1	147	65	2008
1588	1	2	0	72	2009
1589	1	1	166	72	2009
1590	1	1	164	75	2005
1591	1	2	134	67	2009
1592	1	1	138	0	2007
1593	1	1	0	61	2009
1594	2	0	0	0	2005
1595	2	1	164	0	0
1596	1	1	0	72	2009
1597	1	1	0	59	2008
1598	1	2	139	51	2008
1599	1	2	164	55	2009
1600	1	2	122	63	2006
1601	1	1	0	72	2009
1602	1	1	144	58	2007
1603	1	0	0	0	2007
1604	2	1	162	61	2005
1605	1	2	0	72	2009
1606	1	1	0	67	2009
1607	1	2	134	0	0
1608	1	1	166	69	2007
1609	1	1	136	60	2006
1610	1	2	134	52	2008
1611	1	2	0	57	2009
1612	1	0	166	0	2006
1613	1	2	168	74	2008
1614	1	1	175	0	2007
1615	2	1	127	0	2004
1616	2	1	164	0	2004
1617	1	1	134	0	2006
1618	1	0	0	0	2009
1619	1	1	0	63	0
1620	1	2	164	0	2006
1621	1	1	0	64	2008
1622	2	1	164	0	2005
1623	2	0	0	0	0
1624	2	1	160	75	2005
1625	1	1	127	59	2008
1626	1	1	137	62	2007
1627	1	1	134	0	2007
1628	1	2	0	55	2009
1629	1	2	134	0	2006
1630	1	1	134	60	2007
1631	2	1	164	0	2004
1632	1	1	172	53	2008
1633	2	1	166	0	2004
1634	2	1	175	0	2005
1635	1	0	0	0	0
1636	1	2	133	0	0
1637	1	1	158	60	2007
1638	2	2	130	0	2005
1639	1	0	0	0	0
1640	2	2	127	0	2005
1641	1	0	162	70	2006
1642	1	1	0	67	2009
1643	1	2	0	61	2009
1644	1	2	134	60	2006
1645	1	2	0	59	2009
1646	1	1	147	71	2006
1647	1	1	155	75	2005
1648	1	1	127	55	2009
1649	1	2	134	70	0
1650	1	1	144	67	2009
1651	1	0	0	0	0
1652	1	2	122	61	2007
1653	1	1	137	0	2007
1654	1	1	164	72	2008
1655	1	2	160	53	2007
1656	1	1	134	72	2008
1657	1	1	160	0	2007
1658	2	2	127	63	2005
1659	1	1	166	52	2009
1660	2	2	134	0	2004
1661	4	2	0	0	0
1662	1	2	0	71	0
1663	2	0	137	0	2004
1664	1	2	0	72	2009
1665	1	1	166	65	2005
1666	1	1	147	54	2006
1667	2	0	0	0	0
1668	2	2	152	0	2005
1669	1	1	166	57	2007
1670	4	1	178	0	0
1671	1	1	134	0	2006
1672	1	2	0	67	2008
1673	1	2	128	0	0
1674	1	2	136	51	2008
1675	4	0	0	0	0
1676	2	1	134	0	2004
1677	1	1	166	67	2009
1678	1	1	135	0	0
1679	2	1	125	0	2005
1680	1	2	158	72	2009
1681	1	1	166	70	2006
1682	1	1	144	58	2008
1683	1	0	0	0	0
1684	2	1	122	0	0
1685	1	1	137	70	2006
1686	1	1	170	61	2009
1687	1	2	168	61	2008
1688	1	1	0	65	2008
1689	1	1	127	66	2006
1690	1	1	134	52	2009
1691	1	2	147	71	2006
1692	1	2	134	60	2006
1693	2	1	164	0	2005
1694	1	1	0	62	2008
1695	1	1	127	67	2009
1696	1	1	0	51	2008
1697	1	2	0	0	2006
1698	1	1	170	65	2008
1699	1	1	0	58	2008
1700	1	1	144	67	2009
1701	1	1	122	70	2006
1702	1	1	166	58	2008
1703	1	2	128	66	2007
1704	1	0	166	0	2006
1705	1	1	170	58	2008
1706	2	1	126	0	2005
1707	2	0	0	0	0
1708	1	1	0	55	2009
1709	2	1	134	67	2004
1710	1	2	127	0	2009
1711	1	2	134	65	2006
1712	1	0	0	0	0
1713	1	1	0	67	2009
1714	1	1	0	55	2009
1715	1	1	168	0	2006
1716	1	1	164	0	2007
1717	1	1	0	67	2009
1718	1	1	0	67	2009
1719	1	2	162	61	2008
1720	2	2	144	0	2001
1721	1	2	164	57	2006
1722	1	1	164	0	2007
1723	1	1	0	59	2009
1724	1	2	0	59	2008
1725	1	1	0	61	2009
1726	1	2	136	67	2008
1727	1	0	0	0	0
1728	1	2	0	55	2009
1729	1	2	128	65	2006
1730	2	1	137	0	2005
1731	2	2	166	0	2005
1732	1	1	0	72	2009
1733	5	2	133	0	2005
1734	1	1	134	75	2007
1735	1	2	176	67	2009
1736	2	1	166	66	2005
1737	1	1	0	56	2008
1738	1	1	0	72	2009
1739	2	2	124	0	2005
1740	1	1	164	0	0
1741	1	2	0	64	2008
1742	1	1	0	57	2008
1743	1	1	144	0	2007
1744	3	1	146	72	1969
1745	1	1	0	67	2009
1746	2	1	137	0	2004
1747	1	1	0	74	2008
1748	1	1	137	62	2007
1749	2	1	160	0	2004
1750	2	1	134	0	2005
1751	1	1	0	72	2009
1752	1	0	123	0	0
1753	1	1	164	0	2007
1754	1	0	0	73	0
1755	1	2	0	59	0
1756	2	1	122	72	2003
1757	3	0	0	0	1969
1758	1	0	0	0	2006
1759	1	1	166	0	2007
1760	1	1	137	61	2009
1761	1	2	134	72	2008
1762	1	1	0	58	2008
1763	1	2	0	68	2008
1764	1	1	123	63	2006
1765	1	2	0	59	2009
1766	1	1	123	63	2008
1767	1	2	0	64	2004
1768	1	2	128	72	2009
1769	2	1	0	0	2004
1770	1	1	0	61	2009
1771	1	2	0	74	2008
1772	1	2	153	63	2007
1773	1	2	166	0	2007
1774	1	2	0	0	0
1775	2	1	175	0	2005
1776	1	1	160	72	2009
1777	2	2	134	0	2004
1778	2	1	142	0	2005
1779	2	1	166	0	2004
1780	1	2	134	60	2007
1781	1	1	0	59	2009
1782	1	2	144	63	2006
1783	1	2	170	0	2006
1784	1	2	128	61	2008
1785	2	1	166	0	2005
1786	1	2	0	56	2007
1787	1	1	164	51	2007
1788	1	1	170	65	2007
1789	1	1	0	58	2007
1790	1	1	0	59	2009
1791	1	2	155	67	2009
1792	1	1	139	58	2008
1793	1	2	170	53	2006
1794	1	1	122	69	2008
1795	1	1	0	61	2009
1796	1	2	134	51	2008
1797	1	1	166	63	2006
1798	2	1	164	0	2004
1799	2	1	164	0	2004
1800	2	2	134	75	2005
1801	2	0	167	0	2005
1802	1	1	137	58	2007
1803	1	1	122	62	0
1804	1	2	164	51	2008
1805	1	2	128	63	2007
1806	1	1	144	57	2008
1807	1	1	0	58	2008
1808	1	1	168	66	2006
1809	1	2	126	51	2008
1810	1	0	0	0	0
1811	1	2	128	65	2005
1812	1	1	0	58	2008
1813	1	0	0	0	0
1814	1	2	164	64	2008
1815	2	1	0	0	2005
1816	1	2	137	66	2007
1817	1	2	162	0	2007
1818	1	2	134	57	2006
1819	1	1	0	59	2008
1820	1	2	0	72	2009
1821	1	2	137	59	2008
1822	1	1	136	61	2009
1823	2	1	147	0	2005
1824	1	1	134	59	2009
1825	1	1	164	73	2006
1826	1	2	137	57	2006
1827	1	1	170	55	2007
1828	1	0	0	0	2008
1829	1	1	147	0	2007
1830	1	1	0	55	2009
1831	2	2	136	0	2002
1832	1	2	0	55	2009
1833	1	2	137	63	2006
1834	1	2	136	71	2006
1835	1	2	160	70	2006
1836	1	1	136	60	2007
1837	1	2	134	75	2006
1838	1	2	0	60	2007
1839	1	1	0	65	2008
1840	2	2	139	0	2005
1841	1	2	160	70	2006
1842	1	2	0	55	2009
1843	1	2	0	58	2008
1844	1	1	164	0	2006
1845	1	1	0	59	2009
1846	1	1	0	67	2009
1847	1	1	144	62	2007
1848	2	1	170	63	2004
1849	2	2	136	0	0
1850	2	0	0	0	0
1851	1	0	168	0	2007
1852	1	2	134	67	2007
1853	3	2	0	0	0
1854	1	2	128	68	2007
1855	1	2	134	55	2009
1856	2	2	134	0	2004
1857	1	2	164	57	2006
1858	1	1	0	61	2009
1859	1	1	166	74	2008
1860	1	1	166	64	2007
1861	2	2	136	0	2005
1862	1	2	0	69	2007
1863	1	2	0	64	2008
1864	1	1	0	60	2008
1865	1	1	135	58	2006
1866	1	0	123	0	2007
1867	1	2	134	60	2007
1868	1	1	127	72	2009
1869	2	2	134	70	2005
1870	1	1	135	67	2006
1871	1	2	144	59	2008
1872	1	2	137	75	2007
1873	1	1	0	64	2008
1874	1	2	0	59	2009
1875	1	2	0	67	2008
1876	1	2	134	67	2009
1877	1	0	0	0	0
1878	1	2	164	53	2006
1879	2	2	164	0	2005
1880	1	1	137	57	2006
1881	1	0	0	0	0
1882	2	1	123	0	2005
1883	5	1	167	0	2010
1884	1	2	0	0	2008
1885	1	2	144	61	2009
1886	1	0	175	0	2005
1887	2	0	0	0	0
1888	1	2	122	60	2007
1889	1	2	147	65	2005
1890	1	2	137	70	2006
1891	1	1	163	65	2008
1892	1	2	136	69	2007
1893	1	1	166	56	2008
1894	1	2	137	72	2009
1895	2	2	164	0	2005
1896	1	2	134	57	2009
1897	2	2	137	0	2005
1898	1	1	122	57	2006
1899	1	2	150	72	2009
1900	1	2	164	72	2008
1901	1	2	0	55	2009
1902	2	1	136	0	2005
1903	1	1	120	0	2006
1904	1	0	0	64	0
1905	1	2	130	0	2007
1906	1	1	0	64	2008
1907	1	2	160	57	2007
1908	1	2	147	61	2009
1909	1	1	134	62	2007
1910	1	2	0	52	2009
1911	1	1	133	0	2007
1912	1	2	134	59	2009
1913	1	2	0	52	2009
1914	1	1	166	69	2008
1915	4	2	133	66	2008
1916	1	2	134	0	2005
1917	1	1	0	67	2009
1918	1	2	0	63	0
1919	1	0	162	63	2008
1920	1	1	0	59	2008
1921	1	1	153	57	2008
1922	1	1	167	64	2007
1923	1	2	134	55	2008
1924	1	2	134	73	2006
1925	1	2	133	60	2008
1926	1	1	0	58	2007
1927	2	1	135	0	2005
1928	2	0	134	0	2005
1929	1	1	0	72	2009
1930	1	0	170	70	2006
1931	1	2	162	70	2006
1932	2	2	134	0	2005
1933	2	2	127	0	2005
1934	1	2	0	67	2009
1935	1	0	168	71	2006
1936	1	0	152	65	2005
1937	1	0	173	0	2006
1938	1	2	149	70	2007
1939	1	2	144	64	2007
1940	1	1	137	57	2009
1941	1	0	0	0	0
1942	2	1	166	0	2005
1943	1	1	137	72	2009
1944	2	1	175	75	2005
1945	1	1	147	63	2008
1946	2	0	0	0	2004
1947	1	2	134	0	2005
1948	1	1	164	59	2009
1949	1	2	133	0	2007
1950	1	0	0	0	0
1951	1	1	0	61	2009
1952	1	1	166	0	2006
1953	1	1	160	58	2008
1954	1	1	134	62	2007
1955	1	1	166	71	2006
1956	1	1	166	75	2006
1957	1	1	157	63	2008
1958	1	0	139	63	2006
1959	2	2	139	0	2005
1960	2	1	164	0	2004
1961	1	2	134	51	2008
1962	1	1	128	51	2006
1963	1	1	0	72	2009
1964	2	2	127	60	2005
1965	1	1	166	62	2008
1966	2	0	144	0	2005
1967	2	0	0	0	2004
1968	1	1	0	67	2009
1969	1	2	164	62	2006
1970	1	0	0	0	0
1971	1	2	147	58	2008
1972	4	2	122	70	2007
1973	1	2	168	0	2007
1974	1	2	166	61	2008
1975	1	1	0	62	2008
1976	1	2	162	57	2007
1977	1	1	166	69	2008
1978	1	2	127	63	2006
1979	1	1	0	74	2008
1980	1	1	0	72	2009
1981	1	2	167	67	2009
1982	1	2	134	52	2009
1983	1	1	134	62	2007
1984	2	1	153	0	2005
1985	2	1	133	0	2004
1986	1	0	166	0	2007
1987	2	2	144	0	2002
1988	1	2	144	75	2005
1989	1	2	173	51	2007
1990	1	2	164	58	2006
1991	1	2	127	52	2008
1992	1	2	0	72	2008
1993	2	2	144	0	2005
1994	1	1	164	59	2008
1995	1	1	0	63	2008
1996	2	2	164	0	2005
1997	1	2	0	0	0
1998	1	1	137	51	2008
1999	1	1	134	58	2007
2000	1	1	127	59	2009
2001	1	2	170	60	2007
2002	1	1	144	70	2006
2003	1	0	0	0	0
2004	2	1	127	0	2005
2005	1	1	137	0	2007
2006	1	1	0	52	2009
2007	1	0	0	0	0
2008	1	1	167	0	2007
2009	1	0	0	0	0
2010	1	1	128	64	2008
2011	1	1	136	72	2009
2012	1	2	133	63	2006
2013	1	2	0	0	2008
2014	1	1	167	67	2006
2015	2	2	0	0	2005
2016	1	2	158	70	2007
2017	2	2	137	70	2005
2018	1	1	168	75	2006
2019	1	2	0	0	2007
2020	2	1	137	0	2005
2021	1	2	134	63	2007
2022	1	2	167	0	2006
2023	2	1	170	0	2004
2024	1	1	0	72	2009
2025	1	0	0	0	0
2026	1	0	173	0	2007
2027	1	2	157	62	2007
2028	1	1	0	59	2008
2029	1	2	178	0	2006
2030	1	0	144	63	2008
2031	1	2	122	0	2007
2032	1	2	168	0	0
2033	1	1	0	58	2008
2034	1	1	164	67	2009
2035	1	1	168	0	2006
2036	5	1	167	0	2005
2037	1	2	137	71	2006
2038	2	2	123	0	2004
2039	1	2	164	61	2009
2040	2	2	134	0	2005
2041	2	2	134	0	2004
2042	1	2	137	59	2008
2043	1	2	133	53	2006
2044	1	2	0	0	2006
2045	1	2	0	57	2009
2046	1	1	125	60	2007
2047	1	0	125	0	2007
2048	2	1	166	66	2004
2049	1	1	134	56	2008
2050	1	2	134	51	2005
2051	1	1	172	0	2006
2052	1	1	130	58	2008
2053	1	1	172	70	2006
2054	1	2	167	69	2008
2055	1	2	134	51	2007
2056	1	2	0	57	2009
2057	1	1	134	51	2008
2058	1	2	144	63	2007
2059	2	2	162	0	2005
2060	1	0	0	0	0
2061	2	1	127	0	2004
2062	1	2	144	75	0
2063	1	1	0	72	2009
2064	1	2	127	57	2007
2065	2	1	125	71	2005
2066	1	1	0	55	2009
2067	1	2	167	62	2007
2068	2	2	144	0	2003
2069	1	2	128	67	2006
2070	1	2	166	51	2008
2071	1	1	0	63	2008
2072	0	1	166	54	2006
2073	1	1	147	58	2008
2074	1	1	135	63	2005
2075	2	0	173	0	2005
2076	1	1	168	70	2006
2077	1	2	0	55	2009
2078	1	1	166	63	2006
2079	1	1	175	0	2007
2080	5	1	167	60	2007
2081	2	1	123	0	2005
2082	1	2	128	69	2007
2083	2	1	166	0	2005
2084	1	2	134	52	2008
2085	1	2	158	70	0
2086	1	1	128	51	2007
2087	1	1	167	0	2007
2088	1	1	135	61	2007
2089	4	0	0	0	0
2090	1	2	134	0	2006
2091	1	2	147	0	2007
2092	1	2	0	57	2006
2093	1	1	144	61	2009
2094	1	2	164	68	2008
2095	1	1	0	67	2008
2096	1	2	164	59	2009
2097	1	2	136	67	2005
2098	1	2	129	65	2007
2099	2	2	167	0	2005
2100	2	1	164	0	2005
2101	1	1	164	57	2006
2102	1	2	0	55	2009
2103	2	1	128	0	2004
2104	1	1	164	60	2007
2105	1	1	170	70	2006
2106	1	1	125	0	2008
2107	1	2	0	67	0
2108	1	2	136	0	2007
2109	1	0	0	0	0
2110	1	2	0	67	0
2111	1	2	164	0	2007
2112	2	2	0	0	2004
2113	1	1	135	0	2006
2114	1	1	166	72	2006
2115	1	2	0	59	2008
2116	1	1	175	60	2008
2117	2	1	166	0	2005
2118	1	2	136	67	2009
2119	1	1	164	0	2005
2120	2	2	167	0	2005
2121	1	2	136	53	2007
2122	1	2	144	58	2007
2123	1	0	137	65	2006
2124	1	1	0	0	2008
2125	2	2	164	0	2005
2126	1	1	137	58	2007
2127	2	2	172	0	2004
2128	1	2	137	67	2008
2129	1	2	0	61	2009
2130	3	1	133	63	2008
2131	2	2	162	0	2005
2132	1	1	0	58	2008
2133	1	1	137	66	2005
2134	1	2	163	53	2007
2135	1	2	0	63	2008
2136	2	2	134	53	2005
2137	2	2	134	0	2005
2138	1	1	166	61	2009
2139	2	0	0	0	0
2140	1	2	0	0	0
2141	1	2	136	0	2006
2142	2	2	137	0	2004
2143	1	2	128	59	2007
2144	1	1	168	68	2007
2145	2	0	0	0	0
2146	2	1	128	0	2004
2147	1	1	0	67	2009
2148	1	2	144	0	2007
2149	1	2	0	72	2009
2150	1	0	0	0	0
2151	2	0	137	0	2005
2152	1	2	164	64	2008
2153	1	2	147	72	0
2154	1	2	130	60	2007
2155	2	1	144	0	2004
2156	1	2	0	0	2008
2157	2	1	147	0	2004
2158	1	1	137	51	2008
2159	2	1	137	0	2004
2160	1	0	147	60	2007
2161	1	1	166	72	2009
2162	1	0	0	0	0
2163	1	1	164	0	2006
2164	1	1	0	70	2007
2165	2	1	153	0	2004
2166	1	2	0	70	2010
2167	1	1	125	57	2007
2168	1	2	133	64	2007
2169	1	2	137	51	2007
2170	1	0	137	71	2006
2171	1	1	0	0	2009
2172	1	2	134	60	2007
2173	1	2	136	70	2008
2174	1	2	164	71	2005
2175	1	2	0	52	2009
2176	1	2	136	72	2009
2177	1	1	167	57	2007
2178	1	2	134	73	2006
2179	1	1	160	65	2006
2180	2	1	127	0	2005
2181	1	2	133	56	2007
2182	1	1	125	60	2007
2183	1	0	136	0	2006
2184	1	1	160	63	2008
2185	2	0	0	0	0
2186	1	1	146	63	2008
2187	1	2	164	73	2006
2188	1	2	166	72	0
2189	1	2	0	52	2008
2190	1	2	166	71	2006
2191	1	1	173	0	2006
2192	1	2	160	67	2008
2193	1	2	0	72	2009
2194	1	1	0	58	2008
2195	1	1	127	58	2008
2196	1	2	148	67	2006
2197	1	1	0	55	2009
2198	1	1	172	0	2007
2199	1	2	134	51	2008
2200	1	2	144	57	2006
2201	2	1	0	0	2004
2202	1	2	0	55	2008
2203	1	2	0	72	2008
2204	1	1	0	61	2009
2205	1	1	164	68	2006
2206	1	2	157	51	2007
2207	1	2	137	70	2006
2208	1	1	0	72	2009
2209	1	1	147	0	2007
2210	1	0	0	0	0
2211	1	1	0	72	2009
2212	1	1	125	58	0
2213	1	1	164	54	2006
2214	2	1	137	0	2005
2215	1	0	0	0	2006
2216	1	1	134	58	2006
2217	2	0	0	0	0
2218	2	2	164	0	2005
2219	1	2	134	55	2008
2220	1	1	0	63	2008
2221	1	0	0	0	0
2222	1	2	168	65	2007
2223	1	2	134	71	2005
2224	1	2	144	60	2007
2225	2	2	0	0	2005
2226	2	2	122	0	2003
2227	2	2	133	0	2002
2228	1	2	147	64	2008
2229	1	2	0	0	0
2230	1	1	170	63	2008
2231	3	0	0	0	0
2232	1	1	147	0	2009
2233	2	2	127	63	2005
2234	1	2	167	65	2008
2235	1	1	0	59	2008
2236	1	1	142	58	2007
2237	1	0	0	53	2008
2238	2	1	127	63	2005
2239	1	2	0	72	2008
2240	2	0	137	0	2004
2241	1	2	140	63	2008
2242	1	1	134	51	2008
2243	1	1	0	63	2007
2244	2	1	144	67	2004
2245	1	1	166	54	2008
2246	1	2	134	62	0
2247	1	2	134	72	2009
2248	1	2	0	67	2008
2249	1	2	134	70	2007
2250	1	0	0	0	2009
2251	1	1	127	59	2009
2252	1	1	153	57	2008
2253	1	2	133	70	2005
2254	1	1	125	73	2006
2255	1	2	137	58	2006
2256	1	0	0	0	0
2257	2	1	164	0	2003
2258	1	1	0	0	2007
2259	1	0	0	0	0
2260	2	2	127	0	2005
2261	2	1	135	0	2005
2262	1	1	166	52	2009
2263	2	1	136	0	2003
2264	2	2	164	0	2005
2265	1	2	127	72	2009
2266	1	1	136	63	2006
2267	2	1	164	0	2005
2268	1	1	173	51	2008
2269	1	1	0	55	2009
2270	1	1	0	67	2009
2271	1	1	128	58	2008
2272	2	1	137	0	2005
2273	1	1	136	58	2007
2274	1	2	167	0	2007
2275	1	1	0	71	2006
2276	1	2	134	63	2007
2277	2	1	147	0	2005
2278	1	2	0	61	2009
2279	1	1	0	61	2009
2280	2	2	136	0	2005
2281	1	2	175	61	2009
2282	1	1	166	60	2008
2283	1	0	134	0	2007
2284	1	1	125	63	2006
2285	2	1	144	0	2005
2286	1	0	167	0	2006
2287	1	1	125	70	2006
2288	1	2	134	75	2006
2289	1	2	162	61	2009
2290	2	2	137	70	2005
2291	1	1	0	72	2009
2292	1	0	0	64	2008
2293	1	2	128	67	2009
2294	1	1	164	60	2007
2295	1	1	167	67	2009
2296	2	2	144	0	2005
2297	1	2	136	63	2008
2298	1	2	134	73	2005
2299	2	1	137	70	2005
2300	1	1	166	67	2009
2301	1	1	164	0	2006
2302	1	2	0	52	2009
2303	1	1	147	0	2007
2304	2	2	142	70	2005
2305	1	1	137	72	2009
2306	1	1	0	52	2009
2307	1	0	144	0	0
2308	1	1	160	72	2006
2309	1	2	0	52	0
2310	1	1	150	0	2007
2311	1	1	128	75	2006
2312	1	2	133	53	2005
2313	1	1	160	75	2006
2314	1	1	0	52	2009
2315	1	0	160	69	0
2316	1	1	136	55	2008
2317	1	1	170	63	2007
2318	1	2	0	67	2008
2319	1	1	139	0	2006
2320	2	1	0	0	0
2321	1	2	0	0	2008
2322	1	1	158	61	2009
2323	2	2	144	0	2004
2324	2	1	164	61	2004
2325	1	1	128	64	2008
2326	2	2	134	0	2005
2327	1	2	134	57	2008
2328	1	1	137	63	2007
2329	1	2	124	69	2008
2330	1	2	147	55	2008
2331	1	1	0	61	2009
2332	1	2	0	67	2009
2333	1	1	125	70	2006
2334	2	2	0	0	2004
2335	1	1	127	57	2009
2336	1	1	0	57	2009
2337	1	1	137	0	2006
2338	1	1	172	0	2006
2339	1	1	160	66	2006
2340	1	1	134	58	2006
2341	1	2	0	72	2009
2342	1	2	144	57	2006
2343	1	2	134	73	2006
2344	1	1	130	59	2008
2345	2	1	172	61	2004
2346	2	1	147	0	0
2347	1	2	128	60	2008
2348	2	0	134	0	2005
2349	1	2	0	0	2008
2350	1	0	164	63	2005
2351	1	2	164	70	2006
2352	1	1	0	62	2007
2353	1	1	166	69	2007
2354	1	1	164	71	2006
2355	1	1	0	59	2008
2356	1	2	160	61	2004
2357	1	1	0	64	2007
2358	1	1	137	0	2007
2359	2	0	164	0	2005
2360	2	2	134	54	2005
2361	1	2	134	57	2009
2362	1	1	166	59	2007
2363	1	2	134	0	0
2364	1	1	0	0	2008
2365	2	2	157	0	0
2366	2	2	164	71	2005
2367	2	1	134	0	2003
2368	1	1	164	70	2005
2369	1	2	134	0	2007
2370	1	2	136	66	2007
2371	1	2	160	72	2009
2372	1	1	134	71	2006
2373	1	1	135	51	2008
2374	1	2	144	59	2008
2375	1	0	0	0	0
2376	1	2	0	59	2008
2377	1	1	167	52	2009
2378	1	2	164	0	0
2379	1	1	134	61	2005
2380	1	2	134	71	2006
2381	1	2	144	68	2007
2382	2	1	170	0	0
2383	1	2	144	0	2006
2384	1	1	166	0	2006
2385	1	1	0	0	2006
2386	1	1	123	61	2009
2387	1	0	173	0	2007
2388	2	2	135	71	2005
2389	2	2	134	70	2005
2390	1	2	134	70	2008
2391	1	1	147	0	2006
2392	2	1	162	55	2004
2393	1	1	173	61	2009
2394	2	2	164	61	2005
2395	1	2	125	75	2006
2396	1	1	166	62	2007
2397	2	2	123	0	2005
2398	1	1	175	56	2008
2399	1	0	166	71	2005
2400	1	2	127	51	0
2401	1	2	166	72	2009
2402	1	1	0	52	2008
2403	1	2	166	55	2009
2404	1	2	0	68	2008
2405	1	2	144	0	2006
2406	1	1	0	61	2009
2407	1	1	123	63	2007
2408	2	1	168	0	2004
2409	2	1	173	53	2005
2410	1	1	0	72	2009
2411	1	2	0	57	2009
2412	1	1	168	0	2007
2413	1	1	144	71	2006
2414	3	0	0	0	0
2415	1	2	127	52	2009
2416	4	2	0	0	0
2417	1	2	0	64	2008
2418	1	2	130	61	2006
2419	1	2	168	60	2007
2420	1	2	0	67	2008
2421	2	1	164	0	2005
2422	2	1	164	0	2005
2423	1	2	128	65	2008
2424	1	2	146	56	2007
2425	1	1	173	0	2006
2426	2	2	134	0	2004
2427	1	2	144	0	2006
2428	1	2	134	0	2008
2429	1	1	146	55	2009
2430	1	1	0	59	2009
2431	1	1	160	53	2007
2432	1	2	147	0	2007
2433	4	0	0	0	0
2434	1	1	162	56	2008
2435	1	2	144	67	2009
2436	1	2	128	59	2008
2437	1	2	0	67	2009
2438	1	2	134	60	2006
2439	1	1	0	63	2008
2440	1	1	166	57	2005
2441	1	2	164	63	2006
2442	1	0	0	66	0
2443	1	2	164	56	2007
2444	1	1	153	63	2008
2445	1	2	134	64	2008
2446	2	1	137	0	2005
2447	1	2	167	70	2007
2448	1	0	137	0	0
2449	1	1	166	71	2005
2450	1	2	134	60	2006
2451	1	2	162	71	2006
2452	1	2	0	0	2006
2453	1	2	0	64	2008
2454	1	2	136	55	2009
2455	2	2	133	70	2005
2456	2	0	164	0	2003
2457	1	2	0	72	2009
2458	1	2	144	61	2009
2459	1	1	173	71	2006
2460	1	2	0	59	2009
2461	1	1	0	64	2008
2462	1	2	160	67	2007
2463	1	1	0	0	2009
2464	1	2	157	0	2006
2465	2	1	167	0	2004
2466	1	1	0	58	2008
2467	2	1	0	0	2004
2468	1	2	147	55	2007
2469	1	2	158	57	2009
2470	1	2	134	0	2006
2471	1	1	0	72	2009
2472	1	1	170	63	2007
2473	2	1	153	0	2003
2474	1	1	163	52	2006
2475	1	0	161	0	0
2476	2	2	134	0	2005
2477	1	2	136	67	2005
2478	1	1	128	58	2008
2479	1	2	123	72	2009
2480	1	1	0	63	2008
2481	1	1	0	61	2009
2482	1	1	0	58	2008
2483	2	2	175	0	2004
2484	1	1	164	71	2006
2485	1	1	162	70	2006
2486	1	2	0	55	2009
2487	1	1	0	69	2008
2488	2	0	133	0	2005
2489	1	1	137	64	2007
2490	1	2	118	0	0
2491	1	1	135	53	2008
2492	1	2	137	51	2007
2493	1	1	134	59	2009
2494	1	2	140	59	2009
2495	2	1	137	0	2004
2496	1	2	139	0	2007
2497	1	1	164	57	2005
2498	1	2	164	75	2006
2499	1	1	167	63	2007
2500	1	2	164	0	2006
2501	1	2	164	59	2007
2502	1	1	0	59	2009
2503	1	1	0	59	2009
2504	1	1	122	55	2009
2505	1	1	0	63	2007
2506	2	1	134	0	2005
2507	2	1	164	0	2005
2508	1	2	0	55	2009
2509	1	1	164	0	2006
2510	2	2	174	0	0
2511	1	1	0	51	2008
2512	2	1	122	0	2005
2513	1	1	164	55	2009
2514	1	2	0	51	2007
2515	2	2	147	0	2005
2516	1	1	167	72	2007
2517	4	2	0	0	0
2518	1	2	0	72	2009
2519	1	1	125	75	2005
2520	2	1	137	0	2005
2521	1	1	0	58	2008
2522	1	1	0	61	2009
2523	1	1	160	71	2007
2524	1	2	0	64	2008
2525	1	1	0	62	2008
2526	1	1	0	57	2008
2527	2	1	127	0	2004
2528	1	1	166	58	2008
2529	2	2	164	0	2005
2530	1	2	0	55	2009
2531	1	1	125	0	2007
2532	1	1	166	51	2008
2533	2	2	164	0	2003
2534	1	2	158	0	2006
2535	1	2	128	63	2006
2536	1	2	137	61	2009
2537	1	2	136	57	2006
2538	1	2	0	64	2008
2539	1	2	164	53	2007
2540	1	1	122	64	2008
2541	2	1	128	0	2005
2542	1	0	0	0	0
2543	1	1	0	51	2008
2544	1	1	175	65	2006
2545	1	1	0	58	2008
2546	1	2	144	59	2008
2547	1	2	134	58	2007
2548	1	1	160	0	2008
2549	1	1	134	0	2007
2550	1	1	144	59	2008
2551	1	2	0	61	2009
2552	1	2	162	69	2007
2553	2	1	166	0	2005
2554	1	0	164	70	2006
2555	1	1	137	54	2006
2556	2	2	137	0	2004
2557	1	0	144	70	2005
2558	1	2	133	0	2006
2559	1	2	134	74	2008
2560	1	1	134	75	2005
2561	1	1	147	59	2009
2562	2	1	135	0	2004
2563	1	0	0	58	2008
2564	1	2	144	63	2007
2565	1	1	125	67	2009
2566	1	1	147	55	2009
2567	1	0	153	62	2007
2568	1	2	0	55	2009
2569	2	2	137	0	2005
2570	1	1	0	64	2008
2571	1	2	0	52	2009
2572	1	2	0	64	2008
2573	2	1	166	0	2001
2574	1	1	160	72	2006
2575	1	2	167	63	2006
2576	2	1	147	0	2005
2577	1	1	147	74	2008
2578	1	1	137	51	2008
2579	1	2	126	55	2008
2580	1	1	175	59	0
2581	2	2	134	0	2004
2582	1	0	134	60	2006
2583	1	2	167	60	2007
2584	1	1	144	0	2006
2585	1	1	126	67	2009
2586	1	1	0	64	2008
2587	1	1	0	67	2009
2588	1	2	134	73	2007
2589	1	2	134	51	2007
2590	1	2	126	51	2007
2591	1	2	0	57	2009
2592	1	2	133	0	2008
2593	1	2	126	55	2009
2594	1	2	127	54	2007
2595	5	1	135	0	2004
2596	1	2	134	57	2009
2597	1	1	0	59	2008
2598	1	0	160	67	2008
2599	1	2	137	53	0
2600	1	2	134	0	2006
2601	1	1	0	61	2009
2602	1	1	146	0	2007
2603	1	1	172	65	2006
2604	1	2	164	71	2006
2605	2	1	0	0	2003
2606	1	1	144	53	2006
2607	1	1	0	63	2008
2608	2	1	0	0	2004
2609	1	2	162	61	2006
2610	1	2	136	58	2007
2611	1	2	134	57	2009
2612	2	2	134	0	2004
2613	1	1	0	61	2009
