id	status	gender	major	dorm	year
1	1	1	265	90	2008
2	1	2	237	87	2009
3	1	1	240	86	2009
4	1	1	265	0	2008
5	1	1	275	0	0
6	1	1	246	88	2008
7	1	2	237	0	2008
8	1	1	237	88	2008
9	1	1	240	0	2007
10	1	1	0	87	2008
11	1	0	0	0	0
12	1	2	244	101	2005
13	1	1	0	0	2006
14	1	2	279	88	2008
15	1	1	253	86	2009
16	1	2	237	0	2004
17	1	2	237	88	2008
18	1	1	268	87	2009
19	2	0	0	0	0
20	1	1	269	88	2007
21	1	0	0	0	0
22	1	1	237	0	2007
23	1	2	241	0	2005
24	1	1	268	0	2006
25	1	1	279	0	2007
26	1	1	237	86	2009
27	1	2	268	0	2006
28	1	2	266	0	2007
29	1	1	237	0	2006
30	1	1	261	86	2009
31	1	1	269	0	2007
32	1	1	253	0	2005
33	1	1	237	88	2008
34	1	1	237	0	2006
35	1	1	240	90	2008
36	1	2	237	0	2005
37	1	1	275	87	2009
38	1	2	261	86	2008
39	1	1	237	94	2006
40	1	1	261	0	2007
41	1	1	240	90	2008
42	1	2	246	88	2008
43	1	1	269	87	2009
44	1	1	265	0	2007
45	1	2	236	99	2005
46	1	1	269	0	2007
47	2	1	268	0	2005
48	1	1	269	87	0
49	1	2	237	86	2009
50	1	1	237	88	2008
51	1	1	237	87	2005
52	1	1	265	87	2009
53	1	1	269	88	2008
54	1	2	264	87	2009
55	1	2	253	0	2006
56	1	1	237	0	2005
57	1	1	252	89	0
58	1	2	240	0	2005
59	1	2	237	0	2006
60	1	1	265	0	2007
61	1	1	269	0	2006
62	1	2	237	101	2007
63	1	1	268	0	2006
64	1	1	260	0	0
65	1	1	268	0	2006
66	1	0	0	0	0
67	1	2	261	0	2007
68	1	1	275	88	2007
69	2	1	269	0	2005
70	1	1	237	87	2009
71	1	1	237	0	2008
72	1	1	0	86	2009
73	1	1	265	0	2008
74	1	1	269	87	2009
75	1	2	265	0	2007
76	1	1	237	86	0
77	1	1	0	86	2009
78	2	1	265	0	2005
79	1	1	237	0	2007
80	5	2	237	0	2007
81	1	1	237	89	2009
82	1	0	0	0	0
83	1	2	237	94	0
84	1	1	265	86	2009
85	1	1	0	88	2008
86	1	1	261	0	2006
87	1	2	279	0	2007
88	1	1	265	107	2007
89	1	1	237	89	2009
90	1	1	276	0	2007
91	2	1	240	0	2004
92	5	1	260	0	0
93	1	2	237	0	2007
94	1	0	0	0	0
95	1	1	269	89	2009
96	1	1	237	102	0
97	1	0	0	0	0
98	1	0	0	0	0
99	1	0	0	0	0
100	1	1	237	87	2009
101	1	1	0	89	2009
102	2	1	269	0	2005
103	1	1	261	90	2008
104	2	2	237	0	2004
105	1	1	269	0	0
106	1	1	237	87	2009
107	1	1	237	0	2008
108	1	1	265	86	2009
109	1	2	244	0	2008
110	1	1	255	88	2008
111	1	1	279	0	2006
112	1	1	263	90	2007
113	1	1	265	0	2006
114	1	1	265	0	0
115	1	2	268	94	0
116	1	1	269	94	2007
117	1	1	261	88	2008
118	1	2	246	87	2009
119	2	1	237	0	2005
120	1	1	237	89	2008
121	1	2	268	90	2007
122	1	0	269	0	0
123	1	1	276	0	2007
124	1	2	236	0	2008
125	1	2	237	86	2009
126	1	1	268	0	2006
127	1	1	250	89	2008
128	1	2	239	88	2008
129	1	0	0	0	2007
130	1	2	260	0	2008
131	1	2	235	0	2007
132	1	1	246	87	2009
133	1	0	261	86	2008
134	1	1	250	88	2007
135	1	1	269	88	2008
136	1	0	0	0	0
137	1	1	253	0	2006
138	1	1	265	0	2007
139	1	1	237	89	2008
140	1	1	237	89	2008
141	1	2	269	91	2007
142	1	1	237	0	2006
143	2	1	269	0	2005
144	1	2	236	0	2007
145	1	2	253	0	2007
146	1	1	269	91	2006
147	1	2	0	87	2009
148	1	1	261	0	2009
149	1	0	0	86	2008
150	1	2	236	0	0
151	1	2	237	0	2007
152	1	1	279	89	2008
153	1	2	246	90	2007
154	1	1	0	88	2008
155	2	2	263	0	2005
156	1	1	275	88	2008
157	1	2	267	88	2008
158	1	1	261	86	0
159	1	1	269	0	2005
160	1	2	246	0	2008
161	1	1	253	88	2008
162	1	1	265	89	2008
163	1	1	275	86	2009
164	1	2	236	88	2008
165	1	2	268	0	2008
166	1	1	246	89	2007
167	1	1	250	87	2008
168	1	1	265	0	2006
169	1	2	237	88	2008
170	1	1	237	0	2006
171	1	0	269	88	2008
172	1	1	279	86	2009
173	1	2	236	87	2009
174	1	2	237	88	2008
175	1	1	239	0	2005
176	1	1	0	0	0
177	1	1	269	89	2009
178	1	1	239	91	2006
179	1	0	237	94	0
180	1	2	236	86	2008
181	1	2	237	0	2008
182	1	2	266	0	2005
183	1	1	265	0	0
184	1	1	0	88	2007
185	1	1	246	88	2007
186	1	1	237	0	2007
187	1	0	0	0	0
188	1	2	237	0	2007
189	2	1	236	0	2005
190	1	2	237	86	2009
191	1	2	250	88	2006
192	1	1	0	0	2008
193	1	1	0	87	0
194	2	1	237	102	2005
195	3	2	237	87	2008
196	1	1	265	88	2008
197	1	1	246	0	2007
198	1	2	0	90	2006
199	1	1	265	87	2009
200	1	1	279	0	2005
201	1	1	0	86	2009
202	1	0	0	0	2006
203	1	1	0	0	2008
204	1	1	246	0	2007
205	1	0	0	0	0
206	1	1	276	0	2007
207	1	1	237	89	2009
208	1	2	266	90	2008
209	1	1	250	88	2008
210	1	1	279	0	2006
211	1	1	237	0	2008
212	1	2	0	0	0
213	1	2	244	0	2007
214	1	1	268	0	0
215	1	1	250	0	2006
216	1	1	265	88	0
217	1	1	236	87	2009
218	1	1	237	86	2009
219	1	2	268	0	2006
220	1	2	268	0	2007
221	1	0	0	0	0
222	1	1	236	91	0
223	1	1	279	0	2005
224	1	1	261	0	2005
225	1	2	279	0	2006
226	1	1	237	88	0
227	1	1	265	0	0
228	1	1	261	105	2007
229	1	1	279	0	0
230	1	1	237	0	2007
231	1	1	240	87	2009
232	2	1	275	90	2005
233	1	1	237	86	2009
234	1	2	237	0	2006
235	1	1	265	86	2009
236	1	1	268	88	2008
237	1	1	240	87	2009
238	1	2	237	86	2009
239	1	1	237	0	0
240	1	1	236	88	2008
241	1	1	237	0	2006
242	1	1	244	101	2006
243	1	2	0	87	2008
244	1	1	246	0	2006
245	1	1	246	94	2005
246	1	1	0	0	2008
247	1	2	240	90	0
248	2	2	246	0	0
249	1	2	236	0	2008
250	1	1	236	88	2008
251	1	2	237	0	0
252	1	1	237	86	2009
253	2	1	237	0	2005
254	2	1	269	0	2005
255	1	2	0	0	2007
256	1	1	265	0	2007
257	1	1	265	90	2008
258	1	1	268	89	2009
259	1	2	275	88	2008
260	1	1	268	87	2009
261	2	1	268	0	0
262	1	1	0	86	2009
263	1	1	279	0	2008
264	2	1	240	0	2005
265	1	1	279	0	2008
266	1	0	0	0	0
267	1	1	240	87	2008
268	2	1	239	0	2005
269	1	1	237	87	2009
270	1	2	269	97	0
271	1	2	237	0	2007
272	1	1	237	0	0
273	2	2	237	0	2005
274	1	1	237	0	2007
275	1	1	265	105	2007
276	1	1	0	90	2008
277	1	1	268	86	2009
278	1	2	250	0	2007
279	1	1	240	0	2009
280	1	1	265	89	2009
281	1	2	237	99	2007
282	1	1	250	94	0
283	1	1	269	0	2006
284	1	0	0	0	0
285	1	1	0	87	2008
286	2	2	237	0	2005
287	1	2	237	87	2008
288	1	1	266	87	2009
289	1	2	236	87	2009
290	1	2	269	87	2010
291	1	1	0	88	2008
292	1	2	237	87	2008
293	1	1	268	94	2007
294	1	2	237	0	2006
295	1	2	258	0	2007
296	1	1	265	0	2008
297	1	1	237	0	2006
298	1	2	269	94	2005
299	1	1	0	0	0
300	1	1	261	86	2004
301	2	0	261	0	0
302	1	1	237	88	2009
303	1	2	236	88	2009
304	1	2	268	0	2005
305	1	0	0	0	0
306	1	2	235	0	2007
307	1	1	0	0	2007
308	1	1	236	87	2009
309	1	0	0	0	0
310	1	1	0	0	2006
311	1	1	265	88	2008
312	1	1	236	86	2005
313	1	2	0	88	2008
314	1	2	237	87	2009
315	1	2	279	86	2004
316	1	1	265	88	2007
317	1	1	237	0	2007
318	1	1	268	0	2006
319	1	1	276	88	2007
320	1	2	237	0	0
321	1	1	240	0	2006
322	1	2	244	0	2006
323	1	1	265	88	2008
324	1	1	279	0	2006
325	1	2	237	0	2008
326	1	1	236	87	2008
327	1	2	244	0	2007
328	1	2	236	88	2008
329	1	1	253	90	2008
330	1	1	237	0	2006
331	1	1	265	107	2006
332	1	1	265	90	2008
333	1	2	246	90	2007
334	1	2	256	88	2006
335	1	1	237	0	2007
336	1	1	260	94	2007
337	1	1	237	0	2008
338	2	1	268	0	2005
339	2	2	253	91	2005
340	2	1	268	0	2004
341	1	1	269	0	2006
342	1	1	265	86	2008
343	5	0	0	0	0
344	1	1	260	87	2010
345	1	1	239	87	2009
346	1	1	252	0	2006
347	1	1	275	0	2007
348	1	1	237	86	2009
349	1	1	268	0	2009
350	1	1	236	91	2007
351	2	1	269	102	2004
352	1	1	269	0	2007
353	1	1	236	89	2008
354	1	2	267	88	2008
355	2	1	236	0	2005
356	1	1	246	90	2008
357	1	1	235	0	0
358	1	1	237	102	2006
359	1	1	237	89	2009
360	1	1	265	94	2007
361	1	1	237	0	2006
362	1	1	275	0	2006
363	1	1	237	102	2005
364	1	1	269	86	2009
365	1	2	250	86	2005
366	1	1	268	86	2009
367	1	1	269	87	2009
368	1	1	269	94	2006
369	1	2	279	86	2009
370	1	1	0	0	2008
371	1	1	265	87	2008
372	1	2	0	0	2008
373	1	1	239	86	2009
374	1	1	248	86	2009
375	1	2	275	0	0
376	1	1	269	0	2006
377	1	1	261	86	2009
378	1	2	241	87	2009
379	1	2	261	86	2009
380	1	1	254	88	2008
381	2	1	236	0	2005
382	1	2	253	0	0
383	5	2	268	0	0
384	1	1	261	87	2009
385	1	1	251	86	2008
386	2	1	265	0	2005
387	1	2	237	0	2008
388	1	1	240	0	2006
389	1	2	241	0	2005
390	1	1	237	0	0
391	2	2	237	0	2005
392	1	1	275	0	0
393	1	2	269	87	2004
394	1	2	268	0	2008
395	1	1	265	107	2007
396	1	1	236	88	2007
397	1	1	261	0	2008
398	1	1	240	90	2008
399	1	1	250	0	2007
400	1	2	237	0	2006
401	1	1	279	87	2009
402	1	1	275	0	2006
403	1	2	0	86	2008
404	1	0	0	0	0
405	1	0	0	0	0
406	1	2	269	88	2007
407	1	1	237	91	0
408	1	2	0	0	2009
409	1	1	279	90	2007
410	1	2	268	0	2008
411	1	1	261	90	2006
412	1	1	236	88	2008
413	1	1	253	0	2006
414	2	2	268	0	0
415	5	2	237	90	2006
416	1	1	265	0	2008
417	1	1	237	86	2009
418	1	1	0	0	0
419	2	0	250	0	2005
420	1	1	0	86	2009
421	1	1	261	88	2008
422	1	1	269	0	0
423	1	1	265	90	2008
424	1	1	268	0	2006
425	2	1	240	0	2005
426	1	1	237	86	2009
427	1	2	260	86	2009
428	1	1	265	89	2008
429	1	1	255	90	2009
430	1	2	0	88	0
431	1	2	266	94	2006
432	1	1	237	0	0
433	2	1	240	0	2005
434	1	1	237	90	0
435	1	1	236	86	2009
436	1	2	266	87	2009
437	1	1	265	107	2008
438	1	0	0	0	0
439	1	2	269	0	2008
440	1	1	237	86	2009
441	2	1	246	0	2004
442	1	1	237	0	2009
443	1	1	246	87	2009
444	1	1	265	107	2008
445	1	1	265	86	2008
446	1	1	269	90	2008
447	1	1	279	0	2005
448	1	1	255	0	2008
449	2	1	0	0	2005
450	1	1	240	86	2009
451	1	1	236	94	2006
452	1	2	239	88	2008
453	1	1	266	0	2006
454	1	1	241	88	2008
455	1	1	258	0	2007
456	1	2	0	0	2006
457	1	1	265	0	2007
458	1	2	265	88	2008
459	1	2	237	86	2009
460	1	2	268	87	2009
461	1	2	237	90	2007
462	1	2	244	86	2005
463	1	1	236	88	2007
464	1	0	0	0	0
465	1	1	240	87	2009
466	1	2	278	88	2006
467	1	1	265	86	2009
468	1	2	237	86	2006
469	1	1	0	0	2007
470	1	1	0	88	2008
471	1	1	237	0	2008
472	1	2	237	0	2007
473	1	2	237	88	2008
474	1	1	240	0	2006
475	1	2	237	94	2005
476	1	2	237	0	2006
477	1	0	237	90	2008
478	1	2	237	0	2007
479	1	1	275	0	2006
480	1	1	268	88	2007
481	1	1	255	87	2009
482	1	1	279	94	2006
483	1	1	269	0	2009
484	1	1	265	0	2007
485	1	2	253	86	2008
486	1	2	237	88	2008
487	1	1	248	0	2005
488	5	1	242	0	2006
489	2	1	237	0	2004
490	1	2	240	106	2006
491	1	1	269	94	2006
492	1	2	237	90	2007
493	1	2	248	86	2008
494	1	1	269	88	2008
495	1	1	236	0	2007
496	1	1	275	88	2008
497	1	1	0	87	2005
498	1	2	279	88	2008
499	1	1	250	88	2008
500	1	1	250	0	2005
501	1	1	0	0	2007
502	1	2	267	87	2009
503	1	0	0	0	0
504	1	1	236	0	2007
505	1	1	265	0	2009
506	1	1	255	86	2008
507	1	1	237	94	0
508	1	2	237	101	0
509	1	2	269	87	2008
510	1	2	237	88	2007
511	1	1	260	90	2008
512	1	1	274	86	2008
513	1	1	0	0	2005
514	1	2	240	86	2008
515	1	0	0	0	0
516	1	1	280	0	0
517	1	1	237	101	2006
518	1	1	237	86	2009
519	1	1	265	87	2008
520	1	1	237	0	2008
521	2	1	250	0	2005
522	1	1	237	94	2006
523	1	0	0	0	0
524	1	1	269	0	2006
525	1	1	265	89	2008
526	1	1	253	0	2007
527	1	0	0	87	2008
528	1	1	261	88	2008
529	1	1	240	0	2008
530	1	0	0	0	0
531	1	1	275	88	2007
532	1	2	267	0	0
533	1	1	250	86	2009
534	1	1	268	0	2006
535	1	2	244	88	2007
536	1	1	265	0	2008
537	1	1	246	86	2009
538	1	1	240	0	2006
539	2	1	240	0	2004
540	1	1	265	90	2007
541	2	1	236	0	2005
542	1	2	237	0	2008
543	1	2	237	87	2008
544	1	1	248	97	2006
545	1	0	0	0	0
546	1	2	241	88	2008
547	1	2	240	94	2007
548	1	2	269	94	2006
549	1	0	0	0	0
550	1	1	269	0	2007
551	1	1	247	0	0
552	1	2	237	87	2009
553	1	1	240	90	2008
554	1	1	261	0	2006
555	1	1	250	86	2009
556	1	1	261	0	2007
557	1	2	261	88	2007
558	1	1	0	0	2007
559	1	1	253	87	2008
560	5	2	253	0	2005
561	1	1	239	0	2006
562	1	1	265	86	2009
563	1	1	268	0	2007
564	1	2	244	0	2007
565	1	2	250	87	2008
566	1	1	255	87	2009
567	1	1	265	94	2007
568	1	1	240	0	0
569	1	2	237	0	0
570	1	1	246	0	2007
571	1	2	237	86	2008
572	1	2	265	87	2009
573	1	1	253	0	2007
574	1	1	269	0	2005
575	1	1	256	86	2007
576	1	1	276	0	2007
577	1	1	261	91	2007
578	1	1	265	94	2006
579	0	0	0	0	0
580	1	1	265	90	2008
581	1	1	279	0	2006
582	1	0	0	0	0
583	1	2	237	0	2007
584	1	0	0	0	0
585	1	1	240	87	2008
586	1	2	237	88	2008
587	1	1	279	0	2006
588	1	1	269	0	2008
589	1	1	275	0	2007
590	1	2	237	0	2007
591	1	1	237	90	2007
592	1	1	260	0	2006
593	1	1	268	94	2006
594	1	1	256	87	2009
595	1	1	237	0	0
596	1	1	265	87	2009
597	1	1	265	88	2007
598	1	1	0	90	2007
599	1	1	0	0	2008
600	2	1	275	0	2004
601	1	1	250	102	2008
602	1	2	241	94	2007
603	2	1	236	94	2005
604	1	1	237	0	2007
605	5	2	0	0	0
606	1	1	250	87	2009
607	1	1	237	0	2007
608	1	1	236	86	2009
609	1	1	237	88	2007
610	1	2	246	0	2009
611	1	1	269	89	2009
612	1	2	279	0	0
613	1	1	265	107	2007
614	1	2	0	86	2005
615	1	1	268	88	2008
616	1	1	237	87	2009
617	2	1	279	102	2004
618	1	1	268	0	2008
619	1	1	265	94	2007
620	1	1	268	88	2008
621	1	2	265	86	2008
622	1	1	0	87	2009
623	1	1	237	87	2009
624	1	1	268	90	2007
625	1	1	236	88	2008
626	1	2	236	87	2009
627	1	1	269	88	2008
628	1	1	248	88	2004
629	1	1	237	0	2006
630	1	2	236	0	0
631	1	1	236	88	2007
632	1	1	236	0	2006
633	1	1	0	0	0
634	1	1	268	94	2006
635	1	1	237	0	2007
636	1	2	269	0	2006
637	1	2	266	87	2008
638	1	0	0	0	0
639	1	2	237	0	2006
640	1	2	246	88	2008
641	1	0	265	0	0
642	5	1	276	0	2005
643	1	1	0	94	2006
644	1	1	237	89	2009
645	1	2	268	87	2008
646	1	2	237	86	2009
647	1	1	255	87	2009
648	1	1	275	102	2006
649	1	1	239	89	2009
650	1	1	237	0	2007
651	1	2	237	0	2007
652	1	1	0	88	2008
653	1	1	237	88	2009
654	2	2	240	0	2004
655	1	2	237	0	2007
656	1	1	268	0	2006
657	1	1	265	86	2009
658	5	2	0	0	0
659	1	1	269	87	2009
660	1	1	246	90	2008
661	1	1	0	87	2009
662	1	1	0	86	2009
663	1	1	237	86	2009
664	1	1	268	86	2009
665	1	1	269	102	2007
666	0	0	0	0	0
667	1	1	236	0	2007
668	1	0	0	0	0
669	1	2	0	0	2007
670	1	1	237	86	2004
671	1	1	268	90	2008
672	1	2	237	88	2008
673	1	1	265	0	0
674	1	2	269	86	2009
675	1	2	265	88	2008
676	1	2	0	88	2009
677	1	1	246	87	2009
678	1	1	240	0	2007
679	1	2	236	87	2009
680	1	1	263	0	2006
681	1	1	246	0	2005
682	1	2	239	87	2008
683	1	1	265	0	0
684	1	2	261	0	0
685	1	1	237	0	2005
686	1	1	240	88	0
687	1	1	236	0	0
688	5	2	0	0	0
689	1	1	275	91	2007
690	1	1	236	86	2009
691	1	1	237	0	2006
692	1	1	250	88	2008
693	1	2	261	86	2009
694	1	1	237	87	2009
695	1	1	246	86	2009
696	2	2	259	0	2003
697	1	2	236	86	2009
698	1	2	0	99	0
699	5	2	0	0	2005
700	2	1	276	94	0
701	2	1	237	0	2005
702	4	0	0	0	0
703	1	1	265	86	2009
704	1	1	236	87	2008
705	1	2	237	88	2008
706	1	1	272	88	2009
707	1	1	246	86	2008
708	1	1	236	0	2007
709	1	1	240	0	2006
710	1	2	244	0	2007
711	1	2	0	87	2009
712	1	0	0	0	0
713	2	2	275	0	2005
714	1	1	237	87	2008
715	1	0	0	0	0
716	1	2	269	0	2006
717	1	1	269	87	2009
718	1	1	265	0	2006
719	2	2	268	0	2005
720	1	1	237	0	0
721	1	2	265	0	2007
722	1	0	0	0	2007
723	1	1	279	0	2009
724	1	1	0	86	2009
725	1	2	266	0	2007
726	1	1	265	89	2008
727	1	1	237	0	2006
728	1	2	237	88	2008
729	1	1	265	0	2007
730	1	0	0	0	0
731	1	1	279	102	0
732	1	1	246	90	2007
733	1	2	241	0	2005
734	1	1	248	0	0
735	1	2	237	0	2007
736	1	2	0	86	2008
737	1	1	269	0	0
738	1	1	265	105	0
739	1	2	269	99	2007
740	1	1	237	0	2006
741	1	0	0	0	0
742	1	1	244	86	2009
743	1	1	237	0	2006
744	1	1	256	91	2007
745	1	1	265	0	2007
746	1	1	279	0	2004
747	1	1	275	0	2007
748	1	2	0	88	2008
749	1	1	265	0	2008
750	1	1	279	0	2008
751	1	1	0	86	0
752	2	2	237	0	2004
753	1	0	0	0	0
754	1	2	275	0	2006
755	1	2	0	0	2009
756	1	1	279	0	2008
757	1	1	275	0	2006
758	1	2	237	0	0
759	1	1	253	90	2008
760	1	1	275	88	0
761	1	1	237	0	2007
762	2	2	246	90	2005
763	1	1	237	0	2006
764	1	1	237	0	2005
765	1	1	237	0	2009
766	1	1	237	88	2008
767	1	1	269	89	2008
768	1	1	0	89	0
769	1	2	265	0	0
770	1	1	269	0	2008
771	1	1	240	94	0
772	1	1	237	0	2007
773	1	0	0	0	0
774	1	0	0	0	0
775	1	2	236	87	2006
776	1	1	240	0	2006
777	1	1	236	0	2005
778	1	2	265	87	2009
779	1	2	241	86	2008
780	1	2	237	0	0
781	1	1	237	0	2006
782	1	2	268	86	2008
783	1	2	237	0	2007
784	1	1	237	0	2006
785	1	1	265	107	2006
786	1	1	269	86	2008
787	1	2	268	0	0
788	1	2	0	0	0
789	1	0	0	0	0
790	1	2	0	86	2009
791	1	1	253	0	2007
792	1	2	240	87	2009
793	1	1	265	102	2007
794	1	1	0	86	2009
795	1	2	0	88	0
796	1	1	240	90	2004
797	1	2	237	0	2005
798	1	1	268	86	2009
799	1	1	268	0	2006
800	1	2	237	94	2006
801	1	2	237	88	2008
802	2	1	269	104	2005
803	1	1	240	86	2009
804	1	1	237	0	2006
805	1	2	236	104	2006
806	1	2	275	0	0
807	2	1	269	0	2005
808	1	1	236	87	2009
809	1	1	269	0	2006
810	1	1	250	0	2007
811	1	2	269	0	0
812	1	1	265	0	2007
813	1	1	269	88	2008
814	1	1	265	89	2008
815	1	1	236	94	2006
816	2	1	267	0	2005
817	1	1	279	0	2006
818	1	1	253	0	2006
819	1	2	261	0	2008
820	1	1	265	107	2006
821	1	2	237	0	2006
822	5	2	241	0	0
823	1	1	265	89	2008
824	2	2	241	0	2005
825	1	1	261	94	2007
826	1	1	261	0	2007
827	1	1	279	0	2007
828	1	2	241	90	2008
829	1	1	265	0	2009
830	1	1	240	86	0
831	1	1	269	0	0
832	1	1	268	0	2007
833	1	2	253	86	2008
834	1	1	265	86	2009
835	1	2	237	0	2006
836	1	1	250	88	2008
837	1	1	246	0	2005
838	1	2	275	0	2008
839	1	1	237	86	2009
840	1	1	269	0	2006
841	1	2	269	87	2009
842	1	1	265	87	2009
843	1	0	237	89	2007
844	1	1	250	0	2007
845	1	2	237	88	2008
846	1	1	269	94	0
847	1	1	279	88	2007
848	1	2	269	0	2006
849	2	1	268	94	2005
850	1	1	268	88	2006
851	2	1	239	97	2005
852	1	1	237	0	2005
853	1	1	0	0	2007
854	1	1	237	0	2005
855	1	2	237	87	2009
856	1	1	268	88	2007
857	1	2	236	0	0
858	1	1	256	87	2009
859	1	1	256	0	2006
860	1	1	246	91	2006
861	1	1	265	89	2009
862	1	1	253	87	2009
863	1	1	265	107	2006
864	1	1	265	0	2008
865	1	2	0	0	2006
866	1	1	265	89	2008
867	1	1	237	94	2006
868	1	1	263	0	2007
869	2	1	268	0	2004
870	1	1	237	89	2009
871	1	2	266	0	2006
872	1	1	279	86	0
873	1	1	265	0	2008
874	1	2	0	86	2009
875	1	1	0	86	2009
876	1	1	276	0	0
877	1	2	237	94	2007
878	1	2	266	0	0
879	1	1	236	88	2007
880	1	1	269	0	0
881	1	2	237	86	2009
882	1	0	0	0	0
883	1	1	0	0	2007
884	1	1	265	86	2009
885	1	1	265	87	0
886	1	2	0	88	2008
887	1	1	265	86	2009
888	1	0	0	0	0
889	1	1	236	88	2007
890	2	1	250	0	2005
891	1	1	237	0	2006
892	1	2	237	88	2008
893	1	1	237	88	2008
894	1	1	250	89	2008
895	1	1	269	0	0
896	1	1	246	90	2007
897	2	1	236	94	2005
898	1	1	240	90	2008
899	1	1	237	86	0
900	1	2	267	0	0
901	1	2	279	91	2006
902	1	1	265	88	2008
903	1	1	265	86	2009
904	1	2	279	0	0
905	1	1	265	86	2009
906	1	1	239	88	2008
907	1	1	0	86	2009
908	1	1	268	87	2009
909	1	1	279	87	2009
910	1	1	265	0	2009
911	1	2	237	90	2006
912	1	1	250	87	2005
913	1	1	246	86	2009
914	1	1	0	90	2007
915	1	2	236	87	2005
916	1	0	266	88	2007
917	1	1	237	0	2005
918	1	1	253	0	2006
919	1	1	265	94	2007
920	1	2	265	87	2009
921	1	1	265	88	2008
922	1	2	250	99	2006
923	1	2	0	88	2008
924	1	2	250	0	2008
925	1	1	268	0	0
926	1	1	269	86	2008
927	1	2	268	94	0
928	1	1	265	107	2005
929	1	1	265	0	2008
930	1	2	237	0	2006
931	1	1	265	88	2008
932	1	1	269	0	2005
933	1	1	250	88	2007
934	1	2	237	88	2007
935	1	2	250	0	2007
936	1	2	268	88	2007
937	1	1	255	89	2009
938	1	1	269	86	2008
939	5	1	265	105	2002
940	1	1	246	94	2006
941	1	1	265	86	2009
942	1	2	253	87	2009
943	1	1	0	0	2008
944	1	1	258	94	2007
945	2	2	240	0	2005
946	1	0	0	0	0
947	1	1	268	87	2009
948	1	1	237	87	2009
949	1	1	276	0	0
950	1	1	237	0	2007
951	1	1	275	87	2008
952	1	2	237	86	2008
953	1	2	237	86	2009
954	1	1	269	90	0
955	1	1	265	0	2006
956	1	1	269	0	2005
957	1	1	268	0	2007
958	1	2	237	88	2008
959	1	1	269	90	2008
960	1	1	279	0	2006
961	1	1	269	0	2005
962	1	1	260	89	2008
963	1	2	253	0	0
964	1	1	237	101	2006
965	1	2	237	94	2007
966	1	1	237	86	2009
967	1	0	0	0	0
968	1	1	250	0	2008
969	1	1	265	86	2005
970	1	1	236	86	2009
971	1	2	237	88	2007
972	1	1	269	0	2007
973	1	1	265	87	2008
974	1	1	240	0	2006
975	4	2	0	0	0
976	1	2	237	0	2007
977	1	1	246	0	0
978	2	1	265	107	2005
979	1	1	265	0	2008
980	1	1	261	88	2006
981	1	1	0	86	2009
982	1	1	265	0	2006
983	1	1	269	0	0
984	1	0	0	0	0
985	1	2	261	88	2007
986	1	2	237	94	2007
987	1	1	269	89	2007
988	1	1	269	87	2009
989	1	2	269	87	2009
990	1	2	241	88	2008
991	1	1	237	87	2008
992	2	1	275	0	2005
993	1	0	0	0	0
994	1	1	0	94	2007
995	1	1	237	90	2008
996	5	2	237	0	0
997	1	1	0	90	2008
998	2	1	279	0	2005
999	1	1	263	90	2008
1000	1	1	269	0	2006
1001	1	0	0	0	0
1002	1	1	265	86	2009
1003	1	0	0	0	0
1004	1	1	236	94	2006
1005	1	2	265	86	2009
1006	1	2	279	0	2006
1007	1	2	262	86	2009
1008	1	1	237	94	2007
1009	2	1	269	0	2005
1010	1	2	0	87	2009
1011	1	1	265	86	2009
1012	2	2	236	0	2005
1013	1	2	246	88	2008
1014	1	2	269	86	2008
1015	1	1	237	86	2009
1016	1	1	265	86	2008
1017	1	1	275	0	2006
1018	1	2	274	0	2005
1019	1	1	279	89	2009
1020	1	1	279	0	2006
1021	1	1	265	89	2009
1022	1	1	269	94	2006
1023	1	2	240	0	0
1024	1	2	268	88	2007
1025	1	1	0	0	0
1026	1	1	237	87	2008
1027	1	2	237	86	2009
1028	1	1	268	89	2005
1029	1	1	240	0	2007
1030	1	1	265	0	2008
1031	1	2	260	94	2006
1032	1	1	244	86	2008
1033	1	1	0	87	2009
1034	1	2	237	0	2006
1035	2	1	275	0	2005
1036	1	1	279	0	2006
1037	1	2	268	87	2009
1038	1	1	265	87	2008
1039	1	0	0	0	0
1040	1	1	237	88	2008
1041	1	1	237	88	2009
1042	1	1	275	88	2008
1043	1	2	277	94	2007
1044	1	1	0	86	0
1045	1	1	236	0	2007
1046	1	2	244	0	2008
1047	2	1	247	90	2005
1048	1	2	237	0	2007
1049	1	1	265	89	2008
1050	1	1	237	86	2008
1051	1	1	268	0	0
1052	1	1	236	90	2007
1053	1	1	253	88	2004
1054	1	1	265	86	2009
1055	1	1	255	94	2008
1056	1	1	250	86	2008
1057	1	1	268	87	2009
1058	2	1	275	0	2005
1059	1	1	239	0	2007
1060	5	1	276	0	2005
1061	1	2	244	86	2008
1062	1	2	0	94	0
1063	1	1	265	0	2008
1064	1	1	236	0	2007
1065	1	2	237	86	0
1066	2	1	241	0	2005
1067	1	1	260	89	0
1068	1	1	279	86	2009
1069	1	1	269	0	2009
1070	1	1	246	87	2009
1071	1	1	265	89	2009
1072	1	1	265	86	2009
1073	1	1	269	0	2007
1074	1	2	268	87	2008
1075	2	1	268	102	2005
1076	1	2	268	94	2007
1077	1	2	237	0	2008
1078	1	2	237	0	2008
1079	2	1	236	98	2004
1080	1	1	263	86	2009
1081	1	2	279	0	2008
1082	1	2	237	88	2008
1083	1	1	261	88	2008
1084	5	1	0	0	2006
1085	1	1	279	90	2008
1086	2	1	0	0	0
1087	1	2	265	87	2008
1088	1	0	0	0	0
1089	1	0	275	88	2008
1090	1	1	275	0	2007
1091	1	1	265	0	2008
1092	1	2	237	0	2007
1093	2	1	276	0	2005
1094	1	2	237	94	2007
1095	1	0	266	0	0
1096	1	1	279	0	2006
1097	1	1	279	87	2009
1098	1	2	269	0	2007
1099	1	0	0	0	0
1100	1	1	240	94	2007
1101	1	1	269	90	2006
1102	1	1	275	90	2007
1103	1	1	265	86	0
1104	1	1	0	0	2008
1105	1	0	0	0	0
1106	1	1	236	87	2008
1107	2	1	240	0	2005
1108	1	1	250	0	2004
1109	1	2	268	87	2008
1110	1	2	244	86	2009
1111	1	1	278	0	2006
1112	1	2	237	0	2005
1113	1	0	240	0	2007
1114	1	2	279	0	2006
1115	1	1	0	86	2009
1116	1	2	279	0	2006
1117	1	2	237	86	2009
1118	1	1	237	87	2008
1119	2	1	279	0	2005
1120	2	2	0	0	2005
1121	1	0	240	0	2007
1122	1	1	247	0	2007
1123	1	1	268	88	2008
1124	1	1	237	96	2005
1125	1	2	237	95	2006
1126	1	2	254	87	2009
1127	1	1	244	0	2007
1128	1	0	0	0	0
1129	1	2	246	88	2008
1130	1	0	0	0	0
1131	2	0	247	0	2005
1132	1	1	0	94	2007
1133	1	1	237	0	2009
1134	1	1	237	87	2009
1135	1	2	237	86	2009
1136	1	2	248	88	2008
1137	1	1	255	88	2008
1138	1	1	251	92	0
1139	1	1	278	0	2007
1140	1	1	237	88	2008
1141	1	1	0	86	0
1142	1	0	237	90	2007
1143	1	2	237	0	2007
1144	1	2	255	86	2008
1145	1	1	237	87	2008
1146	2	1	269	105	2002
1147	2	1	250	0	2005
1148	1	2	0	0	0
1149	1	1	269	0	2005
1150	1	1	237	86	2009
1151	1	1	279	0	2007
1152	1	2	268	0	2006
1153	1	1	250	88	2008
1154	1	2	253	88	2008
1155	1	1	237	89	2007
1156	1	0	0	0	0
1157	1	2	261	86	2008
1158	1	1	269	94	0
1159	1	1	268	94	0
1160	1	1	239	87	2008
1161	5	1	0	0	0
1162	1	1	275	0	2005
1163	2	1	237	89	2005
1164	1	0	0	0	0
1165	1	2	237	0	2006
1166	1	2	237	0	0
1167	1	1	275	0	2007
1168	1	1	269	94	2007
1169	1	1	246	86	2009
1170	1	1	265	94	2007
1171	1	0	0	0	2008
1172	1	2	237	90	2008
1173	2	1	269	94	2005
1174	1	1	268	88	2007
1175	1	2	237	0	2007
1176	1	2	245	0	2008
1177	1	1	237	87	2005
1178	1	1	0	87	2008
1179	1	1	265	87	2009
1180	2	1	240	0	2005
1181	1	1	246	0	2007
1182	1	1	265	86	2008
1183	1	1	250	89	2007
1184	1	1	265	88	2007
1185	2	1	237	0	2005
1186	1	1	239	0	2007
1187	1	1	261	87	2008
1188	1	1	237	89	2008
1189	3	2	279	0	0
1190	1	2	279	94	2006
1191	1	1	269	0	2005
1192	1	2	279	86	2008
1193	1	1	268	86	2008
1194	2	2	0	106	2004
1195	1	2	241	0	2005
1196	2	1	269	0	2005
1197	1	2	268	0	2006
1198	1	2	240	88	2007
1199	1	1	265	87	2009
1200	1	2	237	0	2008
1201	1	2	237	101	2006
1202	1	1	0	86	2009
1203	1	1	268	88	2008
1204	1	2	237	87	2009
1205	1	2	0	87	2008
1206	1	1	265	94	2007
1207	1	1	269	94	2007
1208	1	1	250	0	2006
1209	1	0	0	0	0
1210	5	0	0	0	0
1211	1	1	240	0	2009
1212	1	0	237	0	0
1213	1	1	255	94	0
1214	1	1	0	86	2009
1215	1	1	250	94	2007
1216	1	1	279	87	2009
1217	1	1	240	86	0
1218	1	1	237	101	2006
1219	1	1	237	0	2007
1220	2	2	243	87	2007
1221	1	2	241	90	2008
1222	1	1	246	87	2009
1223	1	2	261	0	2009
1224	1	2	269	0	2007
1225	1	1	269	0	2007
1226	1	1	261	0	2007
1227	1	1	268	88	2007
1228	1	1	247	90	2007
1229	1	2	267	94	2006
1230	1	2	246	88	2008
1231	1	1	240	86	2006
1232	1	1	269	0	2008
1233	1	1	265	89	2008
1234	1	1	265	88	2007
1235	1	1	279	86	2009
1236	1	2	268	88	2008
1237	2	1	240	0	2004
1238	1	1	265	0	2007
1239	1	1	279	0	2006
1240	1	1	253	88	2008
1241	1	1	0	87	2009
1242	1	2	236	87	2009
1243	1	1	275	0	2006
1244	1	1	246	86	2009
1245	1	1	256	0	2006
1246	1	2	269	0	0
1247	1	1	246	0	2006
1248	1	1	236	88	2007
1249	1	1	250	89	2008
1250	2	2	237	0	2005
1251	5	1	269	0	0
1252	1	2	0	88	2008
1253	1	1	269	90	2008
1254	1	1	235	0	2004
1255	1	1	237	89	2008
1256	1	1	261	0	2006
1257	1	2	0	87	2009
1258	1	1	269	87	2009
1259	1	1	237	88	2008
1260	1	2	236	88	2008
1261	1	1	261	89	2008
1262	1	1	237	88	2007
1263	2	2	237	0	0
1264	1	1	275	0	2007
1265	1	1	275	89	2008
1266	1	2	239	0	2006
1267	1	2	239	0	2007
1268	3	2	277	0	0
1269	1	1	237	89	2009
1270	1	1	279	88	2008
1271	1	1	0	0	2007
1272	1	1	265	0	2005
1273	1	1	240	88	2007
1274	1	1	0	88	2008
1275	1	2	0	86	2009
1276	1	2	261	88	2007
1277	1	0	268	0	0
1278	1	2	237	86	2009
1279	1	1	237	0	2008
1280	1	2	0	86	2008
1281	1	1	263	0	2007
1282	1	2	279	0	2006
1283	1	1	265	88	2008
1284	1	0	0	0	0
1285	1	1	265	0	2006
1286	2	2	237	0	2004
1287	1	1	246	0	2007
1288	1	1	261	0	2009
1289	1	2	268	94	2006
1290	1	1	265	91	2006
1291	1	2	250	0	2007
1292	1	2	237	88	2008
1293	5	1	276	0	2005
1294	1	1	265	88	2008
1295	1	1	237	0	2009
1296	1	1	269	0	2007
1297	1	1	250	0	2006
1298	5	2	0	0	0
1299	1	1	275	0	0
1300	1	1	240	94	2006
1301	1	2	237	0	2009
1302	1	2	237	88	2008
1303	1	1	265	89	2008
1304	1	2	237	0	0
1305	1	1	240	94	2006
1306	1	1	269	87	2009
1307	1	1	269	0	2005
1308	1	1	237	0	2008
1309	1	1	237	88	2007
1310	1	1	240	0	2008
1311	1	1	268	87	2008
1312	1	1	263	86	2009
1313	1	2	250	86	2009
1314	2	1	240	94	2005
1315	1	2	268	0	2005
1316	2	1	246	0	2005
1317	1	1	236	0	2007
1318	1	1	260	87	2009
1319	1	0	0	0	0
1320	1	1	246	0	2007
1321	1	1	261	87	2009
1322	1	1	250	0	2007
1323	1	1	246	0	2008
1324	1	0	0	0	0
1325	2	0	0	0	0
1326	1	2	236	0	2009
1327	1	1	265	87	2009
1328	1	1	269	90	2007
1329	1	0	0	0	0
1330	1	1	0	86	2009
1331	1	1	265	0	2006
1332	1	1	0	86	0
1333	2	1	263	0	2005
1334	1	2	241	0	0
1335	1	1	269	88	2008
1336	1	2	241	87	2009
1337	1	1	261	89	2008
1338	1	1	237	0	2006
1339	1	1	268	94	0
1340	1	1	275	0	2008
1341	1	1	272	88	2009
1342	1	1	265	86	2009
1343	1	1	241	86	2008
1344	1	2	237	0	2008
1345	2	2	0	0	0
1346	1	1	269	88	2007
1347	1	1	246	94	2006
1348	1	1	236	94	2007
1349	1	1	268	0	2006
1350	1	1	0	87	0
1351	1	1	265	88	2008
1352	1	1	266	0	2007
1353	1	2	279	0	2008
1354	1	1	261	0	2006
1355	1	1	265	88	2008
1356	1	1	236	88	2008
1357	1	1	240	88	0
1358	1	1	265	0	2009
1359	1	1	0	86	0
1360	1	2	0	87	2009
1361	1	2	237	86	2009
1362	1	1	265	89	0
1363	1	2	240	0	2006
1364	1	1	279	88	2007
1365	1	1	265	88	2009
1366	1	1	269	0	2007
1367	1	1	237	88	2008
1368	2	1	0	0	2005
1369	1	1	261	94	2006
1370	1	0	261	0	0
1371	1	1	265	0	2006
1372	1	1	237	88	2007
1373	1	2	237	88	2008
1374	1	1	236	0	0
1375	1	1	237	88	2007
1376	1	1	237	0	2007
1377	1	1	0	87	2009
1378	1	1	0	88	2008
1379	1	1	240	0	2006
1380	1	1	279	88	2007
1381	1	2	253	0	2006
1382	1	1	268	86	2009
1383	1	1	265	89	2008
1384	1	2	275	0	2010
1385	1	1	269	0	2008
1386	1	1	275	88	2008
1387	1	1	265	0	2005
1388	1	2	261	86	2008
1389	1	0	0	0	0
1390	1	1	275	0	0
1391	1	1	0	0	0
1392	1	2	246	87	2007
1393	1	1	269	89	2008
1394	1	1	237	88	2008
1395	1	1	0	89	2008
1396	1	2	269	99	0
1397	1	1	0	86	2009
1398	1	1	279	102	2006
1399	1	1	241	88	2008
1400	1	1	244	90	2008
1401	1	2	260	94	0
1402	1	1	265	94	2007
1403	1	1	240	0	2009
1404	1	2	279	0	0
1405	1	2	237	0	2005
1406	1	2	237	0	2007
1407	1	2	237	0	2007
1408	1	2	0	0	2006
1409	1	1	265	88	2008
1410	1	1	261	0	2007
1411	1	1	253	88	2008
1412	1	1	240	86	2008
1413	1	1	268	0	2006
1414	2	1	246	92	2005
1415	1	1	0	86	2009
1416	1	1	279	86	2009
1417	2	2	268	0	2005
1418	1	1	0	0	2005
1419	1	2	236	0	2005
1420	1	2	237	90	2006
1421	1	1	0	0	2006
1422	2	1	237	0	2004
1423	1	1	279	88	0
1424	1	0	0	0	0
1425	1	1	261	94	2007
1426	1	1	265	0	2006
1427	1	2	237	90	2007
1428	1	1	261	0	2006
1429	1	2	246	90	2007
1430	1	1	265	89	2009
1431	1	1	275	86	2007
1432	1	1	265	87	2008
1433	1	2	240	0	2007
1434	1	2	0	88	0
1435	1	1	237	0	2007
1436	2	1	261	0	2005
1437	1	1	269	89	2009
1438	1	2	246	0	2007
1439	1	0	237	88	0
1440	1	2	269	88	2007
1441	1	2	253	86	2008
1442	1	2	237	86	2009
1443	1	1	237	0	2007
1444	1	2	237	0	2008
1445	1	1	261	102	2007
1446	1	1	269	87	2009
1447	1	2	279	0	2007
1448	1	1	258	88	2009
1449	1	2	269	0	2005
1450	1	1	261	0	2006
1451	2	1	265	0	2004
1452	1	1	265	89	2007
1453	1	1	237	0	2007
1454	1	0	0	0	0
1455	1	1	269	88	2008
1456	1	2	240	0	2006
1457	1	2	275	94	2004
1458	1	2	268	0	0
1459	1	2	275	87	2004
1460	1	2	266	0	2006
1461	2	0	0	0	0
1462	1	2	236	90	2008
1463	1	2	0	90	2004
1464	1	1	237	0	0
1465	1	0	236	0	2006
1466	1	2	253	0	2006
1467	1	2	237	94	2006
1468	1	2	244	0	2010
1469	1	1	269	0	2008
1470	1	0	0	0	0
1471	1	1	246	90	2008
1472	1	1	240	87	2009
1473	1	1	265	89	2007
1474	1	2	266	0	2007
1475	1	1	261	102	2006
1476	1	1	0	0	0
1477	1	2	237	87	2009
1478	1	1	269	86	2008
1479	1	2	250	86	2008
1480	1	1	240	86	2008
1481	1	1	269	94	2007
1482	1	2	237	0	2007
1483	2	1	246	0	2005
1484	1	1	246	0	2008
1485	1	1	237	102	0
1486	1	1	237	90	2008
1487	1	1	275	0	2007
1488	1	2	0	88	2008
1489	1	1	240	86	2009
1490	5	1	269	0	2005
1491	5	2	237	0	2006
1492	1	1	240	0	2007
1493	1	1	269	86	2009
1494	1	2	237	87	2009
1495	1	2	237	90	2007
1496	1	1	236	88	2007
1497	1	1	250	87	2009
1498	1	2	237	94	2008
1499	1	1	269	0	2007
1500	2	2	265	0	2005
1501	1	2	0	0	2007
1502	1	1	250	87	2008
1503	1	1	269	0	2008
1504	1	1	236	102	2007
1505	1	2	279	0	2006
1506	1	2	244	0	2005
1507	1	0	0	0	0
1508	1	1	275	0	2008
1509	2	1	237	0	2005
1510	1	1	251	86	2008
1511	1	1	236	98	2008
1512	1	1	261	88	2008
1513	1	1	248	86	2009
1514	1	1	241	86	2009
1515	1	1	237	87	2009
1516	1	1	275	87	2009
1517	1	2	267	0	2009
1518	1	1	265	87	2009
1519	1	1	265	88	2008
1520	1	2	261	94	2007
1521	1	2	244	0	2008
1522	1	1	240	94	2007
1523	1	2	266	91	2007
1524	1	1	0	89	2009
1525	2	1	240	0	2005
1526	1	1	261	87	2009
1527	2	1	266	0	2005
1528	1	1	269	86	2008
1529	1	1	237	103	2008
1530	1	1	0	88	0
1531	1	1	237	86	2008
1532	1	1	237	88	2008
1533	1	2	241	0	2005
1534	1	2	237	104	2008
1535	1	1	261	94	2007
1536	1	1	268	0	2005
1537	1	1	279	0	2006
1538	1	1	239	0	2007
1539	1	1	253	89	2009
1540	1	1	237	0	2006
1541	1	1	279	88	2008
1542	1	1	279	88	2008
1543	1	1	236	0	2006
1544	1	2	236	94	0
1545	1	1	269	87	2009
1546	1	2	237	0	2007
1547	1	1	239	0	2006
1548	1	1	250	88	2007
1549	1	1	269	90	2007
1550	1	2	237	0	2007
1551	5	2	0	0	0
1552	1	1	237	90	0
1553	1	2	279	90	2007
1554	1	1	269	0	2006
1555	1	2	241	0	2007
1556	1	1	0	89	2008
1557	1	2	240	0	2009
1558	1	0	0	0	0
1559	1	1	261	100	1900
1560	1	2	237	0	2007
1561	1	1	265	89	2009
1562	1	2	268	0	2006
1563	4	2	0	0	0
1564	1	2	0	0	2007
1565	1	2	237	0	2006
1566	1	1	236	0	2007
1567	1	1	279	86	2008
1568	1	2	237	0	2006
1569	1	0	0	0	0
1570	1	2	240	88	2008
1571	1	1	236	105	2006
1572	1	1	269	0	2008
1573	1	1	276	88	0
1574	1	1	237	0	0
1575	1	2	253	94	2006
1576	1	1	246	88	2008
1577	1	1	0	89	0
1578	2	2	239	0	2005
1579	1	1	253	94	2007
1580	1	1	276	0	2007
1581	1	2	236	94	2007
1582	1	2	250	88	0
1583	1	1	236	90	2008
1584	1	2	237	86	2009
1585	1	2	246	87	2008
1586	1	1	280	86	2004
1587	1	1	240	0	0
1588	1	1	237	0	2008
1589	1	1	237	89	2007
1590	1	0	236	0	0
1591	1	0	237	87	2009
1592	1	1	265	89	2008
1593	1	1	0	0	0
1594	5	0	0	0	0
1595	1	1	0	0	2008
1596	1	1	237	86	0
1597	1	1	265	0	2008
1598	1	1	265	88	2008
1599	2	1	261	0	2005
1600	1	1	0	86	2008
1601	1	2	279	86	2008
1602	1	2	268	0	0
1603	1	1	261	0	2006
1604	1	0	236	0	0
1605	1	2	237	0	2005
1606	1	2	237	0	2006
1607	1	1	279	87	2009
1608	1	1	237	0	2006
1609	1	2	237	99	2005
1610	1	0	0	0	0
1611	1	1	265	0	2006
1612	1	1	237	89	2008
1613	1	1	0	0	2008
1614	1	1	265	94	2007
1615	1	1	236	87	2009
1616	1	1	236	105	2006
1617	1	1	237	88	2008
1618	2	1	268	0	2005
1619	1	1	265	0	2006
1620	1	1	265	86	2009
1621	1	1	237	0	2006
1622	1	1	236	87	2009
1623	1	2	253	88	2008
1624	1	1	265	0	2008
1625	1	2	237	88	2007
1626	1	1	237	0	2008
1627	1	2	237	0	2007
1628	1	1	253	0	2007
1629	1	1	0	87	2009
1630	1	1	265	88	2008
1631	1	2	253	88	2008
1632	1	1	279	90	2008
1633	1	0	0	0	0
1634	1	1	253	94	2006
1635	1	2	265	0	2006
1636	1	1	265	0	2007
1637	1	2	236	87	2009
1638	1	1	237	0	2005
1639	1	2	279	88	2008
1640	1	1	268	94	2007
1641	1	1	265	87	2008
1642	1	1	265	88	2008
1643	1	2	237	106	0
1644	1	1	269	0	2005
1645	1	2	246	88	2005
1646	1	2	236	86	2009
1647	1	1	269	87	2009
1648	1	1	265	86	2009
1649	1	0	279	0	0
1650	1	2	275	0	2007
1651	1	1	272	0	2008
1652	1	1	236	87	2009
1653	1	2	0	0	2007
1654	1	2	237	94	2005
1655	1	1	0	0	2007
1656	2	1	268	0	2004
1657	1	1	237	0	2004
1658	1	0	0	0	0
1659	1	1	268	0	2009
1660	1	2	261	88	2008
1661	1	2	0	0	0
1662	1	1	236	0	2005
1663	1	1	237	88	2004
1664	1	1	265	0	2005
1665	1	1	237	88	2008
1666	1	1	268	89	0
1667	1	0	0	0	0
1668	1	1	253	87	2009
1669	1	2	253	0	2007
1670	1	1	265	87	2009
1671	1	1	237	87	2008
1672	1	2	280	89	2007
1673	1	1	279	94	2007
1674	1	0	268	0	0
1675	1	1	267	86	2009
1676	1	1	240	94	2007
1677	1	0	0	0	0
1678	1	1	240	86	2009
1679	1	1	236	90	2008
1680	1	0	0	0	0
1681	1	2	237	87	2009
1682	1	1	240	87	0
1683	1	1	244	0	2007
1684	1	2	237	0	0
1685	1	1	265	87	2009
1686	1	1	265	87	2007
1687	1	2	237	88	0
1688	1	1	269	94	2006
1689	1	2	237	95	0
1690	1	1	256	0	2006
1691	1	2	237	0	2006
1692	1	1	269	0	2006
1693	1	1	265	88	2006
1694	1	1	237	0	2007
1695	5	1	246	0	2005
1696	1	1	265	86	0
1697	1	1	245	89	2004
1698	1	1	265	0	2008
1699	1	2	246	90	2008
1700	1	1	265	94	0
1701	1	0	0	0	0
1702	1	1	268	86	2009
1703	1	1	240	86	2009
1704	1	1	0	86	2009
1705	1	1	0	87	2008
1706	1	1	275	89	2008
1707	2	2	268	0	2005
1708	1	2	246	86	2009
1709	1	2	237	88	2007
1710	1	2	237	0	2006
1711	1	1	269	87	2009
1712	1	1	269	86	2009
1713	1	1	246	87	2009
1714	1	2	237	88	2008
1715	1	1	237	94	2006
1716	1	0	0	0	0
1717	2	2	237	0	2005
1718	1	1	240	90	2008
1719	2	1	237	0	2005
1720	1	2	237	0	2007
1721	1	1	279	89	2008
1722	1	2	275	88	2007
1723	1	2	261	86	2009
1724	1	2	237	0	2007
1725	2	1	265	102	2008
1726	1	2	237	0	2010
1727	1	1	0	86	2009
1728	1	2	237	0	0
1729	1	2	237	0	2006
1730	1	1	251	88	2008
1731	1	1	265	0	2008
1732	1	0	0	0	0
1733	2	1	240	0	2005
1734	1	2	250	99	2007
1735	1	1	269	89	2008
1736	1	1	0	86	2009
1737	1	1	261	0	2006
1738	1	1	236	0	2007
1739	1	2	253	0	2007
1740	2	1	269	0	2005
1741	1	1	276	0	2006
1742	1	2	237	0	2008
1743	1	1	268	88	2007
1744	1	1	237	86	2009
1745	1	1	237	86	2009
1746	1	1	269	0	2007
1747	1	1	261	94	2007
1748	1	2	279	87	2009
1749	1	1	279	0	2007
1750	1	1	237	86	2009
1751	1	2	279	99	2007
1752	1	2	237	86	2009
1753	2	2	237	0	2005
1754	1	1	0	90	2008
1755	1	1	236	0	2008
1756	1	1	237	94	2007
1757	1	1	261	0	0
1758	1	0	0	0	0
1759	1	2	268	99	2008
1760	1	1	265	87	2009
1761	1	1	268	102	2007
1762	1	1	279	94	2006
1763	1	1	240	0	2007
1764	1	1	0	86	2009
1765	1	2	237	0	2006
1766	1	1	237	0	2006
1767	1	2	279	88	2007
1768	1	1	265	94	2006
1769	1	1	278	86	2009
1770	1	1	279	102	2007
1771	1	1	0	88	2008
1772	2	0	0	0	0
1773	1	1	265	86	2009
1774	1	1	240	0	2007
1775	1	1	250	0	2006
1776	1	2	260	0	2006
1777	2	1	237	96	2005
1778	1	1	265	0	2006
1779	1	1	265	90	2008
1780	1	2	237	88	2008
1781	1	2	253	88	2008
1782	1	1	236	87	2009
1783	1	1	268	88	0
1784	1	2	268	86	2008
1785	1	2	275	0	2006
1786	5	2	241	0	2005
1787	1	1	265	88	2008
1788	1	1	240	0	2007
1789	1	2	268	0	0
1790	1	0	267	88	2008
1791	1	2	268	0	2006
1792	1	1	237	86	2009
1793	1	2	0	86	2009
1794	5	0	0	0	0
1795	1	2	246	0	2007
1796	1	2	250	0	2006
1797	1	2	261	0	2007
1798	1	1	261	0	2007
1799	1	2	239	0	2006
1800	1	1	240	0	2007
1801	1	1	241	0	2005
1802	1	1	250	0	0
1803	1	1	261	94	0
1804	1	1	237	0	0
1805	1	1	246	90	2008
1806	1	1	279	87	2008
1807	1	2	279	0	2006
1808	1	2	236	0	0
1809	1	1	265	89	2008
1810	1	2	237	104	2008
1811	1	0	0	0	0
1812	1	1	240	86	2009
1813	1	1	275	0	0
1814	1	2	240	0	2005
1815	1	1	279	86	2009
1816	1	2	269	88	2007
1817	1	1	237	93	2010
1818	1	1	265	107	2008
1819	1	0	0	0	0
1820	2	1	237	102	2005
1821	2	1	265	0	2005
1822	1	1	246	89	2008
1823	1	0	0	0	0
1824	1	1	274	86	2005
1825	1	1	0	88	2008
1826	1	1	265	87	2008
1827	1	1	275	94	0
1828	1	1	268	94	2007
1829	1	1	237	90	2008
1830	1	1	279	88	2007
1831	1	1	268	0	2005
1832	1	1	261	88	2008
1833	1	2	0	0	2007
1834	1	1	237	0	2008
1835	1	0	0	0	0
1836	1	0	237	0	2005
1837	1	1	275	0	0
1838	1	2	250	88	2008
1839	1	1	236	90	2004
1840	1	2	269	0	2007
1841	1	1	265	88	2008
1842	1	1	279	87	2009
1843	1	0	0	0	0
1844	1	1	0	88	2008
1845	1	1	279	87	2009
1846	4	2	0	0	0
1847	1	1	237	0	2006
1848	1	1	237	0	2006
1849	1	1	265	86	2009
1850	1	1	237	0	2006
1851	1	1	279	0	2007
1852	1	2	237	90	2008
1853	2	2	279	0	2005
1854	1	1	252	0	0
1855	1	1	261	0	2006
1856	1	1	276	105	2007
1857	2	1	240	0	2005
1858	1	1	0	0	0
1859	1	1	239	0	2006
1860	5	1	0	0	2006
1861	1	1	265	86	2008
1862	1	1	269	89	2008
1863	1	1	268	0	2006
1864	1	1	276	88	2007
1865	1	2	275	88	2006
1866	1	2	237	87	2009
1867	1	1	0	89	2009
1868	1	2	237	90	0
1869	1	2	237	0	0
1870	1	1	236	88	2007
1871	1	2	237	0	2007
1872	1	2	0	99	2007
1873	2	1	275	0	2004
1874	1	1	265	86	2009
1875	1	1	265	89	2009
1876	2	2	279	0	2005
1877	1	2	237	88	2007
1878	1	1	236	87	2009
1879	1	1	265	0	2009
1880	1	1	279	0	2005
1881	1	1	0	87	0
1882	1	1	237	0	2008
1883	1	1	269	0	2006
1884	1	1	240	88	2007
1885	1	1	248	87	2009
1886	1	1	250	87	2007
1887	2	1	237	96	2005
1888	1	2	0	0	0
1889	1	1	265	88	2007
1890	1	1	275	0	2005
1891	1	2	241	0	2007
1892	1	1	237	90	2006
1893	1	2	261	0	2007
1894	1	1	279	86	2009
1895	1	1	236	88	2007
1896	1	1	269	0	2006
1897	1	0	0	0	0
1898	1	2	279	88	0
1899	1	2	236	99	0
1900	2	1	237	0	2005
1901	5	2	244	0	2004
1902	1	1	275	94	0
1903	1	2	279	0	0
1904	1	2	237	88	2007
1905	1	1	256	94	2007
1906	1	1	240	0	2006
1907	1	1	269	90	2007
1908	1	2	237	86	2009
1909	1	2	265	0	2008
1910	1	2	276	99	2004
1911	1	1	279	90	2008
1912	1	0	0	0	0
1913	1	1	237	86	2009
1914	1	0	0	0	0
1915	1	0	250	0	2006
1916	1	1	236	0	2006
1917	1	1	275	88	2008
1918	1	2	236	99	2007
1919	1	2	236	88	2008
1920	1	1	237	0	2007
1921	1	1	236	0	2008
1922	1	0	0	0	0
1923	1	1	237	0	2007
1924	1	1	265	89	2009
1925	1	2	240	88	2007
1926	1	1	265	0	0
1927	1	2	0	0	0
1928	1	1	250	0	2009
1929	1	2	275	94	2006
1930	1	2	236	87	2008
1931	1	1	269	88	2008
1932	1	1	0	87	0
1933	1	2	261	88	2008
1934	1	1	0	86	2009
1935	1	2	237	0	2005
1936	1	2	237	0	2006
1937	1	1	268	88	2008
1938	2	2	237	0	2005
1939	1	1	265	0	2007
1940	1	2	253	88	2007
1941	2	1	265	0	2004
1942	1	1	265	107	2006
1943	1	1	237	105	2006
1944	1	2	237	0	2007
1945	5	2	241	0	0
1946	1	0	279	0	0
1947	1	0	261	0	2006
1948	1	2	237	87	2008
1949	1	2	246	86	2008
1950	1	2	268	86	2009
1951	1	1	265	94	2007
1952	1	1	265	89	2008
1953	1	1	275	94	2007
1954	2	1	237	0	0
1955	2	1	279	0	0
1956	1	2	237	88	2007
1957	1	2	237	86	2004
1958	1	2	0	87	2009
1959	1	1	0	87	2008
1960	1	1	237	0	2006
1961	1	2	237	0	2005
1962	1	1	246	86	2009
1963	1	1	237	87	2009
1964	1	1	269	86	2009
1965	1	1	263	94	2007
1966	1	1	237	0	0
1967	2	2	261	0	2005
1968	1	1	236	0	0
1969	1	1	279	0	2007
1970	1	2	261	94	2005
1971	1	1	268	0	0
1972	1	2	250	90	2004
1973	1	0	0	0	0
1974	2	2	275	0	2003
1975	1	1	265	88	2007
1976	5	2	250	0	2007
1977	1	1	0	87	2009
1978	1	0	0	0	0
1979	1	1	279	88	2009
1980	1	2	268	0	2007
1981	1	1	279	86	2006
1982	1	1	236	0	2006
1983	1	1	240	89	2009
1984	1	1	237	88	2007
1985	1	1	268	88	2007
1986	1	1	247	88	2007
1987	1	1	237	87	2009
1988	1	1	0	87	2009
1989	1	1	250	87	2009
1990	1	1	279	0	2009
1991	1	1	269	89	2008
1992	1	2	237	106	2006
1993	1	1	253	0	2007
1994	1	1	236	89	2009
1995	1	2	244	87	2008
1996	1	2	269	99	2007
1997	1	2	253	87	2009
1998	1	2	237	88	2008
1999	1	1	269	0	0
2000	1	1	237	0	2007
2001	1	1	269	0	0
2002	2	1	237	0	2005
2003	1	0	269	88	0
2004	2	1	246	0	2004
2005	1	2	253	87	2009
2006	1	1	269	90	2008
2007	1	2	269	87	2009
2008	5	0	0	0	0
2009	1	1	237	0	2006
2010	2	1	247	0	2005
2011	1	1	269	0	2008
2012	1	1	279	86	2009
2013	1	1	250	102	2006
2014	1	1	266	88	2008
2015	1	1	279	86	2009
2016	1	2	236	86	2009
2017	1	1	255	0	0
2018	1	1	275	87	2009
2019	1	1	237	101	2007
2020	1	1	265	87	2009
2021	1	1	240	88	2008
2022	1	1	250	94	2007
2023	1	1	265	94	0
2024	1	2	269	91	2007
2025	1	0	0	0	0
2026	1	1	237	0	0
2027	1	1	253	88	2008
2028	1	2	250	0	2007
2029	1	2	261	88	2008
2030	1	2	236	0	2006
2031	2	2	237	0	2005
2032	1	1	0	0	2007
2033	1	2	269	87	2005
2034	1	1	279	86	2008
2035	2	2	269	0	2005
2036	1	2	237	88	2007
2037	1	2	237	88	0
2038	1	1	279	0	2006
2039	1	2	237	0	2007
2040	1	1	265	90	2008
2041	1	0	0	0	0
2042	1	1	261	0	2008
2043	1	2	237	87	2009
2044	1	1	237	88	2008
2045	1	1	0	88	2008
2046	1	2	237	87	2009
2047	1	2	237	86	2007
2048	1	1	269	0	2008
2049	1	1	269	0	2006
2050	1	1	275	87	0
2051	1	1	253	0	2007
2052	1	1	269	0	2007
2053	1	1	240	0	2007
2054	1	2	0	0	2007
2055	2	2	268	0	2006
2056	1	1	261	86	2008
2057	1	2	236	86	2009
2058	2	1	236	0	2006
2059	1	0	0	0	2008
2060	1	0	0	0	0
2061	1	1	250	0	2005
2062	1	1	250	0	2009
2063	1	1	279	0	2007
2064	1	1	254	94	0
2065	2	1	239	105	2005
2066	1	0	0	0	0
2067	1	2	236	0	2007
2068	1	1	246	87	2009
2069	1	2	253	94	2005
2070	1	1	268	88	2007
2071	1	1	239	0	2007
2072	1	2	279	87	2009
2073	1	1	279	90	2006
2074	2	2	268	0	2005
2075	1	2	253	88	2009
2076	1	2	237	0	2007
2077	1	0	265	90	2008
2078	1	1	268	0	2006
2079	1	1	260	0	2007
2080	1	0	0	0	0
2081	1	2	237	0	2006
2082	1	0	0	0	0
2083	1	1	237	88	2007
2084	3	2	246	0	2008
2085	1	2	261	0	2005
2086	1	2	250	88	2008
2087	1	2	267	0	2009
2088	1	1	236	86	2009
2089	1	1	240	90	2008
2090	1	1	240	86	2009
2091	1	1	279	86	2009
2092	1	2	265	87	2009
2093	1	1	269	0	2006
2094	1	1	279	0	2007
2095	1	1	236	86	2008
2096	1	2	237	0	2008
2097	1	0	0	0	0
2098	1	1	268	86	0
2099	2	1	240	0	2005
2100	1	1	269	88	2008
2101	1	1	253	0	2007
2102	1	1	240	0	2006
2103	2	2	248	0	2005
2104	1	1	240	0	2007
2105	1	1	268	87	2009
2106	1	1	236	91	2007
2107	1	2	261	88	2007
2108	1	1	237	0	0
2109	1	1	265	91	0
2110	2	2	237	0	2005
2111	1	2	237	88	2007
2112	1	1	261	88	2008
2113	1	1	0	87	2008
2114	1	1	265	86	0
2115	1	1	279	88	2008
2116	2	1	268	0	2005
2117	1	1	240	0	2006
2118	1	1	265	86	2009
2119	1	2	0	94	2007
2120	2	1	269	0	2004
2121	1	1	250	105	2006
2122	1	1	0	0	2007
2123	1	1	260	86	2009
2124	1	2	0	0	2010
2125	5	2	241	0	2006
2126	1	2	279	87	2009
2127	1	1	268	86	2009
2128	1	1	265	86	2009
2129	1	2	267	87	2008
2130	1	1	276	0	2007
2131	1	1	279	86	0
2132	1	1	279	87	2009
2133	1	1	250	105	2006
2134	2	1	276	0	2005
2135	1	1	0	87	0
2136	1	1	237	87	2009
2137	1	1	268	86	0
2138	1	2	237	0	0
2139	1	2	268	87	2009
2140	1	2	261	0	2007
2141	1	1	275	0	0
2142	1	1	250	89	2009
2143	1	1	269	105	2006
2144	1	2	260	0	2006
2145	1	1	0	92	2007
2146	1	1	240	0	2006
2147	1	2	237	0	2007
2148	1	1	236	86	2008
2149	1	1	240	86	2009
2150	1	1	279	0	2008
2151	1	2	275	0	2007
2152	1	2	237	0	2006
2153	1	2	237	0	2009
2154	1	1	269	0	2007
2155	1	1	237	0	2007
2156	1	1	237	90	2008
2157	1	2	246	88	2009
2158	1	1	279	0	2007
2159	1	1	279	89	2009
2160	1	1	0	87	2009
2161	1	1	237	0	2007
2162	1	1	268	90	2009
2163	2	1	269	0	2005
2164	1	1	279	0	2007
2165	1	1	240	0	2006
2166	1	1	269	0	2008
2167	1	1	237	0	2006
2168	1	1	240	87	2009
2169	1	2	265	86	2009
2170	1	2	241	87	2009
2171	1	1	265	0	0
2172	1	1	246	87	2009
2173	1	2	237	87	2009
2174	1	2	237	0	2007
2175	1	1	269	88	2008
2176	1	0	0	0	0
2177	1	1	237	0	2006
2178	1	2	237	90	2008
2179	1	2	237	0	2007
2180	2	2	268	0	2005
2181	1	1	279	87	2009
2182	1	2	240	0	2006
2183	1	1	236	88	2008
2184	1	1	269	90	2007
2185	1	1	265	89	2008
2186	1	2	237	86	2008
2187	1	1	240	0	0
2188	1	1	279	86	2009
2189	1	1	253	0	2006
2190	1	1	279	0	2007
2191	1	1	247	0	2007
2192	1	2	236	88	2007
2193	1	1	275	0	2007
2194	1	2	265	0	0
2195	1	2	250	86	2008
2196	1	1	265	0	2006
2197	1	1	237	86	2009
2198	1	2	253	86	2009
2199	2	1	237	96	2005
2200	1	1	0	0	0
2201	1	0	0	0	0
2202	1	2	275	0	2006
2203	1	2	237	90	2006
2204	1	1	246	90	2007
2205	1	1	250	94	2005
2206	1	2	250	88	2008
2207	1	1	265	88	2008
2208	1	1	268	89	2009
2209	1	2	237	86	2008
2210	1	1	265	88	2008
2211	1	1	237	86	2009
2212	1	1	269	0	2007
2213	1	1	269	0	2007
2214	1	2	261	88	2008
2215	3	2	237	0	0
2216	1	2	0	94	2006
2217	1	2	269	87	2008
2218	1	1	237	0	2005
2219	1	2	237	88	2006
2220	1	2	260	87	2009
2221	1	1	237	0	2005
2222	1	1	279	87	2009
2223	1	1	265	87	2009
2224	1	1	237	86	2009
2225	1	1	265	88	2008
2226	1	1	236	0	0
2227	1	1	0	0	2006
2228	1	2	237	0	2009
2229	1	2	236	94	2006
2230	1	2	0	0	2006
2231	1	2	237	0	0
2232	1	2	236	88	2008
2233	1	0	0	0	0
2234	1	1	265	0	2009
2235	1	1	265	94	2007
2236	1	1	237	0	2006
2237	1	1	268	0	2007
2238	1	1	275	94	2006
2239	1	1	0	88	2007
2240	4	0	0	0	0
2241	1	1	246	94	2007
2242	1	1	237	87	2009
2243	1	2	263	0	2006
2244	1	2	277	88	2004
2245	1	1	279	86	2008
2246	1	2	269	86	2009
2247	1	1	240	0	2008
2248	1	1	265	87	2009
2249	1	1	268	86	2009
2250	1	2	279	0	2007
2251	1	1	250	86	2009
2252	1	1	279	86	2009
2253	1	1	237	87	2009
2254	1	1	236	90	2008
2255	1	2	237	0	2007
2256	1	1	261	87	2009
2257	1	1	240	86	2009
2258	2	1	240	86	2005
2259	1	2	0	87	2009
2260	1	1	0	86	0
2261	1	1	269	86	2009
2262	1	1	236	0	2007
2263	1	2	0	0	0
2264	1	1	237	0	2006
2265	2	2	237	0	2004
2266	1	2	0	94	0
2267	1	1	237	0	2007
2268	1	2	269	0	2007
2269	2	1	265	0	2005
2270	1	1	240	0	2006
2271	1	2	237	0	2007
2272	1	1	240	88	2008
2273	1	1	261	88	2007
2274	1	2	246	87	2009
2275	1	1	236	87	2009
2276	1	1	269	0	2007
2277	5	2	237	0	2006
2278	2	2	268	0	2005
2279	5	2	241	94	0
2280	1	1	239	86	2009
2281	1	1	275	88	2008
2282	1	0	0	0	0
2283	1	1	269	86	2009
2284	1	2	279	88	2007
2285	2	1	268	0	2005
2286	1	1	268	0	0
2287	1	1	237	89	2007
2288	1	1	236	0	0
2289	1	2	237	87	2009
2290	1	1	276	0	2006
2291	1	1	279	86	0
2292	2	2	236	0	2004
2293	1	2	255	88	0
2294	1	2	237	0	2007
2295	1	1	0	88	2005
2296	1	1	269	87	2005
2297	1	1	237	89	2009
2298	1	2	240	104	2007
2299	1	1	265	87	2009
2300	1	1	265	107	2006
2301	1	1	237	86	2009
2302	2	1	279	94	2005
2303	1	0	250	0	2007
2304	1	1	279	87	2009
2305	2	1	279	0	2005
2306	1	1	269	0	2007
2307	1	1	0	0	2007
2308	1	1	263	88	2009
2309	1	1	237	0	2007
2310	1	2	268	0	0
2311	1	1	237	94	0
2312	1	1	269	0	0
2313	1	0	0	0	0
2314	1	2	244	88	2008
2315	1	1	269	0	2008
2316	1	1	253	102	2007
2317	1	1	265	88	2008
2318	1	1	236	86	2009
2319	2	2	253	0	0
2320	1	2	0	0	0
2321	1	1	265	86	2009
2322	1	2	250	88	2008
2323	1	1	237	0	2007
2324	1	0	0	0	0
2325	1	1	237	0	2006
2326	5	2	237	0	2006
2327	1	2	237	91	0
2328	1	1	275	91	2007
2329	1	1	0	0	0
2330	1	1	265	107	2008
2331	1	2	0	87	2008
2332	1	1	240	0	2009
2333	1	1	237	0	2007
2334	1	1	239	0	2007
2335	1	1	265	87	2009
2336	1	1	268	0	2006
2337	1	2	268	88	2008
2338	1	1	265	0	2008
2339	1	1	237	0	2008
2340	1	1	237	0	2008
2341	1	2	279	0	2006
2342	1	0	0	0	0
2343	1	2	265	0	2009
2344	1	1	236	86	2005
2345	1	2	237	88	2008
2346	1	2	237	88	2008
2347	1	1	237	88	2008
2348	1	1	237	90	2008
2349	1	1	275	0	2008
2350	1	1	246	102	0
2351	1	1	265	88	0
2352	1	1	0	86	2009
2353	1	2	241	87	2009
2354	1	1	237	86	2009
2355	1	1	269	0	2006
2356	1	1	269	0	2007
2357	1	2	240	0	0
2358	1	2	279	0	2005
2359	1	1	269	86	2009
2360	1	2	244	0	2008
2361	1	2	237	94	2007
2362	1	2	237	0	2007
2363	1	1	237	90	2007
2364	2	1	244	0	2005
2365	2	2	236	94	2005
2366	1	1	246	94	2006
2367	1	2	237	0	2007
2368	1	1	237	94	2007
2369	1	1	237	0	2007
2370	1	1	0	0	2007
2371	1	2	261	0	2004
2372	1	1	237	0	2008
2373	2	2	239	91	2005
2374	1	1	0	86	2008
2375	1	2	279	0	2007
2376	2	1	0	88	2002
2377	1	1	237	87	2009
2378	1	1	240	88	2009
2379	1	1	268	88	2009
2380	2	2	261	0	2005
2381	1	1	265	0	2007
2382	1	1	265	89	2008
2383	1	2	253	106	2008
2384	1	2	260	0	2007
2385	1	1	265	0	2009
2386	1	1	268	0	0
2387	1	0	269	0	2007
2388	1	2	250	0	2006
2389	1	2	250	88	2007
2390	1	1	236	98	2008
2391	4	1	0	0	0
2392	1	0	244	0	2007
2393	1	1	240	0	2007
2394	1	1	269	94	2006
2395	1	1	244	0	2007
2396	1	2	236	99	0
2397	1	1	265	89	2009
2398	1	1	269	89	2009
2399	1	1	237	0	2008
2400	1	1	237	87	2009
2401	1	1	0	87	2008
2402	2	2	268	0	2005
2403	1	1	265	0	0
2404	1	1	265	86	2009
2405	5	2	0	0	0
2406	2	1	240	97	2005
2407	2	2	261	0	2005
2408	1	2	237	87	2006
2409	1	1	244	86	2009
2410	1	2	237	86	2009
2411	1	1	269	0	2005
2412	1	2	246	87	2009
2413	1	1	269	0	2008
2414	1	1	265	0	2007
2415	1	1	279	90	2008
2416	1	2	237	100	2007
2417	1	2	268	0	2008
2418	1	1	240	0	2008
2419	1	0	0	0	0
2420	1	1	0	86	2005
2421	1	0	0	0	0
2422	1	2	240	88	2008
2423	1	1	276	86	2009
2424	1	1	279	88	2009
2425	1	1	240	0	2009
2426	1	2	237	90	2008
2427	1	1	268	86	0
2428	1	2	269	0	2008
2429	1	2	0	0	0
2430	1	1	240	105	2007
2431	1	2	244	86	2008
2432	1	1	236	89	2007
2433	1	1	265	86	2009
2434	1	1	237	0	2008
2435	1	1	236	105	2006
2436	1	2	237	0	2006
2437	1	1	237	90	2008
2438	2	2	237	0	0
2439	1	1	240	88	2007
2440	1	1	269	0	2007
2441	1	1	0	86	2009
2442	1	1	268	88	2007
2443	1	1	236	89	2009
2444	1	1	237	86	2009
2445	1	1	268	86	2009
2446	2	1	0	0	2005
2447	1	0	0	0	0
2448	1	1	240	89	2008
2449	1	1	279	87	2008
2450	1	1	240	87	2009
2451	1	1	237	0	2006
2452	1	1	269	87	2009
2453	1	1	269	87	2009
2454	2	1	268	0	2005
2455	1	1	237	87	2009
2456	1	1	236	88	2008
2457	1	1	237	101	2006
2458	1	1	265	88	2008
2459	5	1	242	0	0
2460	1	0	237	101	2008
2461	1	2	236	0	2007
2462	1	2	240	104	2006
2463	1	1	279	90	2007
2464	2	1	275	0	2005
2465	2	1	275	0	2005
2466	2	1	246	0	2004
2467	1	1	265	0	2007
2468	2	2	244	0	2005
2469	1	1	253	0	2007
2470	1	2	236	0	2006
2471	1	1	268	0	2006
2472	1	1	237	88	2007
2473	1	1	265	0	2006
2474	1	2	236	0	2006
2475	1	2	239	87	2008
2476	1	2	243	0	2007
2477	1	0	0	0	0
2478	1	1	0	88	2008
2479	1	1	237	90	2008
2480	1	1	265	0	2007
2481	4	1	273	0	2005
2482	1	0	0	0	0
2483	1	1	237	0	2007
2484	1	2	237	0	2007
2485	1	2	237	96	2006
2486	2	2	244	0	2005
2487	1	1	275	0	2006
2488	1	1	279	0	2006
2489	1	1	265	86	2009
2490	1	1	258	88	2008
2491	1	1	265	90	0
2492	1	1	0	0	2009
2493	1	0	246	0	2007
2494	1	2	236	88	2008
2495	1	2	261	0	2006
2496	1	1	237	90	2008
2497	1	0	261	94	2007
2498	1	1	279	86	2009
2499	1	2	244	0	0
2500	1	1	276	87	2009
2501	1	1	0	88	2008
2502	2	2	237	106	2005
2503	1	1	237	88	0
2504	2	1	237	0	2005
2505	1	2	237	0	2006
2506	1	1	261	94	2006
2507	1	2	237	0	2007
2508	1	2	279	86	2008
2509	1	1	265	0	2007
2510	1	2	279	0	2008
2511	1	1	237	86	2009
2512	1	2	266	0	2008
2513	1	0	0	0	0
2514	1	1	0	87	2008
2515	1	1	268	86	2009
2516	4	0	253	90	2007
2517	1	1	269	0	2005
2518	2	2	268	0	2005
2519	1	1	268	0	2006
2520	1	1	0	88	2008
2521	1	2	236	87	2009
2522	1	1	236	87	2009
2523	1	0	237	88	0
2524	1	2	237	0	2008
2525	1	1	279	88	2007
2526	1	1	268	0	2007
2527	1	1	237	94	2006
2528	1	1	236	88	2007
2529	2	2	269	0	2005
2530	1	1	0	0	2009
2531	1	1	240	90	2008
2532	1	1	275	0	2008
2533	1	1	237	88	2008
2534	1	1	236	90	2007
2535	1	1	261	0	2006
2536	1	1	250	90	2008
2537	1	2	244	90	2006
2538	1	1	265	107	2005
2539	1	1	269	0	2007
2540	1	2	237	0	2007
2541	1	1	236	89	2008
2542	1	2	237	94	2007
2543	1	1	269	0	2006
2544	1	1	237	0	2007
2545	1	2	261	106	2004
2546	1	1	253	86	0
2547	2	1	279	0	2005
2548	1	1	279	89	2009
2549	1	1	237	88	2008
2550	1	1	265	89	2009
2551	1	2	236	0	2007
2552	1	1	279	86	2008
2553	1	1	279	89	2008
2554	2	2	237	0	2005
2555	1	1	269	88	2006
2556	1	0	250	90	2007
2557	1	2	0	0	0
2558	1	1	240	89	2008
2559	1	2	237	106	0
2560	1	1	236	87	2009
2561	1	1	237	90	2008
2562	1	2	237	90	2008
2563	1	2	237	86	2005
2564	1	2	236	88	2008
2565	1	1	237	0	2005
2566	1	2	279	88	2008
2567	1	1	250	0	0
2568	1	1	0	94	0
2569	1	1	265	89	2009
2570	1	2	237	87	2009
2571	1	1	265	107	2006
2572	1	2	0	87	2009
2573	1	2	265	86	2009
2574	1	1	237	0	2008
2575	1	1	240	105	2007
2576	1	1	261	90	2008
2577	2	1	240	0	2005
2578	1	0	0	0	0
2579	1	1	275	0	2007
2580	1	2	237	90	2008
2581	1	2	237	90	2007
2582	2	2	237	0	2005
2583	1	2	237	94	2007
2584	1	2	237	0	0
2585	1	2	236	87	2009
2586	1	2	236	87	2009
2587	1	1	236	86	2009
2588	2	1	236	0	2005
2589	1	0	236	0	2007
2590	1	2	237	0	2009
2591	1	2	240	90	2005
2592	1	1	253	88	2008
2593	1	1	275	0	2007
2594	1	1	269	0	2006
2595	1	2	236	0	2005
2596	1	1	240	0	2007
2597	1	1	246	88	2008
2598	1	1	269	87	2007
2599	1	1	237	0	2006
2600	1	2	265	0	2008
2601	1	1	261	94	2006
2602	1	1	265	86	2009
2603	1	1	244	0	2007
2604	1	1	265	0	2007
2605	1	1	237	87	2009
2606	1	2	0	86	2009
2607	1	2	253	94	2006
2608	1	1	250	88	2008
2609	2	1	237	94	2005
2610	1	2	250	0	2006
2611	1	1	0	88	2008
2612	1	1	239	90	2008
2613	2	1	269	0	2005
2614	1	1	236	88	2008
2615	2	1	239	0	2005
2616	2	1	265	107	2005
2617	1	1	236	88	2008
2618	1	1	258	0	2005
2619	1	2	237	0	2006
2620	1	1	261	88	2008
2621	1	1	246	89	2007
2622	1	1	279	0	2008
2623	1	1	268	90	2008
2624	1	2	0	90	2008
2625	1	2	267	91	0
2626	1	1	265	89	2009
2627	1	1	250	0	2005
2628	2	2	237	0	2004
2629	1	1	0	0	2009
2630	5	2	241	0	2006
2631	1	1	236	0	2008
2632	1	1	265	88	2009
2633	1	1	0	94	2005
2634	1	2	279	88	2008
2635	1	0	0	0	0
2636	1	2	237	0	0
2637	2	2	268	0	2004
2638	1	1	265	88	2008
2639	1	2	265	88	0
2640	1	1	275	88	2008
2641	1	2	279	0	2005
2642	1	1	237	88	2007
2643	1	1	265	94	2006
2644	1	1	237	0	2007
2645	2	1	237	0	2005
2646	2	0	237	0	2005
2647	1	1	236	89	2008
2648	1	1	237	88	2008
2649	1	2	237	0	2007
2650	4	1	269	0	0
2651	1	1	239	0	2007
2652	1	2	240	86	2008
2653	2	1	275	0	2005
2654	1	1	0	0	2008
2655	2	1	240	0	2005
2656	1	1	237	0	2007
2657	1	1	279	86	2009
2658	1	2	237	0	2007
2659	1	1	240	89	2008
2660	1	1	261	90	2008
2661	1	2	265	0	2009
2662	1	2	269	0	2006
2663	1	1	237	88	2007
2664	1	1	250	86	2006
2665	1	1	265	0	2007
2666	5	2	239	0	2006
2667	1	1	240	86	2008
2668	1	2	237	90	2008
2669	1	0	0	0	0
2670	1	1	236	90	2008
2671	1	1	265	87	2009
2672	1	2	240	88	2008
2673	1	2	261	88	2008
2674	1	1	236	86	0
2675	2	1	240	102	2005
2676	1	1	276	94	0
2677	1	1	261	86	2005
2678	1	0	253	88	2006
2679	1	1	269	0	0
2680	1	1	268	0	0
2681	1	1	237	0	2007
2682	1	1	268	0	2007
