id	status	gender	major	dorm	year
1	1	1	0	91	2009
2	1	2	254	90	2009
3	1	2	270	87	2009
4	2	2	254	0	2005
5	1	1	260	92	2009
6	1	1	251	87	2008
7	2	0	251	97	2005
8	1	1	0	89	0
9	2	1	251	90	2004
10	1	1	261	88	2007
11	1	1	249	95	2006
12	1	2	0	87	2008
13	2	1	281	0	2005
14	1	1	274	93	2007
15	1	1	263	97	2006
16	1	0	0	0	0
17	2	1	255	0	2005
18	1	2	0	89	2009
19	1	1	261	94	2008
20	1	1	0	86	2008
21	2	2	246	97	2005
22	1	2	251	91	2009
23	1	2	0	89	2009
24	2	1	0	0	2005
25	2	1	235	0	2004
26	1	1	253	90	2008
27	1	2	268	91	2008
28	1	1	0	87	0
29	1	1	0	94	2008
30	1	0	0	0	0
31	1	1	238	92	2008
32	1	1	248	97	2006
33	1	1	276	97	2006
34	1	1	276	88	2007
35	1	2	0	86	2009
36	1	2	246	97	2006
37	1	1	242	86	2009
38	2	1	283	0	2005
39	1	2	275	87	2007
40	1	1	275	97	2006
41	1	2	0	87	0
42	1	2	282	89	2007
43	2	0	0	0	0
44	1	1	277	94	2007
45	1	2	275	89	2007
46	1	1	282	0	0
47	2	2	254	0	2004
48	1	1	275	95	2008
49	1	1	238	96	0
50	1	1	251	94	2007
51	2	1	244	97	2005
52	1	1	0	88	2008
53	2	2	248	96	2005
54	1	1	238	92	2008
55	2	1	0	0	2005
56	1	1	274	86	2007
57	1	1	271	89	2007
58	1	1	248	87	2008
59	1	1	248	89	2008
60	1	0	0	0	0
61	1	1	250	87	2007
62	2	2	257	97	2004
63	1	1	237	96	2006
64	1	1	0	87	2008
65	1	1	251	89	2008
66	1	0	0	0	0
67	1	1	251	0	2006
68	1	1	0	87	2008
69	1	2	275	86	2008
70	1	1	240	0	2006
71	1	1	240	92	2008
72	1	2	260	91	2009
73	1	2	249	87	2008
74	1	1	0	87	2009
75	2	2	281	0	2005
76	1	1	260	0	2007
77	1	1	238	97	2006
78	2	2	241	88	2004
79	1	1	251	92	2008
80	1	2	0	94	2008
81	1	1	281	0	2007
82	1	0	279	87	2008
83	1	1	251	95	2009
84	2	0	281	0	2004
85	1	1	276	94	2008
86	2	1	253	89	2004
87	1	1	248	87	2007
88	2	1	275	0	2005
89	1	1	0	92	2009
90	1	1	238	94	2007
91	1	2	251	94	2008
92	1	1	0	95	2009
93	1	2	253	97	2006
94	1	1	0	90	2008
95	1	1	0	86	2009
96	1	1	271	96	2006
97	1	2	275	92	2009
98	1	1	250	97	2006
99	1	2	257	97	2005
100	1	0	257	91	0
101	1	0	0	0	0
102	1	1	275	87	2008
103	2	1	251	0	2005
104	2	1	277	86	2005
105	1	1	238	0	2006
106	1	1	0	94	2008
107	2	1	282	0	2005
108	1	2	260	0	2004
109	1	1	276	87	2008
110	2	2	248	0	2005
111	1	1	281	87	2007
112	1	1	275	94	2007
113	1	2	274	94	2009
114	1	1	0	90	2008
115	1	2	251	97	2006
116	1	1	240	88	2008
117	1	1	238	0	2007
118	2	2	277	98	2003
119	1	1	276	94	2009
120	1	2	0	90	2009
121	1	1	256	88	2008
122	1	2	275	94	2007
123	1	2	251	88	2009
124	2	0	254	92	2005
125	1	1	0	89	2008
126	1	1	256	89	2007
127	2	2	261	96	2005
128	1	1	276	92	2006
129	1	2	249	89	2008
130	1	1	251	90	2009
131	1	0	270	96	2006
132	2	2	249	89	2005
133	2	2	251	96	2004
134	1	2	260	94	2007
135	2	0	0	0	0
136	1	1	276	97	2006
137	1	2	270	86	2007
138	1	2	0	86	2009
139	1	0	0	0	0
140	2	1	251	94	2005
141	1	1	0	89	2008
142	1	2	282	94	2007
143	2	1	255	0	2002
144	1	1	267	90	2007
145	1	1	0	91	2009
146	2	2	251	0	2005
147	1	2	244	90	2007
148	1	0	0	0	0
149	1	2	0	0	0
150	1	2	0	91	2009
151	1	1	237	89	2006
152	1	2	261	94	2007
153	1	1	276	97	2005
154	1	0	0	0	2008
155	1	1	240	95	2009
156	1	2	260	89	2009
157	1	1	241	88	2009
158	1	1	277	89	2008
159	1	1	251	95	2009
160	1	1	0	86	2008
161	1	2	0	86	2009
162	2	1	248	97	2005
163	1	1	281	92	2008
164	1	2	260	90	2009
165	1	1	281	97	2006
166	2	0	0	0	2005
167	2	2	249	96	2004
168	4	2	0	0	0
169	1	1	271	86	2007
170	1	1	276	92	2006
171	1	2	249	0	2009
172	1	2	276	91	2008
173	1	1	238	91	2008
174	1	0	260	90	2007
175	1	1	276	89	2008
176	1	1	0	95	2008
177	1	1	236	89	2006
178	1	1	253	90	2008
179	2	2	238	97	2005
180	1	0	0	0	0
181	2	2	240	0	2004
182	1	1	260	89	2007
183	1	1	279	98	2006
184	1	1	237	91	2007
185	2	2	249	97	2005
186	1	2	282	90	2007
187	1	2	0	89	2008
188	1	1	263	91	2007
189	1	2	0	94	2009
190	1	2	0	0	2005
191	2	2	254	0	2005
192	2	0	271	0	2005
193	1	1	0	90	2009
194	2	1	282	0	2005
195	2	1	281	96	2003
196	1	1	0	95	2009
197	1	1	0	88	2009
198	1	2	249	0	2005
199	1	1	0	87	2009
200	1	2	0	91	2009
201	1	0	268	0	2008
202	2	2	251	96	2005
203	1	1	0	95	2009
204	2	2	240	86	2005
205	1	2	249	88	2007
206	2	2	267	97	2003
207	1	1	0	86	2008
208	1	2	249	0	0
209	2	2	246	88	2003
210	2	2	238	0	2005
211	1	2	260	86	2007
212	1	2	249	97	0
213	1	1	251	94	2009
214	1	2	242	90	2009
215	1	1	0	92	2009
216	2	1	240	0	2005
217	2	1	275	0	2005
218	1	1	248	90	2008
219	1	1	243	91	2007
220	2	2	276	86	2004
221	1	1	254	90	2008
222	1	2	260	90	2009
223	1	1	281	87	2007
224	1	1	0	94	2008
225	2	1	241	94	2005
226	1	2	253	87	2007
227	2	1	263	0	2005
228	2	2	246	0	2005
229	1	2	249	94	2007
230	1	1	251	91	2007
231	1	1	261	94	2007
232	2	1	248	89	2003
233	1	1	0	90	2009
234	2	1	251	97	2005
235	1	1	270	86	2009
236	1	2	0	91	2008
237	2	2	276	0	2005
238	1	1	0	87	2008
239	1	1	238	86	2009
240	2	1	251	0	2004
241	2	1	275	0	2005
242	1	1	260	0	2007
243	2	1	248	98	2005
244	1	1	0	92	2006
245	1	2	249	88	2007
246	1	1	240	95	2009
247	1	1	238	94	2008
248	1	1	240	86	2009
249	1	1	254	94	2009
250	1	1	259	91	2008
251	2	1	244	0	2005
252	2	1	235	0	2005
253	1	2	257	87	2007
254	2	1	250	94	0
255	1	2	270	87	2009
256	1	1	0	87	2008
257	2	1	249	0	2005
258	1	0	279	91	2007
259	1	1	270	94	2009
260	1	0	0	90	0
261	1	1	251	92	2006
262	1	2	276	87	2007
263	1	1	276	86	2009
264	1	1	276	89	2009
265	1	1	248	87	2008
266	1	2	260	88	2007
267	1	1	284	0	2007
268	1	1	260	90	2008
269	1	0	260	87	2007
270	1	1	251	90	2009
271	2	1	276	0	2005
272	1	1	0	95	2008
273	1	1	241	0	2008
274	1	2	271	87	2008
275	1	2	274	96	2006
276	1	1	0	0	2009
277	1	1	249	95	2006
278	2	1	237	97	2005
279	1	1	0	88	2009
280	1	2	267	86	2006
281	2	1	260	96	2005
282	1	2	282	87	2007
283	1	2	248	90	2008
284	1	1	0	87	2008
285	2	2	246	0	2003
286	1	2	275	97	2006
287	1	1	251	96	2006
288	1	1	0	92	2009
289	1	2	260	97	2006
290	1	0	237	86	2007
291	1	1	264	90	2009
292	1	1	263	96	2007
293	1	2	275	94	2008
294	1	1	250	95	2008
295	1	2	249	92	2008
296	1	2	251	94	2009
297	1	1	0	88	2009
298	1	1	249	94	2006
299	1	1	251	0	2007
300	1	1	251	95	2009
301	2	1	241	94	2004
302	1	0	254	94	2007
303	1	1	270	96	2005
304	1	2	257	96	2006
305	1	2	241	96	2006
306	1	2	244	92	2006
307	1	2	243	94	2008
308	1	1	241	89	2008
309	1	1	258	0	2007
310	1	1	238	94	2008
311	1	1	241	90	2009
312	1	0	0	0	0
313	1	1	251	88	2008
314	2	1	237	96	2004
315	1	1	0	94	2009
316	1	1	238	86	2007
317	1	1	276	89	2007
318	1	2	249	96	2006
319	2	1	282	0	2005
320	1	2	0	87	2009
321	1	1	271	92	2008
322	1	1	251	94	2007
323	1	2	271	96	2006
324	1	2	270	89	2009
325	1	1	270	97	2006
326	1	1	0	89	2008
327	1	1	243	97	2006
328	2	2	239	92	2003
329	1	1	249	96	2006
330	1	1	249	89	2009
331	1	2	241	97	2006
332	1	1	271	87	2008
333	1	2	0	87	2009
334	1	1	237	95	2007
335	1	2	246	87	2007
336	1	1	268	86	2008
337	1	2	0	88	2008
338	1	1	251	91	2009
339	1	1	0	94	2008
340	1	1	0	86	2008
341	1	1	251	94	2009
342	1	1	237	89	2007
343	1	1	241	97	2005
344	2	2	276	0	2005
345	5	0	0	0	0
346	2	1	276	89	2004
347	1	2	244	87	2008
348	1	2	271	88	2009
349	2	1	249	0	2005
350	1	1	276	96	2006
351	1	1	237	94	2007
352	1	2	0	91	2009
353	2	2	270	87	2004
354	1	1	251	87	2007
355	1	2	260	87	2008
356	1	1	271	87	2008
357	1	2	271	90	2007
358	1	1	238	94	2007
359	1	1	251	91	2007
360	1	2	260	0	2006
361	1	1	277	89	2009
362	1	2	251	89	2007
363	2	1	254	0	2005
364	2	2	270	0	0
365	1	0	249	91	2007
366	1	2	259	92	2009
367	1	1	268	87	2007
368	1	2	238	92	2007
369	1	2	283	86	2007
370	1	2	272	89	2009
371	1	0	0	0	0
372	2	0	0	0	0
373	1	1	238	89	2008
374	1	2	0	87	2009
375	1	1	0	90	2009
376	2	1	254	0	2005
377	1	2	0	91	2009
378	1	1	282	95	0
379	1	2	270	97	2006
380	1	1	249	94	2008
381	1	2	282	0	2007
382	2	0	0	0	2004
383	1	1	0	91	2008
384	1	1	276	94	2007
385	1	2	236	97	2006
386	2	0	0	0	2005
387	1	1	251	88	2007
388	2	1	240	96	2005
389	1	2	246	94	2007
390	1	2	0	88	2008
391	1	1	236	88	2007
392	1	2	276	94	2008
393	2	2	275	0	2005
394	1	1	241	91	2008
395	1	2	249	97	2005
396	1	2	277	90	2008
397	1	2	253	94	2009
398	1	1	0	87	2009
399	1	2	254	96	2006
400	1	1	260	97	2006
401	1	1	249	95	2008
402	1	0	0	0	0
403	1	1	276	96	2006
404	1	1	255	94	2009
405	1	1	272	0	2006
406	1	1	238	90	2007
407	2	1	238	0	2005
408	1	1	256	90	2007
409	1	1	251	92	2008
410	2	1	281	87	2004
411	1	1	0	87	2009
412	1	2	260	89	2008
413	1	1	251	90	2008
414	1	1	275	97	2005
415	2	1	237	0	2005
416	1	1	272	97	2005
417	1	2	240	91	2009
418	2	2	248	0	2004
419	1	2	243	96	2006
420	2	2	236	88	2003
421	1	1	261	0	2006
422	1	1	248	91	2008
423	1	0	0	0	0
424	1	0	0	90	0
425	2	1	238	98	2005
426	3	0	281	96	2007
427	1	2	251	0	2007
428	1	1	259	96	2006
429	1	2	249	92	2007
430	1	2	0	92	2009
431	2	1	0	0	0
432	1	2	276	87	2008
433	1	1	241	90	2009
434	1	2	260	90	0
435	1	1	276	96	2006
436	1	1	0	90	2008
437	4	1	272	97	2006
438	1	1	271	88	2008
439	2	1	265	86	2004
440	1	1	0	0	2009
441	2	2	0	94	2004
442	2	1	254	0	2005
443	1	2	0	86	2009
444	1	1	238	94	2006
445	1	2	254	91	2008
446	1	1	249	86	2007
447	1	2	255	96	2006
448	1	2	0	91	2007
449	1	2	244	94	2008
450	2	1	254	0	2005
451	1	1	251	91	2008
452	1	2	0	86	2008
453	1	2	249	94	2007
454	2	0	0	0	2004
455	1	1	241	0	2008
456	1	2	0	86	2008
457	2	2	249	87	2005
458	2	1	271	86	2005
459	1	1	254	96	2006
460	2	1	267	0	2004
461	1	1	241	96	0
462	1	2	240	88	2009
463	2	2	281	0	2005
464	1	2	271	90	2008
465	1	1	276	96	2005
466	1	1	276	92	2008
467	1	1	260	95	2007
468	1	2	254	94	2007
469	1	1	276	89	2009
470	1	1	275	97	2006
471	1	2	251	92	2007
472	1	0	275	97	2006
473	1	2	276	89	2008
474	2	1	276	97	2005
475	1	2	257	94	2009
476	1	1	263	89	2009
477	2	2	248	0	2005
478	1	1	254	88	2008
479	1	2	276	89	2007
480	1	2	0	87	2009
481	1	1	0	94	2009
482	1	1	270	0	2009
483	1	1	276	97	2006
484	1	1	244	86	2008
485	1	2	276	94	2007
486	2	1	255	0	2005
487	1	1	0	94	2008
488	1	1	0	86	2009
489	2	1	248	94	2005
490	1	1	254	89	2009
491	1	0	275	88	2007
492	1	0	0	0	0
493	1	1	276	92	2009
494	2	2	246	88	2003
495	1	2	272	0	2006
496	1	1	249	96	2006
497	1	1	237	96	2006
498	1	1	0	88	2007
499	1	2	249	96	2006
500	1	1	260	96	2006
501	1	1	274	94	2007
502	2	1	276	0	2004
503	2	2	277	0	2004
504	1	0	260	0	2007
505	1	1	0	86	2008
506	1	1	251	94	2007
507	1	2	277	88	2007
508	1	1	241	89	2008
509	1	1	249	95	2008
510	1	2	279	94	2007
511	2	1	270	0	2004
512	2	2	276	0	2005
513	1	2	242	96	2006
514	1	2	254	94	2008
515	5	2	250	0	2004
516	1	1	0	95	2007
517	1	2	275	86	2009
518	1	1	251	0	2007
519	1	2	263	94	2009
520	2	2	246	87	2003
521	2	0	254	96	2005
522	1	1	251	96	2006
523	2	0	0	0	0
524	2	2	254	0	2005
525	2	1	276	89	2004
526	1	2	251	87	2007
527	1	2	251	97	2006
528	1	2	0	90	2008
529	1	1	251	91	2007
530	1	1	0	86	2008
531	1	2	249	91	2007
532	2	2	251	0	2005
533	1	2	243	88	2009
534	1	0	0	87	0
535	1	2	257	88	2008
536	1	2	274	94	2009
537	1	0	251	91	2006
538	2	1	267	97	2004
539	1	2	0	92	2008
540	1	1	284	0	2006
541	1	2	276	91	2007
542	1	1	251	89	2008
543	1	1	237	0	2009
544	1	1	276	97	2006
545	2	2	250	92	2003
546	1	1	0	87	2008
547	2	1	275	97	2004
548	1	1	276	86	2007
549	1	1	249	88	2008
550	1	1	0	86	2008
551	2	1	271	0	2005
552	1	1	249	92	2008
553	1	1	281	87	2007
554	2	2	237	0	2005
555	1	2	0	94	2008
556	2	1	279	0	2004
557	2	1	281	97	2005
558	1	2	254	89	2007
559	1	2	284	91	2009
560	2	1	251	0	2005
561	1	0	256	90	2007
562	1	1	251	0	2006
563	2	1	255	97	2005
564	1	1	0	88	2009
565	1	2	251	91	2008
566	1	1	0	87	2009
567	1	1	0	88	2009
568	2	0	0	0	0
569	1	2	0	95	0
570	2	1	275	0	2004
571	1	0	254	0	2006
572	1	0	285	87	0
573	1	1	260	87	2007
574	1	2	242	94	2009
575	1	1	242	97	2006
576	2	0	284	97	2005
577	1	2	275	94	2008
578	1	1	0	91	2008
579	1	1	271	94	2007
580	2	1	253	0	2005
581	1	1	248	87	2009
582	1	1	281	96	2006
583	2	0	0	0	0
584	1	1	264	87	2006
585	1	1	0	88	2008
586	1	1	275	86	2008
587	1	2	240	90	2009
588	1	2	238	88	2009
589	1	2	0	0	2009
590	2	1	248	0	2005
591	1	1	263	94	2007
592	1	1	282	91	2008
593	1	1	271	88	2008
594	1	1	0	89	2009
595	1	0	0	0	0
596	1	2	249	90	2008
597	3	0	0	0	0
598	1	1	0	91	2009
599	2	2	257	0	2005
600	1	1	0	88	0
601	1	1	270	86	2009
602	2	1	251	96	2005
603	1	2	275	86	2007
604	2	2	249	87	2003
605	1	1	260	86	2007
606	1	2	249	97	2006
607	1	2	0	87	2009
608	1	1	263	87	2007
609	2	2	0	0	2004
610	1	1	237	88	2008
611	1	0	251	86	2007
612	1	1	238	89	2009
613	1	0	249	97	2006
614	2	2	0	0	0
615	1	1	251	96	2006
616	1	2	244	0	2006
617	2	1	276	97	2005
618	2	1	274	0	2004
619	2	1	253	0	2005
620	2	1	276	0	2005
621	2	1	276	0	2005
622	1	1	251	91	2008
623	1	1	0	89	2008
624	2	1	251	0	2005
625	1	1	0	94	2008
626	2	0	271	0	2005
627	1	1	282	93	2007
628	1	1	281	95	2005
629	1	1	274	90	2007
630	2	2	260	0	2005
631	2	1	276	97	2005
632	1	1	0	95	2009
633	1	2	249	90	2007
634	1	1	268	86	2009
635	1	1	0	92	2009
636	1	1	0	92	2008
637	1	1	0	94	2009
638	1	2	237	0	0
639	1	1	263	89	2009
640	1	2	272	90	2007
641	1	1	0	86	2008
642	1	2	260	96	2006
643	1	1	238	95	2008
644	1	1	263	91	2009
645	2	1	264	96	2005
646	2	1	275	0	2005
647	1	2	0	92	2009
648	1	2	251	94	2006
649	2	1	275	96	2005
650	2	0	250	0	2005
651	1	2	0	86	2009
652	1	1	274	94	2008
653	1	1	254	89	2009
654	2	1	249	92	2004
655	1	2	274	87	2007
656	1	2	242	0	2006
657	1	2	248	97	2006
658	1	2	281	88	2009
659	1	1	0	94	2008
660	1	2	244	89	2008
661	1	0	0	0	0
662	4	1	0	0	0
663	1	2	241	94	2007
664	1	2	245	91	2008
665	1	1	276	96	2006
666	1	2	251	0	2006
667	2	2	254	0	2004
668	2	0	0	0	0
669	1	1	254	95	2008
670	1	1	251	0	2006
671	1	2	0	88	2007
672	1	1	263	92	2009
673	2	1	276	0	2005
674	1	2	0	91	2009
675	1	1	0	89	2008
676	1	0	236	97	2006
677	1	0	276	94	2006
678	2	1	260	0	2005
679	1	2	272	94	2006
680	1	1	251	94	2009
681	1	1	254	96	2006
682	1	2	267	89	2007
683	1	1	238	87	2009
684	1	1	240	98	2006
685	2	2	257	0	2005
686	1	0	0	0	0
687	2	2	260	92	2005
688	2	1	248	0	2005
689	2	2	251	0	2005
690	1	1	0	91	2008
691	1	2	0	89	2008
692	1	1	251	90	2007
693	2	2	267	94	2005
694	1	1	286	92	2007
695	1	2	248	97	2006
696	1	1	281	90	2007
697	1	1	0	91	2009
698	1	2	270	94	2009
699	1	2	240	92	2008
700	2	1	276	0	2005
701	1	2	0	88	2009
702	1	1	266	86	2007
703	1	1	0	89	2008
704	1	1	261	96	2006
705	1	2	251	91	2008
706	1	1	238	96	2006
707	1	1	255	88	2008
708	1	2	249	89	2008
709	1	1	281	86	2007
710	1	1	241	90	2008
711	1	1	237	87	2007
712	1	1	276	89	2008
713	1	1	0	89	2008
714	1	1	271	95	0
715	2	1	251	0	2005
716	2	1	281	0	2005
717	1	2	241	90	2008
718	2	2	254	0	2005
719	2	2	246	89	2004
720	1	1	281	87	2007
721	1	1	0	90	2008
722	2	1	0	0	2003
723	1	1	0	88	2008
724	2	0	251	0	2005
725	1	1	237	87	2008
726	1	1	0	95	2008
727	1	1	238	92	2009
728	1	2	0	90	2009
729	1	1	276	96	2005
730	1	1	275	95	2008
731	1	2	0	89	2009
732	1	1	251	94	2009
733	1	1	264	87	2007
734	1	1	276	94	2007
735	2	2	275	0	2005
736	1	1	251	88	2009
737	2	2	242	0	2004
738	1	1	0	87	2009
739	2	1	260	0	2005
740	1	1	0	94	2008
741	2	2	249	0	2005
742	1	1	260	87	2007
743	1	1	251	87	2009
744	1	1	251	94	2009
745	1	1	249	94	2007
746	1	1	0	86	2009
747	1	1	275	95	2007
748	1	2	0	89	2009
749	1	2	239	96	2006
750	1	1	270	92	2008
751	1	2	251	91	2007
752	1	2	0	86	2009
753	1	1	237	87	2007
754	1	1	237	92	2008
755	1	1	276	87	2008
756	1	2	265	86	2009
757	1	1	276	86	2007
758	2	1	251	0	2004
759	1	0	0	0	0
760	1	2	276	94	2009
761	1	1	259	86	2008
762	1	1	249	0	2007
763	1	2	267	96	2005
764	2	2	238	96	2005
765	1	1	249	95	2009
766	2	0	0	0	0
767	1	0	0	90	2009
768	2	1	279	96	2005
769	1	2	249	94	2007
770	1	2	238	88	2008
771	1	2	0	94	2009
772	1	1	0	91	2009
773	1	1	248	87	2007
774	1	1	272	87	2009
775	2	1	0	92	2003
776	1	1	251	87	2009
777	1	1	0	88	2009
778	1	1	0	95	2008
779	2	2	251	91	2004
780	2	1	251	97	2005
781	2	2	254	96	2005
782	1	1	276	86	2009
783	1	2	242	96	2005
784	1	1	255	97	2006
785	2	1	248	97	2005
786	1	2	255	96	2006
787	2	1	277	94	2004
788	1	0	0	0	2007
789	1	1	251	96	2006
790	1	1	0	96	2005
791	1	1	258	91	2007
792	1	1	254	87	2008
793	1	1	237	95	2008
794	2	0	0	0	0
795	2	1	272	96	2005
796	2	1	275	0	2005
797	1	1	239	92	2007
798	1	1	0	92	2009
799	1	1	263	97	2006
800	4	2	276	0	0
801	2	2	275	94	2004
802	2	1	275	96	2005
803	1	2	274	92	2008
804	1	2	268	94	2009
805	2	2	275	97	2005
806	1	2	246	97	2006
807	1	1	0	90	2009
808	2	0	275	0	2005
809	1	1	272	87	2006
810	1	1	249	91	2009
811	1	1	277	95	2009
812	1	2	0	87	2009
813	1	2	238	97	2006
814	1	2	251	94	2007
815	1	2	254	89	2009
816	2	1	275	0	2005
817	1	1	263	88	2008
818	1	2	267	96	2007
819	2	1	276	97	2002
820	2	1	249	96	2005
821	1	2	251	89	2007
822	1	1	238	97	2006
823	2	2	0	88	2004
824	1	1	0	89	2009
825	2	1	276	97	2005
826	1	2	254	97	2006
827	1	2	0	87	2009
828	1	2	0	92	2008
829	1	2	251	88	0
830	1	1	281	95	2006
831	1	0	245	89	2008
832	1	2	0	0	2006
833	1	1	0	90	2008
834	1	2	271	89	2008
835	1	1	0	95	2008
836	1	1	275	0	2006
837	1	1	261	86	2006
838	2	2	276	96	2004
839	1	1	241	89	2008
840	1	2	242	94	2008
841	1	0	255	92	2007
842	1	2	263	90	2007
843	1	2	275	94	2008
844	1	2	248	86	2007
845	1	2	251	92	2008
846	1	1	254	94	2007
847	1	2	275	90	2008
848	1	1	281	97	2006
849	1	2	245	87	2008
850	1	1	261	90	2009
851	2	2	274	94	2004
852	1	1	0	88	2008
853	1	1	280	92	2008
854	2	1	275	0	2005
855	1	1	275	94	2007
856	1	2	238	86	2007
857	2	1	249	96	2005
858	1	2	260	86	2009
859	2	2	275	89	2004
860	1	2	275	97	2006
861	1	2	260	94	2008
862	1	1	240	92	2008
863	2	1	276	97	2005
864	1	1	282	93	2007
865	1	2	279	88	2007
866	2	1	275	0	2005
867	1	0	0	93	2008
868	2	2	258	97	2005
869	1	1	276	97	2006
870	5	2	276	87	2004
871	1	1	251	87	2009
872	1	2	276	97	2006
873	1	2	0	94	2007
874	1	0	0	0	0
875	1	1	275	88	2008
876	1	1	277	92	2009
877	1	1	248	97	2006
878	1	2	251	0	2007
879	1	1	276	88	2008
880	2	0	276	0	2005
881	2	1	279	98	2005
882	1	1	275	91	2009
883	5	1	260	97	2004
884	1	1	0	95	2009
885	1	0	0	0	0
886	1	1	276	86	2007
887	1	1	0	94	2008
888	1	2	248	96	2006
889	1	1	275	88	2009
890	2	0	238	0	2005
891	1	2	0	86	2008
892	1	1	251	94	2007
893	2	2	254	0	2005
894	1	1	0	94	2009
895	1	1	271	94	2009
896	1	1	257	88	2007
897	2	1	238	86	2005
898	1	1	0	87	2008
899	1	0	275	89	2008
900	1	2	254	96	2007
901	2	1	244	0	2005
902	1	1	0	86	2009
903	2	1	237	0	2005
904	1	1	249	90	2007
905	2	2	275	0	0
906	1	1	0	95	2008
907	1	2	0	90	2009
908	2	1	260	97	2005
909	1	1	251	0	2007
910	1	2	241	86	2009
911	1	2	249	88	0
912	1	1	281	89	2006
913	1	1	0	0	2009
914	2	1	236	0	2005
915	1	1	275	92	2008
916	1	0	0	0	0
917	1	2	0	92	2009
918	1	1	251	0	2009
919	1	2	0	94	2008
920	2	1	263	0	2005
921	1	1	242	95	2009
922	1	1	0	94	2009
923	1	1	241	94	2007
924	1	1	0	94	2008
925	1	1	274	87	2009
926	2	0	275	0	2005
927	1	1	0	95	2009
928	1	2	0	90	2009
929	1	2	270	89	2009
930	2	1	249	0	2005
931	1	1	249	89	2008
932	1	2	0	94	2009
933	1	1	251	94	2007
934	2	2	249	96	2002
935	1	2	277	92	2007
936	1	1	251	94	2008
937	1	2	241	94	2007
938	1	1	253	97	2006
939	1	2	284	0	2007
940	1	1	0	90	2007
941	2	1	276	0	2005
942	1	1	251	96	2006
943	1	1	276	90	2009
944	1	1	261	87	2006
945	1	1	253	94	2009
946	1	1	244	96	2006
947	1	1	242	91	2009
948	1	2	240	90	2007
949	1	2	0	88	2008
950	1	1	254	86	2006
951	2	1	238	97	2005
952	1	1	242	88	2007
953	1	2	0	87	2008
954	1	1	251	91	2008
955	1	2	260	94	2005
956	1	0	0	92	0
957	2	1	276	0	2004
958	1	2	275	90	2009
959	1	1	276	86	2007
960	1	1	275	87	2008
961	1	2	274	88	2008
962	1	1	260	97	2006
963	1	1	272	95	2006
964	1	2	248	94	2006
965	1	0	0	0	0
966	2	1	281	0	2005
967	1	1	236	94	2007
968	2	2	284	90	2004
969	1	1	240	0	0
970	1	2	260	86	2006
971	1	1	0	94	2008
972	1	2	0	92	2009
973	1	2	260	96	2006
974	1	0	275	0	2006
975	1	1	0	91	2009
976	1	2	260	96	2006
977	2	0	237	0	2005
978	1	2	0	88	2009
979	1	1	254	95	2007
980	1	1	277	94	2007
981	1	0	261	95	2007
982	1	0	0	0	0
983	1	2	249	97	2006
984	1	1	275	86	2008
985	2	1	251	0	2005
986	1	1	0	0	2008
987	2	1	0	0	0
988	2	1	282	91	0
989	1	2	244	86	2007
990	1	1	0	88	2009
991	2	1	261	0	2005
992	1	0	253	89	2007
993	2	1	237	0	2003
994	2	1	251	0	2005
995	1	2	0	89	2009
996	2	1	241	96	2005
997	1	2	253	89	2009
998	1	1	284	97	2006
999	1	2	276	91	2007
1000	1	2	0	92	2009
1001	1	2	249	86	2007
1002	1	1	275	97	2006
1003	1	1	0	0	2008
1004	1	2	274	91	2009
1005	1	2	267	87	2007
1006	1	1	272	87	2009
1007	1	1	0	94	2008
1008	2	0	0	0	0
1009	2	2	261	0	2002
1010	1	2	249	97	2006
1011	1	1	253	0	2007
1012	1	1	275	92	2008
1013	1	1	0	95	2008
1014	2	2	276	0	0
1015	1	1	251	94	2007
1016	1	2	263	89	2007
1017	2	1	242	0	2005
1018	1	1	254	89	2008
1019	2	1	276	0	2005
1020	1	2	271	96	2006
1021	1	1	251	86	2007
1022	1	1	254	0	2006
1023	2	1	238	97	2005
1024	1	1	273	95	2009
1025	1	1	275	88	2009
1026	1	2	274	0	2007
1027	1	2	275	96	2005
1028	1	0	238	0	0
1029	3	0	0	0	0
1030	1	2	0	87	2009
1031	1	2	0	87	2009
1032	2	1	271	0	2005
1033	1	2	260	0	2006
1034	1	2	0	87	2008
1035	2	1	0	0	0
1036	2	1	276	0	2005
1037	1	2	275	89	2009
1038	1	1	251	97	2006
1039	1	1	276	90	2008
1040	1	2	251	90	2009
1041	2	1	254	0	2005
1042	1	1	0	88	2009
1043	1	1	281	92	2008
1044	1	0	251	87	0
1045	1	2	275	91	2007
1046	1	2	254	96	2006
1047	1	2	249	88	2008
1048	1	1	275	96	2006
1049	2	2	275	0	2005
1050	1	2	249	96	2006
1051	1	2	263	97	2006
1052	1	2	275	91	2008
1053	2	2	267	0	2005
1054	1	2	0	94	2009
1055	1	0	282	94	0
1056	1	2	257	0	2005
1057	1	1	253	87	2007
1058	1	2	0	92	2009
1059	2	1	275	0	2005
1060	1	1	0	95	2009
1061	1	2	242	90	2008
1062	1	2	276	88	0
1063	1	1	258	94	2008
1064	1	1	236	90	2006
1065	1	1	0	94	2009
1066	1	1	0	0	2008
1067	1	1	257	94	2007
1068	1	1	238	90	2007
1069	2	2	282	97	2005
1070	2	0	267	0	2005
1071	1	1	238	96	2006
1072	1	1	244	86	2008
1073	1	1	275	95	2009
1074	1	2	0	86	2009
1075	1	1	0	86	2009
1076	2	0	0	0	0
1077	1	2	251	92	2009
1078	2	1	241	96	2005
1079	1	1	276	86	2009
1080	2	1	276	0	2005
1081	1	2	249	92	2007
1082	2	2	270	94	2004
1083	1	1	0	87	2008
1084	1	2	251	92	2007
1085	1	1	0	95	2009
1086	1	2	259	92	2006
1087	1	2	0	94	2008
1088	2	2	254	96	2003
1089	1	1	261	92	2007
1090	2	1	271	96	2005
1091	1	1	268	91	2008
1092	1	2	249	92	2009
1093	1	2	260	89	2007
1094	1	2	270	97	2006
1095	1	1	0	89	2008
1096	1	0	0	0	0
1097	1	1	276	96	2006
1098	1	2	248	88	0
1099	1	2	263	0	2007
1100	1	1	275	97	2006
1101	1	2	249	94	2008
1102	1	1	238	87	2007
1103	1	1	260	97	2006
1104	1	2	241	89	2007
1105	1	2	0	90	2008
1106	1	1	276	89	2007
1107	1	1	275	86	2007
1108	1	0	235	97	2005
1109	1	1	251	86	2008
1110	2	0	0	0	0
1111	1	1	251	97	2006
1112	1	2	270	0	2007
1113	1	1	0	92	2009
1114	2	2	251	0	2005
1115	1	1	264	96	2006
1116	1	2	0	94	2004
1117	1	1	0	87	2008
1118	1	1	0	87	2009
1119	2	2	278	0	2005
1120	1	0	0	91	2008
1121	1	1	248	88	2009
1122	1	1	251	87	2007
1123	2	1	237	0	2004
1124	2	1	267	89	2004
1125	1	1	251	0	2006
1126	1	1	251	90	2009
1127	1	2	276	91	2007
1128	2	1	251	97	2005
1129	1	2	275	90	2007
1130	1	1	0	86	2009
1131	1	1	271	86	2007
1132	1	0	249	94	2007
1133	1	1	0	86	2009
1134	1	2	282	96	2006
1135	1	2	249	88	2006
1136	1	1	285	87	2007
1137	2	1	242	96	2005
1138	1	1	275	95	2008
1139	1	2	275	87	2008
1140	2	1	260	95	2005
1141	1	1	0	89	2009
1142	1	2	251	92	2007
1143	1	1	251	94	2009
1144	2	1	251	0	2005
1145	2	0	254	0	2005
1146	2	1	249	0	2004
1147	1	0	0	0	0
1148	1	2	249	88	2008
1149	2	2	251	0	2005
1150	1	1	251	0	2007
1151	1	2	246	92	2007
1152	1	2	286	94	2007
1153	1	2	276	86	0
1154	2	2	263	0	2004
1155	1	1	276	94	2009
1156	1	1	251	89	2006
1157	2	1	260	0	2005
1158	1	1	249	94	2008
1159	1	1	270	86	2009
1160	1	2	260	88	2007
1161	2	2	246	0	2003
1162	1	1	276	86	2009
1163	1	1	260	0	2007
1164	1	1	251	89	2007
1165	1	0	282	88	2007
1166	1	2	242	87	2008
1167	1	2	249	87	2007
1168	1	2	275	87	2008
1169	1	1	238	96	2006
1170	1	1	251	87	2009
1171	1	1	276	0	2007
1172	2	1	244	0	2004
1173	1	1	259	0	2007
1174	2	1	279	0	2005
1175	2	1	238	0	2003
1176	2	2	249	96	2003
1177	1	2	275	94	2007
1178	2	1	281	0	2005
1179	1	2	0	94	2009
1180	1	2	260	87	2007
1181	1	2	276	94	2006
1182	1	1	260	87	2007
1183	1	2	260	91	2009
1184	2	2	257	88	0
1185	2	1	260	94	2005
1186	1	1	251	94	2006
1187	1	1	238	94	2007
1188	1	1	284	88	2007
1189	1	1	267	89	2007
1190	1	1	284	93	2006
1191	2	1	276	0	2005
1192	2	2	244	94	2005
1193	2	1	276	0	2005
1194	2	2	275	86	2002
1195	1	2	276	86	2009
1196	1	2	274	98	2006
1197	1	1	248	92	2009
1198	1	1	244	86	2008
1199	3	2	272	93	1969
1200	1	1	281	94	2007
1201	1	0	277	87	2008
1202	2	1	243	0	2005
1203	1	1	242	94	2008
1204	1	2	0	92	2009
1205	2	2	254	91	2004
1206	2	1	271	0	2005
1207	1	1	282	87	2007
1208	1	1	284	87	2009
1209	1	2	276	91	2008
1210	2	2	255	96	2004
1211	1	1	276	97	2006
1212	1	0	260	89	2007
1213	2	1	267	0	2005
1214	2	2	240	0	0
1215	2	1	270	95	2004
1216	1	1	249	96	2006
1217	1	1	0	91	2008
1218	1	1	0	0	2009
1219	1	1	0	92	2009
1220	1	1	248	90	2005
1221	2	1	251	0	2005
1222	2	2	246	0	2005
1223	1	1	263	94	2007
1224	1	2	244	96	2006
1225	2	1	281	0	2004
1226	1	0	254	86	2007
1227	1	1	276	90	2007
1228	1	2	0	86	2009
1229	1	1	251	95	2007
1230	1	1	0	87	2008
1231	2	0	277	96	0
1232	2	1	241	94	2005
1233	1	1	242	92	2009
1234	1	0	0	92	2008
1235	1	2	251	90	2007
1236	1	1	0	90	2009
1237	1	1	276	0	2006
1238	1	1	269	97	2006
1239	1	1	276	97	2006
1240	2	2	251	0	1990
1241	1	1	260	94	2007
1242	1	1	0	94	2009
1243	1	1	0	0	2009
1244	1	1	0	89	2008
1245	2	2	0	0	2003
1246	1	2	238	91	2009
1247	1	2	251	89	2006
1248	1	2	260	94	2006
1249	2	1	243	0	2005
1250	1	2	0	94	2009
1251	2	1	260	0	2004
1252	1	2	269	92	2007
1253	2	1	276	0	2005
1254	1	2	251	97	2006
1255	1	1	0	87	2008
1256	1	1	255	96	2006
1257	1	1	251	87	2009
1258	2	1	275	0	2005
1259	5	1	251	0	0
1260	1	0	240	94	2007
1261	1	0	0	0	0
1262	1	2	254	94	2009
1263	1	1	251	89	2008
1264	1	1	276	95	2008
1265	1	1	238	96	2005
1266	1	1	275	90	2009
1267	1	2	267	88	2008
1268	1	1	275	92	2009
1269	1	2	260	92	2008
1270	2	2	251	89	0
1271	1	2	272	87	2008
1272	1	1	0	90	2009
1273	1	1	242	89	2007
1274	2	2	264	96	2004
1275	1	2	260	87	2007
1276	1	1	276	94	2007
1277	3	2	277	0	0
1278	1	1	0	0	2008
1279	1	1	238	96	2006
1280	1	1	281	89	2007
1281	2	0	0	0	0
1282	1	2	0	86	2008
1283	4	2	0	0	0
1284	1	2	0	94	2007
1285	1	1	238	92	2007
1286	2	2	249	97	2005
1287	1	2	280	91	2008
1288	1	1	275	92	2009
1289	1	2	249	96	2005
1290	1	1	267	0	2007
1291	2	2	274	97	2005
1292	2	1	271	0	2005
1293	1	2	0	94	2009
1294	1	1	0	95	2008
1295	1	1	248	0	2009
1296	1	0	0	0	0
1297	1	1	0	94	2009
1298	1	1	255	91	2008
1299	3	0	0	0	0
1300	1	2	260	86	2008
1301	1	1	0	94	2009
1302	1	0	277	0	2007
1303	2	2	272	97	2004
1304	2	1	276	87	2004
1305	1	2	246	98	2005
1306	1	0	257	94	2007
1307	2	1	249	0	2004
1308	2	0	0	0	2005
1309	1	2	241	90	2009
1310	1	2	276	0	2006
1311	1	1	0	89	2008
1312	1	1	249	95	2009
1313	1	0	0	0	0
1314	1	1	243	95	2007
1315	1	2	249	89	2007
1316	1	2	251	87	2009
1317	1	1	271	90	2008
1318	1	1	248	91	2007
1319	1	1	243	97	2006
1320	1	1	275	0	2009
1321	1	2	254	87	2009
1322	1	2	280	91	2008
1323	1	1	251	87	2006
1324	1	1	254	87	2007
1325	1	2	277	91	2006
1326	1	0	284	97	2006
1327	1	1	251	92	2007
1328	1	2	254	0	2007
1329	2	0	0	0	0
1330	1	1	251	95	2007
1331	1	1	0	87	2008
1332	1	2	249	91	2009
1333	1	2	0	92	0
1334	1	1	275	94	2007
1335	1	2	0	92	2008
1336	1	2	275	97	2006
1337	2	2	238	0	2004
1338	2	2	260	88	2003
1339	2	2	0	98	2005
1340	2	1	282	96	2005
1341	2	1	248	96	2005
1342	1	1	266	95	2007
1343	1	2	257	89	2007
1344	1	1	276	89	2007
1345	1	1	263	86	2008
1346	1	1	0	94	2009
1347	1	2	267	97	2006
1348	1	1	278	90	2007
1349	2	2	260	0	2005
1350	1	1	254	94	2007
1351	2	1	277	0	2005
1352	1	1	0	90	2008
1353	3	1	238	0	0
1354	1	1	267	97	2006
1355	1	1	276	89	2009
1356	2	2	260	0	2005
1357	1	0	0	89	2008
1358	1	2	249	94	2009
1359	2	2	254	0	2004
1360	1	1	251	94	2007
1361	2	2	254	0	2005
1362	1	1	0	87	2009
1363	1	1	243	0	2006
1364	1	2	251	0	2006
1365	2	1	275	0	2005
1366	1	1	276	90	2007
1367	1	2	0	94	2009
1368	1	2	249	88	2009
1369	1	1	241	87	2008
1370	1	1	0	88	2009
1371	1	1	275	0	2006
1372	2	1	248	91	2005
1373	1	2	276	97	2007
1374	2	1	257	0	2005
1375	1	2	0	92	2009
1376	2	1	235	97	2004
1377	1	2	282	97	2006
1378	1	2	251	91	2006
1379	1	2	254	97	2006
1380	1	2	249	94	2007
1381	1	2	0	87	2009
1382	1	1	0	98	2006
1383	1	1	271	86	2009
1384	2	1	241	87	2005
1385	1	2	241	86	2009
1386	1	1	260	96	2006
1387	1	1	244	94	2008
1388	1	1	0	89	2009
1389	1	1	0	94	2008
1390	1	2	251	0	2008
1391	2	0	0	0	0
1392	2	1	274	0	2005
1393	1	1	271	90	2007
1394	1	1	251	94	2008
1395	2	1	276	0	2005
1396	1	2	251	0	2007
1397	2	0	0	0	0
1398	2	1	249	0	2005
1399	1	1	0	86	2009
1400	1	2	272	87	2007
1401	2	1	236	0	0
1402	1	2	251	0	2006
1403	1	1	238	96	2006
1404	1	1	285	92	2007
1405	1	2	256	90	2007
1406	1	1	272	94	2008
1407	1	2	260	0	0
1408	1	2	0	89	2009
1409	1	2	254	86	2009
1410	1	0	274	90	2006
1411	1	2	0	94	2007
1412	2	2	0	0	2004
1413	1	1	275	93	2007
1414	1	2	251	96	2006
1415	2	1	281	0	2005
1416	1	1	275	90	2006
1417	1	1	237	97	2006
1418	1	2	238	0	2006
1419	1	1	285	95	2009
1420	1	2	251	92	2009
1421	1	1	271	88	2009
1422	1	2	282	89	2007
1423	1	1	238	92	2009
1424	1	2	275	86	2008
1425	1	1	238	96	2006
1426	1	1	276	91	2007
1427	2	2	274	0	2004
1428	2	1	281	0	2005
1429	1	2	0	90	2008
1430	1	2	275	94	2007
1431	2	1	276	0	2005
1432	1	1	275	97	2006
1433	2	2	249	0	2005
1434	1	2	249	90	2007
1435	2	2	254	94	2004
1436	3	0	0	0	0
1437	1	2	0	88	2008
1438	1	1	263	96	2006
1439	1	1	251	90	2007
1440	1	1	276	87	2008
1441	1	1	250	87	2009
1442	1	1	238	95	2007
1443	2	1	254	0	2005
1444	1	0	280	92	0
1445	1	1	248	91	2007
1446	2	1	237	97	2005
1447	1	1	0	0	2008
1448	1	2	251	0	2007
1449	1	1	241	92	2008
1450	1	2	249	88	2007
1451	1	1	0	94	2009
1452	1	1	251	95	2008
1453	1	0	267	96	2006
1454	1	0	277	96	0
1455	1	1	257	96	2006
1456	1	2	0	90	2008
1457	1	1	0	91	2008
1458	1	2	243	86	0
1459	1	2	279	90	2006
1460	2	0	281	0	2005
1461	2	1	282	0	2005
1462	1	1	0	89	2008
1463	2	2	260	92	2005
1464	1	2	241	0	2009
1465	1	1	238	97	2006
1466	1	0	267	94	2006
1467	1	2	238	90	2006
1468	1	1	260	86	2007
1469	1	2	282	86	2009
1470	2	1	249	94	2004
1471	1	1	271	89	2008
1472	1	2	281	96	2006
1473	1	1	272	0	0
1474	2	1	251	0	2004
1475	1	1	276	87	2007
1476	1	1	0	92	2009
1477	1	1	271	95	2008
1478	1	2	275	91	2007
1479	1	2	0	88	2009
1480	1	1	241	94	2009
1481	1	1	251	0	2006
1482	1	1	238	94	2008
1483	1	2	0	90	2009
1484	2	1	260	0	2004
1485	2	2	282	97	2004
1486	1	2	249	97	2006
1487	2	0	253	0	2005
1488	1	1	281	97	2006
1489	1	1	249	86	2006
1490	1	0	277	88	2008
1491	2	1	248	90	2005
1492	1	1	271	97	2006
1493	1	0	257	96	2007
1494	1	1	251	87	2008
1495	1	2	241	94	2007
1496	2	2	263	0	2004
1497	1	1	248	94	2008
1498	1	1	0	87	2008
1499	1	1	0	90	2009
1500	1	2	0	87	2009
1501	1	1	275	86	2009
1502	2	2	0	0	0
1503	2	1	260	0	2005
1504	1	2	275	94	2007
1505	1	2	253	96	2006
1506	1	1	271	92	2007
1507	1	1	259	90	2008
1508	2	0	0	88	2004
1509	2	2	264	96	2005
1510	2	2	273	0	0
1511	1	1	238	98	2006
1512	1	1	0	91	2009
1513	1	1	0	94	2009
1514	1	2	270	93	2006
1515	1	1	0	92	2009
1516	1	1	0	94	2009
1517	2	1	254	0	2006
1518	1	1	0	90	2008
1519	1	1	0	95	2009
1520	1	1	0	86	2008
1521	1	1	240	88	2009
1522	2	2	240	88	2004
1523	1	2	251	90	2007
1524	2	2	236	97	2005
1525	2	2	275	92	2004
1526	2	2	249	0	2004
1527	1	2	249	86	2007
1528	2	0	254	0	2005
1529	1	1	248	91	2009
1530	1	1	0	89	2008
1531	1	2	279	91	2008
1532	1	1	260	89	2008
1533	1	1	281	94	2008
1534	2	2	275	0	2005
1535	1	1	271	92	2009
1536	1	1	248	97	2006
1537	1	1	263	91	2009
1538	1	1	243	87	2009
1539	1	2	270	97	2005
1540	1	1	271	89	2007
1541	2	1	276	98	2005
1542	1	2	238	97	2006
1543	1	1	281	88	2007
1544	1	2	251	86	2006
1545	2	1	276	97	2004
1546	1	1	275	89	2007
1547	1	1	0	87	2009
1548	2	0	0	0	0
1549	1	2	272	0	2007
1550	2	1	240	0	2005
1551	1	1	240	95	2005
1552	2	1	251	89	2005
1553	1	2	0	94	2008
1554	1	1	263	0	2007
1555	1	1	0	86	2008
1556	2	2	277	0	2004
1557	1	1	0	94	2009
1558	1	2	248	96	2006
1559	1	0	0	0	0
1560	2	1	257	93	2005
1561	1	1	281	97	2006
1562	1	1	254	96	2006
1563	1	0	0	0	0
1564	1	0	243	92	2008
1565	2	1	265	0	2005
1566	1	1	249	92	2007
1567	1	1	264	95	2007
1568	1	1	241	88	2007
1569	1	1	251	0	2008
1570	1	1	0	94	2008
1571	1	1	242	0	2007
1572	1	0	0	0	0
1573	1	2	264	90	2008
1574	1	1	248	94	2009
1575	1	2	251	90	2007
1576	2	1	281	0	2004
1577	1	2	275	88	2006
1578	1	2	263	0	2006
1579	2	1	248	90	2003
1580	2	1	243	92	2005
1581	2	1	254	0	2005
1582	1	2	248	98	2006
1583	1	1	268	88	2007
1584	2	2	244	96	2005
1585	1	1	0	94	2008
1586	1	1	251	91	2008
1587	1	1	0	89	2009
1588	2	2	281	87	2003
1589	1	1	251	88	2008
1590	2	2	277	0	2005
1591	1	2	246	94	2008
1592	1	1	275	0	2007
1593	2	1	279	97	2005
1594	2	2	249	0	2005
1595	2	1	249	0	2005
1596	2	1	249	89	2004
1597	2	1	249	0	2005
1598	1	2	0	88	2008
1599	1	1	270	87	2009
1600	1	2	0	87	2009
1601	1	0	0	0	0
1602	1	2	249	94	2007
1603	1	1	281	89	2009
1604	1	2	241	88	2009
1605	2	2	260	97	2005
1606	1	2	0	0	2008
1607	1	1	0	88	2009
1608	1	1	282	94	2005
1609	1	1	276	87	2007
1610	2	1	260	97	2003
1611	1	2	0	94	2008
1612	1	1	0	87	2008
1613	1	2	0	91	2008
1614	1	2	278	89	2007
1615	1	2	242	94	2007
1616	1	2	251	96	2006
1617	1	1	266	86	2007
1618	1	1	248	95	2009
1619	1	1	235	96	2006
1620	1	2	275	94	2009
1621	1	0	238	0	0
1622	1	2	251	88	2007
1623	1	2	249	96	2006
1624	2	1	281	0	2005
1625	1	2	254	88	2009
1626	1	2	249	94	2007
1627	1	2	249	89	2006
1628	1	2	249	0	2006
1629	1	1	269	91	2007
1630	1	2	255	96	2006
1631	1	1	262	95	2009
1632	1	2	270	88	2008
1633	1	0	0	92	2008
1634	1	1	237	90	2008
1635	1	2	254	97	2006
1636	1	2	251	96	2006
1637	1	1	238	92	2007
1638	2	1	277	0	2004
1639	1	2	260	89	2008
1640	1	2	275	87	2009
1641	1	1	0	90	2009
1642	1	1	259	94	2007
1643	1	1	240	97	2006
1644	1	0	0	0	0
1645	1	1	263	95	2007
1646	2	2	248	0	0
1647	1	1	276	91	2008
1648	2	2	0	94	2004
1649	1	2	270	98	2006
1650	1	2	0	92	2009
1651	2	1	264	94	2004
1652	1	1	276	0	2007
1653	1	1	0	87	2009
1654	1	1	0	0	0
1655	1	1	0	92	2009
1656	2	1	248	89	2004
1657	1	1	281	92	2006
1658	1	1	249	88	2008
1659	1	1	267	0	2007
1660	1	2	275	86	2008
1661	1	1	251	87	2009
1662	2	1	276	87	2004
1663	2	2	249	0	2005
1664	1	2	239	96	2006
1665	1	2	254	87	2009
1666	1	1	0	86	2008
1667	1	1	0	87	2009
1668	1	2	251	92	2007
1669	1	1	281	91	2008
1670	2	1	249	0	2005
1671	1	1	240	0	2009
1672	1	1	254	88	2008
1673	1	1	260	96	2006
1674	2	1	255	0	2005
1675	1	2	275	91	2007
1676	1	2	249	87	2007
1677	1	0	0	0	2008
1678	1	1	271	94	2007
1679	2	1	271	0	2005
1680	1	2	260	91	2009
1681	1	1	282	97	2006
1682	1	1	251	87	2007
1683	1	2	248	86	2009
1684	1	0	0	0	2008
1685	1	0	235	96	2006
1686	1	1	0	95	2009
1687	1	2	249	91	2009
1688	1	1	275	86	2009
1689	1	1	261	95	2006
1690	2	2	251	97	2005
1691	1	2	240	89	2007
1692	1	2	263	88	2008
1693	1	2	254	90	2006
1694	1	2	267	88	2009
1695	2	2	275	0	2005
1696	1	2	249	0	2006
1697	1	1	271	86	2007
1698	2	1	276	90	2004
1699	1	2	244	0	2008
1700	1	1	0	89	2007
1701	1	0	236	90	2007
1702	1	0	249	94	2008
1703	1	2	249	92	2007
1704	1	1	276	90	2008
1705	1	1	240	96	2006
1706	2	1	275	92	2004
1707	2	1	248	89	2003
1708	1	1	0	88	0
1709	1	2	276	91	2008
1710	1	2	0	89	2008
1711	1	1	276	86	2008
1712	1	1	260	90	2007
1713	1	1	0	88	2008
1714	1	1	240	97	2006
1715	2	1	276	97	2005
1716	1	2	251	89	2008
1717	2	1	241	0	2005
1718	1	2	251	91	2009
1719	2	2	0	90	2005
1720	1	1	0	87	2009
1721	2	1	257	0	2005
1722	1	2	275	90	2007
1723	1	1	282	90	2008
1724	2	2	271	0	2005
1725	1	1	276	94	2007
1726	1	1	251	95	2009
1727	1	1	251	96	2005
1728	1	0	267	0	0
1729	1	1	260	95	2007
1730	1	1	276	97	2006
1731	1	2	260	87	2008
1732	1	1	255	91	2008
1733	2	0	238	0	2005
1734	1	1	276	95	2009
1735	1	1	244	95	2009
1736	1	1	248	95	2008
1737	1	2	0	86	2009
1738	1	1	276	89	2009
1739	2	2	275	0	2004
1740	1	2	251	94	2006
1741	2	1	281	89	2004
1742	1	0	0	0	0
1743	1	1	0	87	2008
1744	2	2	248	0	2005
1745	1	2	260	94	2008
1746	1	1	276	89	2009
1747	2	1	255	0	2005
1748	1	1	265	97	2006
1749	1	1	260	95	2006
1750	2	1	267	0	2005
1751	1	1	271	91	2006
1752	1	2	279	97	2006
1753	1	2	276	91	2007
1754	1	2	248	92	2008
1755	1	1	251	87	2008
1756	1	2	238	87	2009
1757	2	2	275	96	2003
1758	1	0	279	0	2007
1759	1	2	238	86	2009
1760	1	1	240	89	2009
1761	1	2	0	91	2009
1762	1	1	276	86	2007
1763	1	0	251	97	2006
1764	1	0	238	92	2008
1765	2	0	248	0	2004
1766	2	2	271	96	0
1767	1	2	281	90	2006
1768	1	1	276	96	2006
1769	2	0	0	0	0
1770	1	2	254	94	2009
1771	1	2	249	92	2008
1772	1	2	270	90	2007
1773	1	1	251	95	2007
1774	1	2	272	88	2008
1775	1	2	0	92	2009
1776	1	1	264	96	2006
1777	1	2	249	94	2009
1778	2	2	270	0	2005
1779	1	1	267	89	2008
1780	2	2	254	0	2004
1781	1	0	0	0	0
1782	1	1	278	91	2008
1783	1	1	276	86	2007
1784	2	1	256	96	2004
1785	1	0	237	91	2006
1786	2	1	271	97	2005
1787	1	1	282	89	2007
1788	1	1	242	96	2006
1789	2	2	251	0	2005
1790	1	1	238	93	2007
1791	1	2	272	92	2007
1792	1	1	279	94	2009
1793	1	1	238	94	2009
1794	1	1	0	0	0
1795	1	2	275	89	2009
1796	1	2	251	94	2008
1797	2	0	0	0	0
1798	2	1	251	96	2005
1799	2	2	275	0	2004
1800	1	2	251	89	2009
1801	1	2	268	92	2008
1802	1	1	235	96	2006
1803	1	2	274	87	2009
1804	1	1	238	0	2009
1805	1	1	0	94	2008
1806	1	2	272	96	2006
1807	1	2	276	89	2008
1808	1	1	0	91	2008
1809	1	1	0	89	2009
1810	1	0	238	0	0
1811	1	2	0	92	2009
1812	1	2	251	0	2008
1813	1	1	249	97	2006
1814	1	1	270	96	2006
1815	1	2	254	92	2006
1816	2	1	276	0	2005
1817	1	1	276	87	2008
1818	1	1	271	94	2008
1819	1	1	249	86	2007
1820	2	1	251	0	2005
1821	1	1	0	91	2009
1822	1	1	276	0	2007
1823	1	1	236	0	2008
1824	1	0	0	0	0
1825	1	2	0	87	2009
1826	2	1	251	0	2005
1827	1	0	238	97	2006
1828	1	2	255	89	2009
1829	2	0	0	0	2005
1830	1	0	0	96	0
1831	1	2	274	91	2007
1832	1	2	254	0	2006
1833	1	2	0	86	2008
1834	2	2	276	0	2005
1835	1	1	276	94	2009
1836	1	2	0	87	2009
1837	1	1	0	90	2009
1838	1	0	0	0	0
1839	1	2	249	94	2007
1840	3	1	250	0	0
1841	1	0	0	0	2007
1842	1	1	276	90	2008
1843	2	0	0	0	0
1844	1	1	251	96	2006
1845	1	1	282	91	2007
1846	2	2	276	90	2005
1847	1	1	241	95	2009
1848	1	2	275	89	2008
1849	1	2	0	88	2008
1850	1	2	275	92	2009
1851	1	1	237	0	2006
1852	1	1	260	95	2008
1853	3	0	0	0	0
1854	2	2	251	0	2004
1855	1	2	251	90	2007
1856	1	1	241	95	2009
1857	2	1	276	94	0
1858	1	2	238	96	2006
1859	1	1	246	0	2009
1860	1	1	251	92	2007
1861	1	2	0	89	2008
1862	1	2	275	90	2007
1863	1	1	254	96	2006
1864	2	1	275	0	2005
1865	1	1	241	92	2009
1866	2	1	253	0	2005
1867	1	2	275	87	2008
1868	1	2	251	97	2006
1869	1	0	0	0	0
1870	1	2	286	90	2008
1871	1	2	246	0	2007
1872	1	2	276	88	2009
1873	1	2	275	90	2008
1874	1	1	270	95	2007
1875	1	1	249	95	2007
1876	1	2	251	0	2006
1877	1	1	0	91	2009
1878	1	2	0	0	2008
1879	1	0	0	0	0
1880	2	1	253	97	2005
1881	1	1	240	91	2007
1882	1	1	282	96	2006
1883	1	1	0	86	2008
1884	1	1	0	87	2008
1885	1	2	277	91	2009
1886	2	1	263	0	2004
1887	1	2	272	87	2007
1888	1	1	251	87	2009
1889	1	2	271	91	2007
1890	1	1	0	94	2009
1891	1	2	275	88	2007
1892	1	1	251	97	2006
1893	1	1	263	97	2006
1894	2	1	242	0	2005
1895	1	2	276	88	2009
1896	2	1	281	91	2005
1897	1	1	270	88	2009
1898	1	1	0	92	2009
1899	1	1	0	95	2009
1900	1	2	254	89	2008
1901	1	1	271	90	2007
1902	2	2	275	97	2004
1903	1	2	274	94	2008
1904	2	1	267	0	2005
1905	1	1	0	89	2009
1906	1	1	248	90	2007
1907	1	1	251	97	2006
1908	1	2	0	92	2009
1909	1	1	249	92	2007
1910	1	2	0	87	2009
1911	2	2	241	0	2005
1912	1	2	0	92	2009
1913	1	1	278	95	2007
1914	2	1	282	0	2005
1915	1	1	240	91	2009
1916	1	2	244	88	2007
1917	1	2	235	0	2006
1918	1	1	275	89	2009
1919	1	1	238	96	2006
1920	2	0	0	86	2004
1921	1	1	276	87	2007
1922	2	1	251	92	1976
1923	1	2	254	94	2009
1924	1	0	238	86	2006
1925	1	0	236	91	2006
1926	1	1	251	88	2007
1927	1	2	237	89	2007
1928	1	1	0	95	2008
1929	2	0	254	96	2005
1930	1	2	249	89	2008
1931	1	2	254	96	2005
1932	2	2	251	0	2005
1933	1	2	249	88	2009
1934	1	2	0	92	2009
1935	1	1	241	97	2006
1936	1	1	276	0	2006
1937	1	1	248	92	2008
1938	1	2	241	94	2006
1939	1	1	276	94	2006
1940	1	2	0	92	2009
1941	1	1	251	86	2008
1942	2	2	246	0	2004
1943	1	1	249	95	2006
1944	1	2	0	91	2009
1945	1	1	237	0	2005
1946	1	2	0	90	2009
1947	1	2	241	90	2008
1948	1	1	249	88	2009
1949	1	2	238	87	2006
1950	1	1	238	89	2008
1951	1	2	0	91	2009
1952	2	2	272	0	2005
1953	2	1	271	97	2005
1954	2	1	241	0	2005
1955	1	1	251	92	2008
1956	1	1	271	88	2009
1957	1	1	236	97	2006
1958	1	2	249	94	2009
1959	2	2	260	0	2004
1960	1	1	0	94	2008
1961	1	1	282	96	2006
1962	1	1	0	94	2008
1963	1	2	237	90	2009
1964	2	0	0	0	0
1965	2	1	236	0	2005
1966	1	0	0	0	0
1967	1	1	0	86	2009
1968	1	2	276	0	2006
1969	1	1	276	87	2007
1970	1	1	251	94	2009
1971	1	2	248	89	2007
1972	1	1	242	92	2008
1973	1	1	0	95	2008
1974	2	1	254	0	2005
1975	1	2	242	86	2009
1976	1	1	276	91	2007
1977	1	1	0	95	2009
1978	1	1	0	89	2008
1979	1	1	274	97	2006
1980	1	1	251	86	0
1981	2	1	271	0	2005
1982	1	1	260	95	2007
1983	1	1	275	88	2009
1984	1	1	0	90	2009
1985	1	1	238	88	2008
1986	2	1	260	96	2005
1987	2	1	275	0	0
1988	1	2	274	88	2007
1989	1	1	275	90	2009
1990	1	2	271	94	2008
1991	1	1	237	90	2007
1992	2	0	0	0	0
1993	1	1	242	94	2007
1994	2	2	275	0	2005
1995	1	1	254	91	2006
1996	1	2	249	98	2006
1997	1	1	238	90	2007
1998	1	1	266	86	2009
1999	1	1	0	95	2009
2000	1	1	277	92	2008
2001	1	2	275	92	2009
2002	1	2	254	91	2008
2003	1	1	248	87	2009
2004	2	1	249	88	2003
2005	1	1	0	92	2008
2006	1	2	284	91	2009
2007	1	2	241	90	2007
2008	2	2	238	98	2005
2009	1	1	236	92	2008
2010	1	2	250	87	2009
2011	1	0	0	91	0
2012	2	2	276	94	2004
2013	1	1	0	92	2009
2014	1	2	249	94	2009
2015	1	1	257	90	2007
2016	1	1	248	87	2008
2017	1	1	0	87	2009
2018	1	1	276	88	2006
2019	1	2	275	89	2007
2020	2	1	238	0	2005
2021	1	2	246	94	2008
2022	1	2	249	97	2006
2023	1	2	0	94	2009
2024	1	2	255	96	2006
2025	1	0	0	0	2008
2026	1	0	0	86	2007
2027	1	2	243	86	2008
2028	1	1	236	97	2006
2029	1	0	255	0	0
2030	2	2	279	0	2005
2031	1	1	0	94	2008
2032	1	1	253	98	2006
2033	1	2	275	0	2007
2034	1	1	249	96	2006
2035	1	2	257	93	2007
2036	1	2	249	91	2008
2037	1	2	282	89	2007
2038	2	2	263	0	2005
2039	1	2	0	92	2008
2040	1	1	241	90	2008
2041	1	2	254	93	2006
2042	2	2	249	98	2005
2043	1	1	0	86	2009
2044	1	1	0	87	2008
2045	2	2	241	0	2005
2046	2	0	0	0	0
2047	1	1	241	94	2008
2048	1	2	0	89	2007
2049	1	2	275	94	2008
2050	1	1	275	98	2006
2051	1	2	251	94	2007
2052	1	2	267	89	2007
2053	1	1	0	94	2009
2054	1	1	276	97	2006
2055	1	1	0	0	2009
2056	1	0	284	88	2007
2057	1	1	251	92	2008
2058	1	1	276	94	2007
2059	1	0	0	94	2009
2060	1	1	271	97	2006
2061	1	1	249	95	2008
2062	1	2	254	90	2007
2063	1	2	268	94	2008
2064	1	1	0	94	2009
2065	1	2	251	86	2009
2066	1	2	275	88	2007
2067	1	1	251	0	2007
2068	1	2	272	97	2006
2069	1	1	263	95	2009
2070	2	2	251	0	2005
2071	1	2	267	88	2008
2072	1	1	238	95	2008
2073	1	1	0	89	2009
2074	1	2	272	86	2007
2075	2	1	270	87	0
2076	1	1	253	97	2006
2077	1	1	270	97	2006
2078	1	0	281	0	2006
2079	2	0	251	0	2005
2080	2	1	241	95	2004
2081	1	2	251	91	0
2082	1	1	263	96	2006
2083	2	1	249	94	0
2084	2	1	275	96	2005
2085	1	1	266	97	2006
2086	1	2	268	94	2007
2087	1	1	263	90	2007
2088	1	1	268	90	2007
2089	1	1	268	90	2009
2090	1	1	249	87	2007
2091	1	2	244	0	2008
2092	1	1	241	97	2006
2093	1	1	267	94	2007
2094	1	2	275	86	2007
2095	1	1	279	86	2009
2096	2	2	251	0	2005
2097	1	1	276	94	2007
2098	1	2	276	90	2006
2099	2	1	283	95	2004
2100	1	1	248	94	2009
2101	1	2	276	0	2007
2102	1	1	0	89	2009
2103	1	0	0	89	0
2104	2	1	235	95	1995
2105	1	2	0	94	2009
2106	1	1	251	92	2007
2107	1	1	0	87	2009
2108	1	1	0	94	2009
2109	3	2	242	0	0
2110	1	2	246	88	2008
2111	1	0	267	97	2006
2112	1	1	248	95	2008
2113	4	0	0	0	0
2114	1	1	260	95	2006
2115	1	2	251	94	2007
2116	2	2	275	87	2004
2117	1	2	237	90	2009
2118	1	1	277	0	2006
2119	1	1	281	97	2006
2120	1	1	0	94	2009
2121	1	1	253	96	2006
2122	1	2	243	92	2008
2123	2	2	254	0	2005
2124	1	2	251	89	2008
2125	1	2	0	92	2008
2126	1	1	238	90	2009
2127	1	2	238	92	2007
2128	1	2	251	94	2007
2129	1	2	0	86	2008
2130	1	1	276	94	2008
2131	1	1	0	88	2009
2132	1	1	0	89	2009
2133	1	1	240	94	2009
2134	2	2	249	0	2005
2135	1	2	251	87	2008
2136	1	2	272	94	2008
2137	1	1	266	95	2007
2138	1	0	0	0	2007
2139	1	2	276	91	2007
2140	1	1	237	97	2006
2141	1	1	0	94	2009
2142	1	2	242	87	2007
2143	2	1	259	0	2005
2144	2	2	270	96	2005
2145	1	1	0	89	2008
2146	2	2	279	0	1998
2147	1	1	276	86	2008
2148	2	1	276	0	2005
2149	1	0	0	0	0
2150	1	2	254	90	2008
2151	1	2	249	0	2006
2152	1	1	255	89	2008
2153	1	0	249	88	2007
2154	1	1	260	89	2009
2155	2	1	251	0	2004
2156	1	1	0	90	2009
2157	1	0	0	0	0
2158	1	2	250	87	2009
2159	2	1	0	90	2004
2160	2	2	251	0	2004
2161	1	1	0	87	2009
2162	1	2	0	92	2009
2163	1	2	238	97	2006
2164	1	1	251	0	2009
2165	1	1	0	0	2008
2166	1	2	249	89	2007
2167	2	2	249	96	2005
2168	1	2	275	88	2009
2169	1	2	238	91	2006
2170	1	1	241	89	2007
2171	1	1	267	86	2009
2172	1	1	0	87	2009
2173	1	2	271	89	2007
2174	1	1	251	89	2009
2175	2	1	237	0	2005
2176	1	1	249	0	2006
2177	1	2	254	90	2008
2178	1	1	276	91	2009
2179	1	0	251	94	0
2180	1	1	260	86	2009
2181	1	1	249	92	2009
2182	3	2	251	94	2006
2183	1	2	270	88	2009
2184	2	2	257	96	2005
2185	2	1	241	97	2005
2186	4	2	0	0	0
2187	1	2	0	88	2006
2188	1	1	241	91	2008
2189	1	1	0	89	0
2190	2	2	283	96	2005
2191	1	1	0	91	2008
2192	1	1	0	92	2008
2193	1	1	251	95	2007
2194	2	1	241	0	2005
2195	1	1	276	0	2007
2196	1	1	265	97	2006
2197	1	0	275	90	2007
2198	1	1	264	95	2007
2199	1	2	270	87	2008
2200	1	1	244	90	2007
2201	2	2	251	96	2003
2202	1	1	237	87	2007
2203	1	1	255	94	2008
2204	1	0	0	0	0
2205	2	1	260	88	2004
2206	1	2	268	0	2007
2207	2	0	0	0	0
2208	1	1	251	95	2009
2209	1	1	276	87	2007
2210	1	2	0	94	2008
2211	1	1	0	91	2008
2212	1	1	275	94	2009
2213	1	1	268	86	2008
2214	2	2	0	0	0
2215	1	2	251	87	2007
2216	2	1	275	97	2005
2217	1	0	0	0	0
2218	1	1	260	92	2007
2219	1	1	0	95	2008
2220	1	1	251	98	2006
2221	1	2	241	94	2007
2222	1	1	270	90	2009
2223	1	2	251	92	2007
2224	1	1	260	97	2006
2225	1	0	282	93	2007
2226	1	1	0	87	2008
2227	1	2	272	96	2006
2228	1	1	249	0	0
2229	1	1	248	92	2009
2230	1	2	0	0	2006
2231	1	1	251	97	2006
2232	2	2	272	0	0
2233	1	1	266	89	2007
2234	1	0	238	95	2008
2235	1	2	254	96	2006
2236	1	2	267	89	2009
2237	1	2	279	96	2006
2238	1	1	281	98	2006
2239	1	1	282	91	2009
2240	2	1	248	86	2005
2241	1	1	281	86	2007
2242	1	1	240	88	2008
2243	2	2	272	97	2005
2244	2	2	260	97	2003
2245	1	2	251	96	2006
2246	1	0	0	86	0
2247	1	2	249	87	2007
2248	1	0	260	92	2007
2249	1	1	276	95	2008
2250	1	1	236	96	2006
2251	1	1	0	87	2009
2252	1	1	267	89	2009
2253	1	1	0	91	2009
2254	2	1	269	0	2005
2255	2	1	279	0	2005
2256	1	2	0	92	2009
2257	1	0	275	0	2008
2258	1	1	260	90	2008
2259	1	2	267	94	2008
2260	2	0	277	0	2005
2261	1	1	276	89	2007
2262	1	2	251	0	2005
2263	2	2	275	97	2005
2264	1	1	253	92	2009
2265	1	2	249	97	2006
2266	1	2	274	97	2006
2267	1	1	235	94	2006
2268	1	2	238	96	2006
2269	2	1	277	0	2005
2270	1	2	0	86	2009
2271	1	2	260	86	2008
2272	1	1	238	97	2006
2273	1	2	267	89	2008
2274	1	2	255	97	2006
2275	1	1	271	92	2008
2276	1	1	240	96	2006
2277	5	2	260	86	0
2278	2	1	270	0	2005
2279	2	2	254	0	2005
2280	1	1	254	95	2008
2281	1	2	267	94	2008
2282	1	1	271	96	2006
2283	2	1	282	0	2005
2284	1	1	251	96	2006
2285	1	2	249	88	2007
2286	1	2	260	92	2007
2287	1	2	251	89	2008
2288	1	1	251	0	2007
2289	1	1	236	89	2006
2290	1	1	276	95	2007
2291	1	1	0	86	2008
2292	1	2	278	88	2007
2293	1	1	249	95	2009
2294	1	1	268	89	2008
2295	2	1	238	96	2005
2296	2	0	0	0	0
2297	2	1	246	88	2005
2298	1	1	0	87	2008
2299	2	2	0	89	2004
2300	1	2	254	97	2006
2301	1	1	251	96	2006
2302	1	2	0	88	2009
2303	1	1	251	90	2009
2304	2	1	277	96	2005
2305	1	1	240	86	2007
2306	1	2	0	86	2008
2307	1	1	276	87	2007
2308	1	1	269	92	2009
2309	2	1	276	90	2005
2310	1	2	276	94	2006
2311	1	1	276	94	2007
2312	1	1	276	91	2009
2313	1	1	0	94	2009
2314	1	1	0	94	2009
2315	1	1	282	92	2008
2316	1	0	0	0	0
2317	2	2	267	96	2005
2318	2	1	279	92	2004
2319	1	1	260	89	2008
2320	1	1	260	88	2005
2321	2	2	260	87	2004
2322	2	2	274	0	2005
2323	1	1	248	96	2006
2324	2	2	282	96	2005
2325	1	2	254	96	2006
2326	1	1	0	88	2009
2327	1	0	251	0	0
2328	2	1	249	0	2005
2329	2	2	237	90	2004
2330	1	2	249	88	2009
2331	2	1	242	95	2005
2332	1	1	241	90	2008
2333	2	1	248	96	2005
2334	1	1	251	95	2008
2335	2	1	246	89	2004
2336	1	2	254	87	2009
2337	1	1	246	91	2008
2338	2	0	0	0	0
2339	1	1	0	87	2008
2340	2	1	248	0	2005
2341	1	2	276	94	2008
2342	1	2	251	94	2009
2343	1	1	263	89	2007
2344	1	2	240	97	2006
2345	1	2	253	86	2006
2346	1	2	260	96	2006
2347	1	2	251	92	2009
2348	1	1	237	97	2005
2349	1	1	254	95	2007
2350	2	1	276	0	2005
2351	1	2	260	87	2008
2352	1	1	0	94	2008
2353	1	1	250	96	2006
2354	1	2	0	91	2009
2355	1	1	0	87	2008
2356	1	1	0	94	2009
2357	1	1	271	92	2008
2358	1	1	250	96	2005
2359	1	2	0	0	0
2360	1	1	249	87	2008
2361	1	1	0	86	2008
2362	2	0	0	0	0
2363	1	1	0	94	2009
2364	1	1	248	86	2009
2365	1	0	238	94	2007
2366	1	1	263	89	2008
2367	1	1	0	94	2008
2368	1	2	270	94	2009
2369	2	2	276	97	2005
2370	1	1	243	95	2008
2371	2	1	276	0	2005
2372	1	0	0	0	0
2373	1	1	0	89	2008
2374	2	2	267	0	2005
2375	2	1	238	0	2004
2376	1	0	0	0	0
2377	1	1	260	0	2007
2378	1	1	0	94	2009
2379	1	1	276	92	2007
2380	1	2	251	0	2006
2381	1	1	0	91	2009
2382	1	2	0	89	2009
2383	1	2	0	94	2008
2384	1	2	0	94	2008
2385	1	2	0	94	2009
2386	1	2	249	92	2007
2387	1	1	281	97	2006
2388	2	1	260	0	2005
2389	1	2	0	88	2009
2390	1	1	0	92	2008
2391	1	0	0	0	0
2392	1	1	248	94	2009
2393	1	1	0	91	2009
2394	1	1	277	97	2006
2395	1	2	237	89	2006
2396	2	1	279	87	2004
2397	1	2	254	87	2007
2398	1	2	260	94	2008
2399	2	1	276	0	2005
2400	1	1	0	90	2009
2401	1	2	251	96	2006
2402	1	2	249	88	2008
2403	1	1	0	94	2008
2404	1	1	254	96	2005
2405	2	1	282	0	2005
2406	2	1	281	92	2005
2407	1	2	241	91	2008
2408	1	2	276	87	2009
2409	3	2	272	0	0
2410	2	1	251	0	2005
2411	1	1	275	95	2008
2412	1	1	244	93	2006
2413	2	0	260	0	2005
2414	1	1	276	90	2008
2415	2	0	0	0	2005
2416	1	1	238	87	2008
2417	1	2	263	87	2008
2418	1	1	249	89	2007
2419	1	1	238	0	2006
2420	1	2	256	91	2007
2421	1	1	0	94	2009
2422	1	1	275	88	2007
2423	1	1	260	94	2008
2424	1	1	0	95	2009
2425	1	2	254	86	2006
2426	1	2	274	88	2008
2427	2	2	267	86	2005
2428	1	1	281	87	2007
2429	1	2	249	96	2006
2430	1	2	271	87	2007
2431	1	1	0	0	0
2432	4	1	0	0	0
2433	1	1	267	95	2007
2434	1	2	238	92	2009
2435	1	1	251	90	2009
2436	4	0	0	0	0
2437	1	2	271	97	2005
2438	1	1	260	94	2007
2439	1	1	276	87	2008
2440	2	1	235	0	2004
2441	1	2	260	0	0
2442	1	1	251	91	2008
2443	1	1	260	88	2009
2444	1	2	251	90	2009
2445	2	1	237	96	2004
2446	1	2	276	91	2009
2447	1	2	0	94	2008
2448	2	0	253	96	2005
2449	1	1	0	94	2009
2450	1	1	255	97	2006
2451	1	1	263	96	2005
2452	2	2	260	94	2004
2453	2	0	276	0	2005
2454	2	1	276	97	2005
2455	2	1	274	92	2004
2456	1	1	243	96	2005
2457	1	2	248	92	2007
2458	1	1	248	92	2009
2459	1	1	238	91	2006
2460	2	1	238	97	2005
2461	1	0	238	88	2008
2462	2	1	254	96	2005
2463	1	2	241	0	2009
2464	1	2	281	96	2006
2465	1	1	276	94	2007
2466	1	1	271	96	2006
2467	1	2	239	89	2008
2468	1	1	238	97	2006
2469	1	2	0	86	2008
2470	1	2	260	90	2008
2471	1	1	253	94	2008
2472	1	1	244	97	2006
2473	1	0	0	0	0
2474	1	1	254	91	2007
2475	2	0	263	0	0
2476	1	1	235	97	2006
2477	1	2	0	91	2008
2478	1	2	242	87	2008
2479	1	2	0	89	2008
2480	1	2	248	97	2006
2481	1	1	0	92	2009
2482	1	2	0	89	2009
2483	1	1	0	94	2008
2484	1	1	281	88	2008
2485	2	2	276	87	0
2486	1	1	0	86	2008
2487	1	2	249	91	2007
2488	1	1	238	87	2008
2489	1	1	253	87	2009
2490	1	2	0	89	2008
2491	1	1	251	0	2010
2492	2	2	0	0	0
2493	1	2	249	0	2007
2494	2	1	265	90	2002
2495	3	2	260	90	1991
2496	1	1	0	87	2008
2497	1	2	260	86	2009
2498	2	0	0	0	0
2499	1	1	255	92	2009
2500	2	0	246	0	1998
2501	1	1	271	95	2007
2502	1	2	241	86	2009
2503	1	1	0	92	2008
2504	1	2	285	92	2008
2505	2	2	270	97	2005
2506	2	1	281	96	2005
2507	1	1	251	97	2006
2508	2	1	236	96	2005
2509	1	1	276	87	2007
2510	1	2	249	94	2007
2511	1	1	276	91	2008
2512	1	2	257	86	2007
2513	1	0	0	0	0
2514	1	2	275	97	2006
2515	2	2	260	96	2005
2516	1	0	0	0	2008
2517	1	1	260	0	2006
2518	1	1	0	89	2008
2519	1	2	254	0	2006
2520	1	1	277	89	2009
2521	2	1	239	0	2005
2522	2	1	271	88	2004
2523	1	1	248	90	2007
2524	1	1	0	95	2008
2525	1	2	255	87	2007
2526	1	2	249	96	2006
2527	2	2	263	0	2003
2528	2	0	0	0	0
2529	1	1	275	88	2007
2530	1	1	251	89	2007
2531	1	2	260	96	2006
2532	1	1	254	87	2006
2533	1	1	271	89	2009
2534	1	2	249	96	2005
2535	1	2	238	94	2008
2536	1	1	0	89	2009
2537	1	1	281	92	2008
2538	1	1	275	89	2006
2539	1	1	241	91	2008
2540	2	1	251	97	2005
2541	1	2	254	87	2009
2542	1	0	284	92	2008
2543	1	1	275	97	2006
2544	1	2	0	91	2009
2545	1	1	263	97	2006
2546	1	2	251	94	2007
2547	1	2	238	94	2008
2548	1	0	282	0	0
2549	1	1	251	97	2006
2550	1	2	249	87	2007
2551	1	1	271	87	2008
2552	2	0	0	0	0
2553	1	1	238	94	2006
2554	1	2	0	86	2009
2555	1	2	0	90	2009
2556	1	2	275	91	2008
2557	1	1	0	0	2009
2558	2	1	276	97	2004
2559	1	2	275	94	2008
2560	1	1	241	0	2005
2561	1	1	235	95	2006
2562	5	2	280	0	2005
2563	1	1	0	89	2008
2564	2	1	237	97	2005
2565	1	2	281	94	2007
2566	1	2	275	88	2007
2567	5	2	267	90	2009
2568	1	2	238	90	2007
2569	1	1	0	0	2009
2570	1	2	275	92	2007
2571	1	1	251	94	2009
2572	2	2	272	90	2001
2573	1	1	274	94	2008
2574	1	2	241	92	2008
2575	1	2	267	86	2009
2576	3	2	277	0	0
2577	1	1	238	91	2006
2578	1	0	270	86	2007
2579	1	2	260	97	2005
2580	1	1	242	98	2006
2581	2	2	238	0	2004
2582	1	2	238	0	2006
2583	2	2	0	0	2005
2584	1	2	275	91	2006
2585	1	1	238	87	2008
2586	1	1	0	87	2009
2587	1	1	275	96	2006
2588	1	2	274	97	2006
2589	1	2	238	92	2006
2590	1	1	0	94	2008
2591	1	1	0	95	2009
2592	1	1	275	97	2006
2593	2	1	259	97	2005
2594	1	1	0	89	2008
2595	1	0	238	92	2008
2596	1	2	267	94	2006
2597	1	1	270	91	2008
2598	1	2	0	94	2008
2599	1	2	0	0	2009
2600	1	2	241	88	2008
2601	1	1	254	96	2006
2602	1	2	251	97	2006
2603	1	1	263	86	2008
2604	1	2	271	88	2007
2605	1	1	253	95	2005
2606	1	2	249	86	2007
2607	1	1	251	90	2007
2608	1	2	276	89	2007
2609	2	1	271	0	2005
2610	1	2	268	97	2006
2611	2	2	271	0	2005
2612	1	2	0	89	2008
2613	2	2	251	86	2004
2614	1	2	246	96	2006
2615	1	1	0	95	2008
2616	2	2	275	0	2004
2617	1	2	0	0	2008
2618	2	2	251	0	2005
2619	1	1	251	0	0
2620	1	0	0	0	0
2621	1	2	249	86	2006
2622	1	2	251	91	2006
2623	2	1	279	0	2005
2624	1	1	0	92	2009
2625	1	1	271	89	2007
2626	1	1	276	96	2005
2627	1	2	251	90	2007
2628	2	0	0	0	0
2629	2	1	266	93	2004
2630	1	0	249	0	2007
2631	1	1	235	88	2008
2632	1	1	259	91	2007
2633	1	1	241	88	2008
2634	1	2	0	88	2009
2635	1	1	237	96	2006
2636	2	1	275	0	2005
2637	1	1	251	95	2007
2638	1	2	0	90	2009
2639	1	1	238	91	2007
2640	2	2	276	0	2005
2641	1	0	0	0	0
2642	5	1	279	97	2004
2643	1	1	0	91	2008
2644	1	1	0	86	2009
2645	1	1	0	0	2010
2646	1	0	0	0	0
2647	1	1	275	87	2007
2648	1	1	260	87	2007
2649	1	2	0	89	2008
2650	1	0	238	97	2006
2651	2	1	276	0	2005
2652	2	1	277	0	2005
2653	1	1	253	97	2005
2654	1	2	251	86	2008
2655	1	2	0	89	2009
2656	1	1	0	95	2008
2657	1	1	276	94	2008
2658	1	1	251	97	2006
2659	1	1	260	0	2006
2660	2	1	275	96	2005
2661	2	2	272	0	2005
2662	2	2	275	0	2005
2663	1	1	0	87	2009
2664	1	1	263	95	2009
2665	2	1	277	0	2005
2666	1	1	251	97	2006
2667	1	0	0	0	0
2668	1	2	238	0	2006
2669	1	2	249	96	2007
2670	1	2	0	89	2009
2671	1	1	271	96	2006
2672	1	2	0	87	2009
2673	1	2	248	88	2008
2674	1	2	270	97	2006
2675	1	1	251	87	2007
2676	1	0	0	0	0
2677	1	1	251	96	2006
2678	1	1	253	96	2006
2679	1	0	272	0	2005
2680	1	0	248	88	2009
2681	1	1	271	89	2007
2682	1	1	276	96	2006
2683	1	1	271	97	2006
2684	1	1	281	86	2008
2685	1	1	242	95	2008
2686	1	2	251	86	2007
2687	1	1	276	94	2008
2688	1	2	0	89	2008
2689	2	2	251	0	2004
2690	1	1	0	87	2008
2691	2	2	272	0	2005
2692	1	1	281	97	2006
2693	1	0	249	0	0
2694	1	2	0	87	2009
2695	1	1	0	94	2009
2696	2	2	251	0	2005
2697	2	1	251	98	2005
2698	1	1	251	88	2008
2699	2	1	260	94	2005
2700	1	1	276	96	2006
2701	2	1	276	97	2005
2702	1	2	260	94	2007
2703	2	2	274	87	2004
2704	1	2	256	94	2008
2705	1	1	0	88	2008
2706	1	1	274	89	2008
2707	1	2	0	89	2009
2708	1	1	241	95	2009
2709	2	0	0	0	0
2710	1	1	275	96	2006
2711	1	1	237	92	2008
2712	1	0	0	0	0
2713	2	1	248	89	2005
2714	5	1	276	0	2004
2715	1	1	271	94	2009
2716	1	1	0	87	2008
2717	1	2	251	87	2007
2718	2	2	254	0	0
2719	1	1	0	94	2008
2720	1	1	274	95	2009
2721	1	0	0	0	0
2722	2	1	246	94	2003
2723	1	1	0	87	2009
2724	1	2	255	88	2008
2725	1	1	276	92	2009
2726	2	1	235	97	2005
2727	1	2	254	97	2006
2728	1	2	251	94	2008
2729	2	2	249	0	2005
2730	2	1	270	92	2005
2731	2	2	281	92	0
2732	1	1	284	94	2007
2733	1	1	0	89	2009
2734	1	2	254	94	2007
2735	1	2	257	96	2006
2736	1	2	276	96	2005
2737	1	1	271	0	2006
2738	1	0	277	0	2006
2739	1	2	0	90	2007
2740	1	1	260	97	2006
2741	1	2	249	88	2007
2742	1	2	249	92	2009
2743	1	1	268	94	2007
2744	1	1	0	88	2009
2745	1	2	275	96	2005
2746	1	2	246	97	2005
2747	1	0	0	89	2008
2748	2	1	281	96	2005
2749	1	1	270	95	2008
2750	1	1	243	91	2007
2751	1	1	238	94	2007
2752	1	1	237	89	2007
2753	2	0	236	0	2005
2754	1	2	275	92	2006
2755	1	1	275	0	2007
2756	1	1	255	97	2006
2757	1	0	283	0	0
2758	1	2	276	87	2007
2759	1	1	249	97	2006
2760	1	1	0	92	2008
2761	1	2	267	87	2007
2762	2	1	254	0	0
2763	1	1	271	92	2008
2764	1	1	253	87	2006
2765	2	1	251	0	2005
2766	1	1	276	0	2007
2767	2	1	0	0	0
2768	1	2	0	90	2009
2769	1	1	0	94	2009
2770	2	2	240	89	2005
2771	2	2	275	0	2004
2772	1	1	277	94	2007
2773	1	1	281	88	2006
2774	1	2	281	0	2006
2775	1	1	257	92	2007
2776	2	1	275	96	2005
2777	2	1	260	0	0
2778	1	1	241	92	2007
2779	1	1	275	87	2008
2780	1	2	254	88	2008
2781	2	1	260	0	2005
2782	1	2	271	90	2009
2783	1	0	0	0	0
2784	1	1	235	95	2007
2785	1	2	0	92	2009
2786	1	1	251	96	2006
2787	1	1	272	96	2006
2788	1	2	246	88	2009
2789	1	2	272	89	2009
2790	1	2	254	0	2006
2791	1	2	281	88	2008
2792	1	1	276	94	2009
2793	2	1	272	96	2004
2794	1	1	238	92	2009
2795	2	0	275	0	2005
2796	1	1	260	92	2009
2797	1	1	0	95	2008
2798	1	0	0	93	2008
2799	1	2	267	96	2006
2800	1	1	275	86	2009
2801	1	2	246	87	2007
2802	3	0	0	0	0
2803	1	1	276	89	2007
2804	1	1	268	0	2005
2805	1	1	242	87	2008
2806	2	1	260	0	2005
2807	1	1	0	86	2008
2808	2	1	239	0	2005
2809	1	2	272	94	2009
2810	1	1	0	94	2009
2811	1	1	238	86	2009
2812	1	2	276	98	2006
2813	1	1	238	0	2006
2814	1	2	253	86	2009
2815	1	1	0	90	0
2816	1	1	0	87	2009
2817	1	1	276	89	2009
2818	1	1	254	97	2006
2819	1	1	0	87	2008
2820	1	1	235	89	2007
2821	1	2	238	87	2007
2822	2	1	277	96	2004
2823	1	2	241	91	2008
2824	1	1	276	98	2006
2825	1	0	238	97	2006
2826	1	1	260	89	2009
2827	1	1	241	86	2009
2828	1	2	270	90	2007
2829	2	1	0	0	0
2830	1	1	241	94	2008
2831	1	1	0	88	2009
2832	2	2	272	0	2005
2833	2	1	251	98	2005
2834	1	2	240	94	2008
2835	1	1	0	89	2008
2836	1	1	276	96	2006
2837	1	0	279	87	2007
2838	1	1	275	92	2009
2839	1	0	0	86	2008
2840	2	1	279	0	2005
2841	1	1	275	95	0
2842	2	2	241	97	2005
2843	2	2	275	0	2005
2844	1	2	0	88	2005
2845	1	2	0	87	2008
2846	1	1	241	90	2009
2847	2	1	251	0	2005
2848	2	0	254	0	2005
2849	1	1	248	95	2008
2850	1	2	0	86	2009
2851	2	1	260	89	2004
2852	1	1	251	91	2007
2853	1	1	0	92	2007
2854	2	2	236	96	2005
2855	1	1	238	87	2008
2856	1	1	275	92	2009
2857	1	2	0	89	2008
2858	2	0	0	87	2004
2859	2	2	251	98	2005
2860	1	2	243	86	2009
2861	1	1	256	94	2007
2862	1	2	278	96	2006
2863	1	1	249	92	2009
2864	2	2	237	0	2005
2865	1	1	0	0	2008
2866	1	2	270	86	2007
2867	1	1	275	94	2009
2868	1	2	275	86	2009
2869	1	1	269	86	2006
2870	2	2	281	0	2005
2871	1	1	263	88	2007
2872	1	2	0	94	2009
2873	1	1	0	91	2009
2874	1	2	275	97	2006
2875	2	1	281	97	2005
2876	1	1	249	0	2006
2877	1	1	251	0	2006
2878	1	1	249	88	2009
2879	1	1	276	86	2008
2880	2	1	271	97	2005
2881	1	1	240	89	2007
2882	2	2	276	89	2004
2883	1	2	0	86	2008
2884	1	1	267	92	2008
2885	2	1	263	97	2005
2886	1	1	263	0	2006
2887	1	1	271	96	2006
2888	1	1	260	94	2007
2889	1	1	249	88	2008
2890	2	1	276	86	2003
2891	2	1	238	0	2005
2892	1	1	251	96	0
2893	2	1	285	0	2005
2894	1	0	0	0	0
2895	1	2	244	88	2006
2896	1	1	276	90	2007
2897	0	1	0	0	2005
2898	1	1	263	0	2009
2899	1	1	251	90	2009
2900	1	1	272	97	2006
2901	1	1	260	91	2009
2902	1	1	242	92	2008
2903	2	2	276	96	2005
2904	1	1	263	88	2007
2905	1	1	0	88	2008
2906	1	2	249	94	2007
2907	1	1	251	90	2007
2908	4	1	0	0	0
2909	4	0	0	0	0
2910	1	2	251	86	2007
2911	1	1	263	94	2008
2912	2	1	275	0	2005
2913	1	2	255	96	2006
2914	1	0	276	88	2008
2915	1	2	249	89	0
2916	1	2	263	86	2009
2917	1	1	259	89	2009
2918	1	1	0	89	2008
2919	1	1	248	96	2006
2920	1	1	251	89	2008
2921	2	1	275	0	2005
2922	2	2	235	0	0
2923	1	1	241	94	2008
2924	1	2	260	86	2007
2925	2	1	275	0	2005
2926	1	1	238	94	2009
2927	1	2	249	98	2006
2928	1	1	260	86	2008
2929	1	2	256	97	2006
2930	1	1	275	0	2007
2931	1	2	275	91	2007
2932	2	1	251	0	2005
2933	1	1	0	89	2007
2934	1	2	260	97	2006
2935	2	0	251	97	2005
2936	1	1	265	96	2006
2937	2	1	276	0	2004
2938	1	0	0	0	0
2939	1	0	242	87	2008
2940	1	2	282	94	2006
2941	2	1	282	97	2005
2942	2	1	0	0	2005
2943	1	1	237	91	2008
2944	2	1	241	92	2005
2945	1	1	240	91	2006
2946	1	1	236	97	2006
2947	1	1	240	95	2007
2948	2	1	0	0	2005
2949	1	1	251	90	2007
2950	1	0	253	93	2007
2951	2	1	236	0	2004
2952	2	1	281	92	2005
2953	2	2	260	88	2004
2954	2	2	249	0	2005
2955	1	1	282	97	2005
2956	1	2	238	0	2006
2957	2	1	254	97	2005
2958	2	1	275	86	2003
2959	1	1	276	96	2006
2960	2	1	236	96	2005
2961	1	1	265	87	2009
2962	1	2	271	94	2006
2963	1	2	241	86	2008
2964	1	0	238	97	2006
2965	1	1	271	0	2007
2966	2	1	282	0	2005
2967	1	0	238	96	2006
2968	1	1	281	96	2006
2969	1	1	237	92	2007
2970	1	1	286	92	2007
2971	1	1	238	94	2009
2972	1	2	236	97	2006
2973	1	1	0	90	2008
2974	1	1	0	88	2009
2975	1	0	0	0	0
2976	2	1	282	97	2005
2977	1	1	0	95	2008
2978	1	2	260	91	2009
2979	1	0	283	90	2008
2980	1	1	251	97	2006
2981	1	2	242	96	2006
2982	1	1	276	88	2009
2983	1	2	249	94	2007
2984	1	1	237	90	2008
2985	1	1	0	95	2009
2986	1	0	0	0	0
2987	1	2	0	94	2008
2988	1	1	284	96	2006
2989	2	1	276	97	2005
2990	1	1	248	94	2007
2991	1	2	274	86	2007
2992	1	1	0	91	2008
2993	1	1	281	87	2007
2994	1	1	271	89	2007
2995	1	1	236	94	2007
2996	1	1	278	0	0
2997	1	1	267	94	2008
2998	1	2	279	86	2007
2999	1	1	237	88	2007
3000	1	0	248	90	2006
3001	2	1	238	0	0
3002	2	2	251	0	2005
3003	1	2	0	0	2009
3004	1	2	275	86	2006
3005	1	2	275	86	2009
3006	1	1	275	96	2006
3007	1	2	0	89	2009
3008	1	2	251	96	2006
3009	1	2	266	86	2007
3010	1	1	268	88	2007
3011	2	1	257	0	2004
3012	1	1	241	96	2006
3013	1	1	240	97	2006
3014	2	1	251	0	2005
3015	1	1	254	0	2007
3016	1	1	257	95	2008
3017	1	2	249	87	2007
3018	2	0	0	0	0
3019	2	2	251	0	2004
3020	2	2	243	97	2005
3021	1	1	251	91	2006
3022	1	0	0	0	0
3023	1	1	276	94	2007
3024	1	2	246	88	2008
3025	1	2	0	86	2009
3026	2	1	241	97	2004
3027	1	1	260	89	2008
3028	1	0	0	0	2008
3029	1	1	270	92	2007
3030	1	1	251	88	2008
3031	1	2	0	91	2008
3032	1	1	253	91	2007
3033	1	2	240	96	2006
3034	1	1	260	97	2006
3035	1	2	0	0	2009
3036	1	1	271	89	2008
3037	1	1	248	87	2009
3038	1	0	277	91	2007
3039	1	1	0	91	2009
3040	1	0	0	0	0
3041	1	2	275	90	2008
3042	1	1	284	98	2006
3043	2	1	275	0	2005
3044	1	0	284	96	2006
3045	2	1	281	0	2004
3046	1	1	251	94	2007
3047	1	1	238	91	2009
3048	1	1	248	90	2008
3049	1	1	275	94	2009
3050	1	0	0	0	0
3051	1	1	282	94	2007
3052	1	1	266	91	2007
3053	2	2	243	92	2004
3054	2	1	244	96	2005
3055	1	1	251	91	2007
3056	1	2	248	94	2006
3057	1	1	263	0	0
3058	1	1	0	0	2009
3059	1	2	279	94	2008
3060	1	1	255	91	2006
3061	4	2	0	0	0
3062	1	1	244	96	2006
3063	1	2	0	94	2008
3064	1	2	275	96	2006
3065	1	1	243	96	2006
3066	1	2	274	86	2009
3067	2	2	254	89	2007
3068	1	1	0	86	2008
