id	status	gender	major	dorm	year
1	1	1	0	44	2008
2	1	1	96	0	2006
3	1	1	63	50	2006
4	1	1	90	40	2008
5	1	1	90	32	2007
6	1	1	51	40	2008
7	2	1	63	43	2003
8	2	1	63	0	2005
9	1	1	107	0	2007
10	4	1	96	0	2006
11	1	1	62	35	2007
12	1	1	0	32	2007
13	1	1	83	0	2006
14	1	1	90	46	2008
15	1	1	76	50	2006
16	2	1	65	41	2005
17	1	1	96	39	0
18	1	1	75	42	2007
19	1	1	58	41	2008
20	1	1	0	44	2008
21	1	1	95	31	0
22	2	1	95	0	2005
23	1	1	75	48	2006
24	1	1	95	41	0
25	1	1	51	40	2009
26	2	1	51	0	2004
27	1	1	107	40	2007
28	2	1	63	0	2004
29	1	1	95	0	2006
30	2	1	63	0	2004
31	1	1	95	33	2009
32	2	0	0	0	0
33	1	1	63	34	0
34	1	1	95	0	0
35	1	1	46	33	2007
36	1	1	47	0	0
37	2	1	0	0	2004
38	1	1	73	31	2006
39	1	1	63	39	2007
40	2	1	51	0	2004
41	1	1	0	42	2008
42	1	1	75	41	2006
43	2	1	65	0	2005
44	2	0	95	0	2004
45	2	1	92	0	2005
46	1	1	51	47	2006
47	2	0	96	0	2004
48	1	1	75	40	2008
49	2	1	50	45	2003
50	1	1	90	40	2007
51	1	1	50	48	2007
52	1	1	96	0	2006
53	1	1	51	31	2009
54	1	1	76	34	2006
55	1	1	59	34	2008
56	1	1	76	46	2008
57	1	1	92	0	2005
58	1	1	100	39	2006
59	1	1	63	0	2006
60	2	1	59	41	2005
61	2	0	47	0	2001
62	1	1	96	0	2007
63	1	1	76	41	2008
64	1	1	95	0	2007
65	1	1	50	41	2008
66	2	1	65	0	2005
67	2	1	88	0	2005
68	1	1	107	39	2008
69	1	1	51	32	2008
70	1	1	86	0	2006
71	2	1	65	0	2004
72	1	1	63	41	2006
73	1	1	92	48	2007
74	1	1	99	0	2007
75	1	1	96	0	2008
76	1	1	90	44	2009
77	1	1	95	0	2006
78	2	1	0	0	2005
79	1	1	63	31	2008
80	1	1	0	0	2007
81	2	0	90	34	2004
82	1	0	0	44	2008
83	5	1	0	0	2003
84	1	1	75	42	2008
85	1	1	63	43	2006
86	1	1	107	52	2006
87	1	1	95	37	2009
88	1	1	52	0	2007
89	2	1	75	0	2005
90	1	1	67	33	2008
91	2	1	95	0	2005
92	1	1	63	35	2008
93	1	1	0	39	2009
94	2	1	47	0	2005
95	2	1	95	0	2004
96	2	1	96	0	2004
97	1	1	86	34	2007
98	1	1	92	42	2006
99	1	1	65	0	2006
100	2	1	63	0	2004
101	1	1	95	37	2009
102	1	1	63	0	2007
103	1	1	0	0	2007
104	1	1	0	37	0
105	2	1	51	0	2005
106	2	1	65	48	2004
107	1	1	95	47	2006
108	1	1	63	40	2007
109	1	1	96	0	2007
110	2	1	95	0	2004
111	1	1	76	33	2009
112	2	1	65	0	2005
113	1	0	0	0	0
114	1	1	95	41	2006
115	1	1	96	0	2008
116	1	1	105	33	2006
117	1	1	49	48	0
118	1	1	0	32	2005
119	1	1	96	41	2008
120	1	1	63	33	2007
121	2	1	54	0	2004
122	1	1	76	42	2008
123	1	1	96	0	2007
124	2	1	52	34	2005
125	1	1	75	42	2006
126	1	1	66	43	2006
127	1	1	50	42	2008
128	2	1	95	48	2005
129	1	1	95	33	2007
130	1	1	63	40	2006
131	2	0	51	0	2005
132	2	1	86	0	2003
133	2	1	76	0	2003
134	1	1	96	0	2007
135	2	1	86	31	2001
136	1	1	0	39	2008
137	2	1	76	47	2003
138	1	0	0	0	0
139	1	1	0	43	2008
140	1	1	91	46	2006
141	1	1	75	47	2009
142	1	1	46	39	2008
143	2	1	62	0	2005
144	1	1	65	32	2008
145	2	1	76	0	2005
146	2	1	73	0	2004
147	1	1	0	31	2008
148	1	1	0	0	2007
149	1	1	51	40	2009
150	1	1	90	34	2008
151	1	1	0	47	2008
152	1	1	0	42	2009
153	1	1	90	32	2008
154	1	1	52	37	2006
155	2	1	63	0	2004
156	1	1	0	37	0
157	1	1	95	37	2006
158	2	1	92	0	2005
159	1	1	77	35	2008
160	1	1	66	33	2008
161	1	1	75	46	2006
162	1	1	0	40	2009
163	3	1	105	0	0
164	1	1	96	31	2007
165	1	0	65	0	0
166	1	1	51	34	2009
167	1	1	102	32	2008
168	2	1	65	34	2005
169	1	1	63	0	2006
170	2	1	100	0	2004
171	1	1	105	48	2008
172	2	1	53	47	2004
173	2	1	51	0	2004
174	1	1	95	44	2007
175	1	1	50	33	2008
176	2	1	96	0	2005
177	1	1	67	48	2009
178	1	1	0	32	2009
179	1	0	0	0	0
180	1	1	51	0	2007
181	1	1	90	47	2008
182	1	1	50	31	0
183	1	1	46	48	2007
184	1	1	63	47	2005
185	1	1	90	42	0
186	1	1	76	33	2007
187	1	1	87	36	2009
188	1	1	67	46	2009
189	1	1	0	40	2008
190	1	1	51	32	2008
191	1	1	96	44	2008
192	1	1	76	38	2006
193	1	1	43	46	2007
194	1	1	102	46	2007
195	1	0	95	41	0
196	2	0	96	0	2005
197	1	0	89	46	2008
198	1	1	0	44	2009
199	1	0	46	0	0
200	1	1	76	0	2006
201	1	1	51	47	0
202	1	1	42	35	2006
203	1	1	52	46	2007
204	1	1	46	38	2006
205	1	1	47	33	2005
206	1	0	55	0	2006
207	1	1	55	42	2007
208	1	1	52	39	2006
209	1	1	102	41	2009
210	1	1	50	46	2008
211	1	1	60	39	0
212	1	1	51	46	2009
213	2	1	63	35	2005
214	2	1	94	0	2005
215	1	1	107	31	2008
216	1	1	0	0	2008
217	1	1	65	33	2006
218	1	1	108	31	2006
219	2	1	108	0	2004
220	1	1	47	32	2008
221	2	1	67	0	2005
222	1	1	96	34	2007
223	1	1	75	33	2007
224	2	1	100	34	1998
225	1	1	0	46	2009
226	1	1	52	34	2007
227	2	1	65	52	2004
228	2	0	0	0	0
229	1	1	108	33	2006
230	1	1	88	33	2007
231	1	1	47	43	2006
232	1	1	0	41	2009
233	1	1	0	39	2009
234	1	1	63	42	2007
235	1	1	51	39	2007
236	2	1	96	0	2005
237	1	1	65	47	2007
238	1	1	0	46	2008
239	1	1	0	0	2007
240	2	1	0	0	2005
241	1	1	52	46	2009
242	1	1	69	36	2008
243	2	1	62	0	2004
244	2	1	43	0	2004
245	2	1	92	0	2005
246	1	1	107	0	2006
247	2	1	104	39	2004
248	2	0	43	0	2002
249	1	1	0	46	0
250	1	1	65	0	2006
251	1	0	63	0	2006
252	1	1	65	37	2009
253	1	1	51	39	2008
254	1	1	95	41	2009
255	1	1	0	0	2009
256	4	1	0	0	0
257	1	1	0	48	2009
258	1	1	76	36	2007
259	2	1	0	0	2003
260	1	1	0	33	2008
261	1	1	90	44	2008
262	1	1	0	41	2008
263	1	1	76	36	2009
264	1	0	0	0	0
265	1	1	63	31	2009
266	1	1	76	48	2009
267	2	1	76	0	2005
268	1	1	63	0	2007
269	1	1	49	39	2006
270	1	1	0	0	2008
271	1	1	0	37	2007
272	1	0	95	0	0
273	1	1	0	40	2009
274	1	1	99	0	2006
275	1	1	76	38	2007
276	1	1	60	41	2009
277	1	1	0	41	2009
278	1	1	95	41	2009
279	1	1	0	49	2008
280	2	1	63	0	2007
281	1	0	90	0	2006
282	1	0	0	0	0
283	1	1	69	42	2006
284	2	1	96	0	2004
285	1	1	0	42	2007
286	2	1	95	43	2005
287	2	1	63	0	2004
288	1	1	63	32	0
289	1	1	63	0	0
290	2	1	90	33	2003
291	2	1	95	0	2005
292	1	1	63	0	2006
293	1	1	0	33	2009
294	1	1	96	0	2006
295	2	1	76	0	2005
296	1	1	0	34	2008
297	1	0	0	0	0
298	1	1	76	33	2008
299	1	1	63	40	2006
300	1	1	90	44	2007
301	1	1	96	41	2006
302	1	1	76	33	2006
303	5	1	65	0	2004
304	1	1	95	34	2007
305	1	1	96	41	2006
306	1	1	61	44	2009
307	1	0	0	32	2008
308	2	1	104	0	2003
309	1	1	75	41	2006
310	1	1	89	33	2006
311	1	1	60	37	2007
312	1	1	0	37	2008
313	1	0	0	0	0
314	1	1	66	31	2008
315	1	1	79	33	2008
316	1	1	0	34	2009
317	1	1	63	31	2009
318	1	1	0	40	2008
319	1	1	96	40	2006
320	2	1	65	0	2005
321	1	0	0	0	0
322	1	1	0	33	2009
323	1	1	51	36	2009
324	1	1	0	31	2009
325	2	1	95	0	2005
326	1	1	55	31	0
327	1	1	47	41	2008
328	1	1	0	39	2009
329	1	1	95	42	2009
330	1	1	75	0	2005
331	2	1	107	47	2004
332	1	1	65	40	2009
333	2	0	0	0	2005
334	1	1	0	0	0
335	1	1	94	47	2008
336	2	1	96	34	2000
337	1	0	0	0	0
338	1	1	78	0	2006
339	1	1	75	41	2009
340	1	1	76	45	2007
341	2	1	55	0	2004
342	1	1	55	35	2006
343	2	1	62	0	2005
344	2	1	65	0	2003
345	1	1	76	40	2007
346	1	1	63	0	2004
347	1	1	52	41	2007
348	1	1	0	32	0
349	1	1	50	44	2007
350	1	1	0	34	2009
351	1	1	0	47	2009
352	1	1	63	39	2007
353	2	1	95	0	2005
354	2	1	96	0	2005
355	1	1	103	46	2008
356	1	1	95	42	2009
357	1	1	95	46	2009
358	1	0	65	34	2006
359	1	1	57	32	2007
360	2	1	61	43	2005
361	1	1	0	0	0
362	2	1	95	48	2005
363	1	1	52	34	2007
364	1	1	51	33	2009
365	1	1	63	33	2009
366	1	1	87	0	2007
367	1	1	51	31	0
368	1	1	0	46	2008
369	1	1	79	34	2008
370	1	1	76	35	2009
371	1	1	76	35	2009
372	1	1	76	44	2009
373	2	1	105	53	2005
374	1	0	95	47	2007
375	1	1	0	32	2008
376	1	1	98	39	2009
377	2	1	86	46	2005
378	1	1	76	40	2007
379	2	1	78	33	2005
380	1	1	90	40	2009
381	1	0	0	0	0
382	1	1	75	48	2007
383	1	1	96	41	2007
384	1	1	51	35	2008
385	5	1	102	0	2005
386	2	1	95	0	2005
387	1	1	44	31	2007
388	1	0	0	0	0
389	1	0	0	0	0
390	1	0	0	0	0
391	2	1	95	49	2005
392	1	1	0	33	2008
393	2	1	58	0	2003
394	2	1	63	0	2005
395	2	0	0	0	0
396	1	1	95	47	2006
397	1	0	96	0	0
398	2	1	98	0	2005
399	2	1	90	0	2005
400	2	1	51	0	2004
401	2	1	63	0	2005
402	1	1	90	34	2006
403	1	1	46	0	2007
404	1	1	108	46	2006
405	1	1	46	32	2007
406	2	1	50	0	2005
407	1	0	0	0	0
408	2	1	65	39	2005
409	4	1	107	0	0
410	1	1	65	48	2006
411	1	1	51	36	2007
412	1	1	107	40	2009
413	1	1	96	39	2006
414	1	0	0	39	2009
415	1	1	108	48	2006
416	2	1	50	47	2004
417	1	1	96	0	0
418	1	1	0	41	2008
419	2	1	62	48	2004
420	1	0	0	0	0
421	1	0	65	43	2006
422	1	1	75	35	2008
423	1	1	65	0	2007
424	1	1	76	32	2009
425	1	1	61	44	2009
426	2	1	63	0	2004
427	1	1	55	36	2008
428	1	1	0	0	2008
429	1	1	82	0	2006
430	1	1	0	39	2008
431	1	1	65	32	2007
432	1	1	90	0	2008
433	1	1	0	44	2008
434	1	1	0	40	2009
435	1	1	105	42	2005
436	1	1	108	31	2008
437	1	0	0	0	0
438	1	1	87	0	2007
439	1	1	75	45	2006
440	1	2	0	0	2006
441	1	1	95	0	2007
442	2	1	66	0	2005
443	1	1	86	44	2008
444	1	1	76	34	0
445	1	1	76	40	2009
446	1	1	0	33	2009
447	1	1	102	42	2006
448	1	1	95	32	2008
449	1	1	63	33	2006
450	1	1	91	46	2009
451	1	1	76	40	2009
452	1	2	94	0	2008
453	2	1	96	0	2002
454	2	1	102	0	2004
455	1	1	52	31	2008
456	2	1	96	0	2005
457	1	1	89	49	2008
458	1	1	95	53	2007
459	1	2	44	0	2006
460	1	1	62	42	2006
461	2	1	67	0	2005
462	1	1	0	33	2008
463	1	1	65	31	2008
464	2	0	0	0	0
465	1	1	63	35	2008
466	2	1	63	0	2005
467	1	1	91	35	2008
468	1	1	103	31	2008
469	2	1	95	0	2005
470	2	1	76	0	2004
471	2	1	0	49	2004
472	1	1	60	0	2005
473	2	0	66	0	2005
474	1	1	51	46	2009
475	1	1	65	33	2009
476	2	1	0	0	2002
477	1	1	50	44	2006
478	2	1	55	0	2005
479	1	1	0	41	2008
480	1	0	0	0	0
481	1	1	76	33	2009
482	1	1	83	42	2006
483	1	1	51	0	2007
484	2	1	96	34	2004
485	1	1	75	34	2008
486	1	1	86	40	2009
487	2	0	76	0	2003
488	1	1	76	39	2006
489	2	1	75	0	2005
490	1	1	0	40	2009
491	1	0	105	37	2007
492	2	1	96	0	2005
493	1	1	103	31	2007
494	1	1	63	48	2006
495	1	1	51	49	2006
496	2	1	65	0	2005
497	1	1	0	0	2009
498	2	1	63	0	2004
499	2	1	63	0	2005
500	1	1	0	33	2009
501	1	1	0	0	2007
502	3	2	65	45	0
503	2	1	65	0	0
504	1	1	95	31	2009
505	1	1	89	0	0
506	1	1	51	42	2007
507	1	1	52	35	2007
508	1	1	63	44	2006
509	2	1	90	0	2005
510	1	1	65	0	2007
511	1	1	51	41	2008
512	1	1	0	0	2008
513	2	0	96	0	2005
514	1	1	92	44	2006
515	2	1	105	0	2004
516	2	1	95	0	2004
517	2	1	51	0	2005
518	2	1	83	0	2004
519	2	1	63	0	2005
520	1	1	65	34	2005
521	1	1	91	48	2009
522	2	1	62	0	2005
523	2	1	63	34	2000
524	1	1	75	46	2008
525	2	0	0	0	0
526	1	1	92	39	2008
527	1	1	63	37	2006
528	1	1	75	41	2007
529	2	1	90	37	2004
530	1	1	51	46	2006
531	1	1	75	46	2008
532	1	1	51	0	2008
533	1	1	62	44	2007
534	1	1	75	47	2006
535	2	1	67	53	2005
536	1	1	0	46	2008
537	1	1	63	44	2008
538	1	0	108	0	0
539	1	1	76	37	2008
540	1	1	63	0	2008
541	2	1	76	38	2004
542	1	1	0	46	2009
543	1	1	103	48	2007
544	1	1	102	41	2006
545	1	1	63	0	2009
546	1	1	65	41	2007
547	1	1	76	0	2006
548	1	1	67	34	2007
549	1	1	76	40	2009
550	1	1	76	0	0
551	1	1	76	33	2006
552	2	1	95	46	0
553	2	1	86	0	2004
554	2	1	50	0	2005
555	1	1	67	37	2007
556	1	1	63	49	2008
557	2	1	76	0	2004
558	1	1	60	41	2007
559	1	1	59	33	2007
560	1	1	60	39	2008
561	1	1	0	0	2007
562	1	0	0	0	0
563	1	1	51	31	2009
564	1	1	63	41	2006
565	2	1	63	40	2005
566	2	1	45	47	2004
567	1	1	0	35	2008
568	1	1	96	0	2006
569	1	1	0	0	2008
570	1	1	76	35	2008
571	1	0	49	0	0
572	1	2	94	0	2006
573	1	1	63	37	2007
574	1	1	96	34	2006
575	1	1	46	43	2008
576	1	1	63	47	2007
577	1	1	43	34	2006
578	1	1	0	35	0
579	2	0	0	0	0
580	2	1	89	0	2005
581	2	1	65	52	2004
582	1	1	0	39	2008
583	2	1	0	0	2004
584	1	1	63	40	2009
585	1	1	90	39	2008
586	1	1	76	36	2008
587	1	1	57	39	2007
588	1	1	0	0	2008
589	1	1	65	40	2008
590	1	1	105	41	2008
591	1	1	46	42	2007
592	1	1	76	48	2008
593	2	1	65	32	2005
594	1	1	89	0	2006
595	1	1	0	35	2009
596	1	1	51	40	2005
597	1	1	95	0	2006
598	2	1	88	47	2005
599	1	1	51	39	2009
600	2	1	76	47	2005
601	1	1	104	0	2007
602	1	1	63	0	2007
603	2	1	94	0	2005
604	1	1	63	37	2008
605	1	1	65	33	2009
606	1	1	76	40	2009
607	1	1	63	44	2007
608	2	1	96	0	2005
609	1	1	86	48	2008
610	1	1	58	34	2009
611	1	1	0	41	2007
612	2	1	69	0	2003
613	1	1	67	32	2008
614	1	1	0	47	0
615	1	1	63	47	2008
616	1	1	63	0	0
617	1	1	0	0	2008
618	1	1	75	34	2008
619	2	1	96	0	2004
620	2	1	107	37	2005
621	1	1	54	0	2006
622	1	1	107	41	2009
623	1	1	0	41	2008
624	2	1	95	42	2004
625	1	1	47	35	2008
626	1	1	96	0	0
627	1	1	0	32	2009
628	1	1	0	44	2009
629	1	1	95	47	2009
630	1	1	104	42	2006
631	1	1	96	42	2007
632	1	1	63	37	2007
633	1	1	51	32	2008
634	2	1	96	0	2002
635	2	1	76	0	2004
636	1	1	67	35	2008
637	1	1	95	41	2009
638	1	1	89	39	2005
639	2	1	96	0	2003
640	1	1	67	0	2006
641	2	1	100	32	2005
642	2	1	55	0	2004
643	2	1	95	39	2004
644	2	1	43	0	2004
645	1	1	78	35	2008
646	1	1	95	31	2008
647	1	1	0	41	2008
648	2	1	51	34	2005
649	1	1	90	41	2006
650	1	1	91	41	2008
651	1	1	76	35	2009
652	1	1	65	42	2008
653	1	1	107	0	2007
654	1	1	63	41	2008
655	1	1	65	0	2006
656	2	1	47	0	2000
657	1	1	42	33	2007
658	2	1	86	53	2005
659	1	1	76	0	2006
660	2	1	44	34	2005
661	2	1	51	38	2005
662	1	1	99	41	2005
663	2	1	75	45	2005
664	1	1	47	46	2006
665	1	1	0	40	2008
666	1	1	0	48	2007
667	2	1	89	39	2004
668	1	1	90	47	2008
669	1	0	0	37	2008
670	1	1	63	32	2008
671	1	1	94	0	2007
672	1	1	0	48	2009
673	1	1	63	39	2007
674	1	1	102	36	2008
675	1	1	0	0	2007
676	1	2	0	0	2007
677	2	1	0	0	2004
678	2	1	0	0	2007
679	1	0	90	42	2007
680	1	1	95	38	2006
681	1	1	95	33	0
682	1	1	91	0	2007
683	1	1	76	32	2009
684	1	0	75	0	2008
685	1	0	0	0	0
686	1	1	0	0	0
687	2	1	96	0	2005
688	1	1	0	0	0
689	2	1	95	0	2005
690	1	1	42	40	2006
691	1	1	0	0	2008
692	2	1	63	0	2004
693	2	1	63	0	2005
694	1	1	63	34	2008
695	2	1	50	0	2004
696	1	1	51	0	2009
697	1	1	0	48	2009
698	1	1	65	47	2007
699	1	1	65	37	2008
700	1	1	96	32	2008
701	1	1	63	42	2008
702	1	1	47	31	2006
703	1	1	0	34	2009
704	2	1	96	0	2005
705	1	1	63	0	2007
706	2	1	50	40	2004
707	1	1	75	32	2006
708	1	1	76	39	2007
709	1	1	95	31	2005
710	1	1	76	0	2006
711	1	1	75	47	2005
712	1	1	107	41	2006
713	2	1	89	31	2004
714	1	1	90	33	2009
715	1	1	102	50	2006
716	2	1	0	43	2004
717	1	1	76	35	2006
718	2	1	0	0	2004
719	1	1	50	37	2007
720	1	1	0	44	2009
721	1	1	62	39	2006
722	1	1	0	48	2006
723	2	1	96	0	2004
724	2	1	92	33	2004
725	1	1	78	37	2009
726	2	1	52	50	2005
727	2	0	90	0	2004
728	1	1	51	39	2009
729	2	1	95	50	2005
730	1	1	61	33	2007
731	1	1	95	0	2005
732	1	1	0	33	2006
733	1	1	0	49	2008
734	1	1	103	42	2006
735	2	1	65	0	2005
736	1	1	96	48	2005
737	1	1	65	33	2009
738	1	1	46	34	2007
739	1	1	65	0	2007
740	2	1	101	0	2005
741	2	1	59	0	2005
742	2	0	0	0	0
743	2	1	76	0	2004
744	1	1	86	34	2009
745	1	1	102	41	2007
746	1	1	65	36	2007
747	2	1	107	39	2005
748	1	1	65	45	2008
749	2	1	44	0	2005
750	1	1	76	39	2008
751	1	1	95	34	2007
752	1	1	50	33	2009
753	2	0	0	0	0
754	1	1	63	48	2006
755	2	1	107	44	2004
756	1	1	107	34	2006
757	1	1	95	44	2006
758	1	1	0	32	2008
759	2	1	90	42	2003
760	1	1	63	37	2008
761	1	2	0	0	2007
762	1	1	67	0	2006
763	2	1	90	0	2004
764	1	1	65	43	2005
765	1	1	0	33	2008
766	1	1	0	33	2008
767	2	1	96	0	2004
768	1	1	65	48	2009
769	1	1	104	45	2006
770	1	1	51	42	0
771	1	1	63	33	2007
772	2	1	76	0	2004
773	1	1	0	34	2008
774	1	1	51	40	2009
775	1	1	63	37	2009
776	2	1	64	41	2001
777	1	1	51	44	2009
778	2	1	75	0	2004
779	2	1	108	0	2005
780	1	1	95	32	2007
781	1	1	66	40	2008
782	1	1	63	31	2007
783	2	1	95	0	2004
784	1	0	60	0	0
785	1	1	87	32	2009
786	1	1	61	41	2008
787	2	0	76	34	2003
788	1	1	83	40	2006
789	1	1	0	44	2008
790	1	1	54	48	2007
791	1	1	96	39	2006
792	2	1	95	0	2005
793	1	1	0	36	2008
794	2	1	76	0	2005
795	1	1	76	0	2007
796	1	1	47	41	2007
797	2	0	67	0	0
798	1	1	63	31	2007
799	2	1	76	0	2002
800	1	1	63	31	2008
801	1	1	76	0	2007
802	1	1	86	44	2009
803	1	1	46	0	2007
804	1	1	46	33	2008
805	1	1	92	40	2009
806	1	1	63	33	2008
807	1	1	50	40	2008
808	1	1	0	41	2009
809	1	1	95	0	2006
810	2	1	89	47	2004
811	2	1	0	0	2005
812	2	1	103	37	2004
813	1	0	102	47	2006
814	2	1	63	40	2005
815	1	1	55	34	2006
816	1	1	0	0	0
817	1	1	86	33	2009
818	1	1	65	35	2006
819	1	1	82	42	2006
820	1	1	0	34	2009
821	2	1	96	34	2001
822	2	1	63	0	2005
823	1	1	76	33	2009
824	2	1	76	48	2004
825	1	0	62	42	2007
826	1	1	91	0	2007
827	2	1	76	41	2005
828	1	1	51	48	2008
829	1	1	0	42	2009
830	1	1	0	32	0
831	1	1	95	40	0
832	1	0	0	0	0
833	1	1	51	32	2008
834	1	0	65	0	2006
835	1	1	90	36	2009
836	2	1	77	47	2005
837	1	1	75	35	2005
838	1	1	0	40	2009
839	1	1	63	36	2009
840	1	1	65	34	2007
841	2	1	75	0	2005
842	1	1	0	32	2007
843	1	0	60	0	0
844	1	1	63	49	2008
845	1	1	65	39	2006
846	1	1	107	43	2007
847	1	1	102	37	0
848	1	1	76	42	2009
849	1	1	0	32	2009
850	1	1	90	42	2007
851	1	1	95	32	2006
852	1	1	46	31	2008
853	1	1	63	47	2008
854	1	1	90	40	2008
855	1	1	63	44	2009
856	2	0	0	0	0
857	5	1	100	0	2006
858	1	1	0	47	0
859	1	1	67	0	2007
860	1	1	76	44	2008
861	1	1	90	0	2006
862	1	1	61	0	2007
863	2	1	61	42	2003
864	2	1	62	0	2005
865	1	0	63	0	2006
866	2	1	51	0	2004
867	1	1	66	44	2006
868	1	1	76	44	2009
869	1	1	62	31	2007
870	1	1	0	44	2009
871	1	1	88	48	2006
872	1	1	0	33	2009
873	1	1	46	48	2006
874	1	0	0	32	0
875	1	1	76	44	2006
876	1	1	0	47	2009
877	1	0	55	0	0
878	1	1	107	0	2006
879	1	1	86	43	2007
880	2	0	90	0	0
881	1	1	63	0	2006
882	1	1	89	48	2009
883	1	1	75	43	2010
884	1	1	65	48	2008
885	1	1	76	0	2007
886	1	1	66	47	2005
887	1	1	63	47	2006
888	1	1	0	33	2009
889	1	1	107	46	2009
890	1	1	50	33	2008
891	2	1	42	39	2004
892	2	1	63	33	2005
893	2	1	63	47	2005
894	1	1	66	42	2009
895	1	1	63	43	2008
896	2	1	52	0	2005
897	2	1	103	0	2004
898	1	1	54	46	2007
899	1	1	51	42	2008
900	1	1	65	35	2008
901	1	1	0	33	2008
902	1	1	52	46	2009
903	1	1	82	33	2006
904	1	1	47	0	2007
905	1	2	63	0	2006
906	1	0	0	0	0
907	2	1	96	42	0
908	1	1	96	39	0
909	1	1	90	37	2006
910	1	1	63	43	2008
911	1	0	96	48	2007
912	2	1	107	0	2004
913	1	1	63	41	2008
914	1	1	65	43	2006
915	1	0	65	0	2007
916	1	1	52	37	2006
917	1	1	0	39	2009
918	2	1	55	0	2004
919	1	1	0	40	2009
920	2	0	0	0	2005
921	1	1	88	46	2006
922	1	0	0	46	2008
923	2	1	96	0	2003
924	1	1	0	0	2006
925	1	1	96	0	2007
926	1	1	63	37	2007
927	1	1	43	40	2009
928	1	1	90	50	0
929	2	1	65	0	2005
930	1	1	58	0	2006
931	1	1	95	47	2005
932	1	0	0	0	0
933	1	1	92	0	2007
934	1	1	90	39	2006
935	1	1	50	0	2007
936	1	1	95	0	2007
937	2	1	65	0	2004
938	1	1	63	41	2007
939	1	1	76	47	2005
940	2	1	107	0	2005
941	1	1	51	41	2006
942	1	1	67	35	2007
943	1	1	96	0	2007
944	2	1	52	0	1981
945	1	1	0	0	2006
946	2	1	76	41	2004
947	1	1	76	0	2007
948	1	0	0	0	0
949	1	1	0	34	2008
950	1	1	51	31	2006
951	1	1	96	45	2006
952	1	0	0	0	0
953	2	1	90	50	2005
954	1	1	0	40	2009
955	1	1	51	33	2008
956	1	1	0	34	2008
957	3	1	102	0	0
958	2	1	103	47	2005
959	1	1	86	0	2007
960	2	1	63	0	2004
961	1	1	90	37	2007
962	1	1	76	0	2007
963	1	1	0	0	2008
964	1	1	44	34	2007
965	4	2	0	0	0
966	1	1	0	0	0
967	1	1	65	40	2007
968	2	1	43	48	2005
969	1	1	50	33	2007
970	1	1	51	40	2008
971	1	1	60	0	2007
972	1	0	60	0	2007
973	1	1	63	40	2007
974	2	1	88	0	2005
975	1	1	63	48	2007
976	1	1	90	37	2009
977	1	0	0	0	0
978	1	1	0	0	2009
979	1	0	63	32	2006
980	1	1	61	45	2006
981	1	1	96	41	2008
982	1	1	0	44	2008
983	2	1	65	49	2004
984	2	1	90	34	2005
985	1	1	0	39	2008
986	3	1	85	34	2007
987	1	1	53	0	2006
988	2	1	90	34	2001
989	2	1	96	48	2005
990	1	1	104	39	2006
991	2	1	96	0	2005
992	1	1	51	39	2009
993	1	1	94	39	2007
994	2	1	94	34	2004
995	1	1	86	46	2006
996	1	1	0	40	2008
997	1	1	91	35	2006
998	1	1	76	43	2006
999	1	1	63	35	2007
1000	2	1	63	37	2002
1001	2	1	76	0	2005
1002	1	1	44	32	2007
1003	2	1	76	0	2004
1004	1	1	96	40	2007
1005	1	1	52	37	2006
1006	1	1	65	42	2009
1007	2	1	95	50	2004
1008	1	1	0	35	2008
1009	1	1	63	41	2009
1010	1	1	87	37	2007
1011	2	0	0	0	0
1012	1	1	53	31	2008
1013	1	1	96	40	2007
1014	2	1	0	0	2005
1015	1	0	0	31	2008
1016	1	0	0	41	2008
1017	1	1	0	32	2008
1018	1	1	52	33	2008
1019	1	0	0	0	0
1020	2	1	0	0	2002
1021	1	1	76	35	2008
1022	5	1	97	45	2009
1023	1	1	65	53	2006
1024	1	1	98	40	2006
1025	1	1	96	32	2008
1026	1	1	63	32	2007
1027	1	1	90	41	2009
1028	2	1	43	48	2005
1029	1	1	0	42	2008
1030	1	1	51	39	2009
1031	2	1	52	33	2005
1032	1	1	65	43	2007
1033	1	1	63	46	2008
1034	2	1	63	46	2004
1035	1	1	0	48	2008
1036	1	1	51	39	2009
1037	2	1	102	0	2004
1038	1	0	0	0	0
1039	2	1	107	0	2005
1040	1	1	74	0	0
1041	2	1	50	0	2005
1042	1	1	0	31	2009
1043	2	1	96	0	2005
1044	2	1	63	42	2005
1045	1	1	65	33	2009
1046	1	1	0	0	2008
1047	2	1	62	0	2005
1048	2	1	0	47	2005
1049	1	1	63	35	2009
1050	1	1	62	39	2008
1051	1	1	70	44	2009
1052	1	1	95	33	2008
1053	1	1	0	39	2009
1054	1	0	0	0	0
1055	1	0	0	42	2008
1056	1	1	95	34	2006
1057	1	1	0	41	2008
1058	1	1	0	0	0
1059	1	1	77	47	2006
1060	2	1	0	0	2005
1061	1	1	0	35	2008
1062	2	1	52	0	2005
1063	1	1	55	41	2006
1064	1	1	0	40	2009
1065	1	1	43	47	2006
1066	1	1	76	0	2007
1067	1	1	76	33	2009
1068	1	1	95	35	2008
1069	2	0	0	0	0
1070	2	1	107	51	2002
1071	1	1	63	48	2009
1072	1	2	66	0	2006
1073	1	1	76	44	2009
1074	2	1	95	0	2004
1075	1	0	0	0	0
1076	1	1	62	44	2005
1077	2	1	76	47	2005
1078	2	1	0	0	2003
1079	1	1	47	43	0
1080	1	1	62	0	2006
1081	2	1	65	0	2005
1082	2	1	63	32	2004
1083	1	1	0	53	2008
1084	2	1	95	0	2005
1085	1	1	0	41	2008
1086	1	1	96	35	2007
1087	1	0	75	40	2006
1088	1	0	0	0	0
1089	2	1	0	0	2002
1090	1	1	46	0	2008
1091	1	2	0	0	2007
1092	1	1	63	34	2008
1093	2	1	51	42	2004
1094	1	1	0	31	2008
1095	1	1	0	0	2006
1096	1	1	76	33	2009
1097	2	1	102	48	2005
1098	1	1	0	32	2009
1099	1	1	102	0	2006
1100	2	1	95	41	2004
1101	1	1	0	32	2008
1102	2	1	90	32	2005
1103	1	1	51	35	2008
1104	1	0	0	0	0
1105	1	1	88	44	2009
1106	2	1	95	0	2005
1107	1	0	89	48	2008
1108	2	1	96	0	2005
1109	1	1	90	32	2006
1110	2	1	89	50	2004
1111	1	1	76	42	2007
1112	1	1	63	37	2006
1113	1	1	52	0	2006
1114	1	1	0	47	0
1115	1	1	107	0	2006
1116	1	1	0	32	2008
1117	1	1	90	37	2007
1118	1	1	51	31	2007
1119	1	1	98	39	2008
1120	1	1	75	37	2008
1121	1	1	45	40	2007
1122	2	1	96	39	2005
1123	1	1	46	35	2008
1124	1	1	83	33	2008
1125	2	1	75	0	2005
1126	1	1	86	32	2009
1127	1	1	63	0	2008
1128	1	1	47	33	2008
1129	1	1	52	32	2007
1130	1	1	55	43	2006
1131	1	1	0	0	2008
1132	1	1	65	0	2006
1133	2	1	51	35	2005
1134	1	1	65	40	2009
1135	1	1	0	35	0
1136	1	1	65	37	2006
1137	1	1	0	42	2009
1138	2	1	103	32	2005
1139	1	1	65	40	2008
1140	1	1	107	48	2006
1141	1	1	95	46	2009
1142	1	1	0	44	2007
1143	2	0	0	0	0
1144	1	1	0	31	2009
1145	1	1	96	48	2006
1146	1	1	0	0	0
1147	1	0	0	40	2008
1148	1	1	60	37	2008
1149	1	1	50	0	2007
1150	1	1	62	37	2007
1151	1	1	89	41	2008
1152	1	1	0	0	2006
1153	1	2	95	0	2006
1154	1	0	0	0	2008
1155	1	1	63	42	2006
1156	1	0	103	41	2007
1157	2	1	66	43	2005
1158	1	1	50	35	2006
1159	1	1	44	42	2009
1160	1	1	90	33	2008
1161	1	1	79	34	2007
1162	1	1	63	46	0
1163	1	1	51	0	2007
1164	2	1	82	0	2005
1165	1	1	63	37	2007
1166	1	1	43	46	2006
1167	1	1	0	39	2009
1168	1	1	0	41	2008
1169	1	1	43	48	2006
1170	1	1	0	40	2009
1171	1	1	83	39	2009
1172	1	1	60	0	2006
1173	1	1	92	47	2008
1174	1	1	0	0	2007
1175	1	1	50	0	2008
1176	1	1	52	46	2006
1177	1	1	55	35	2008
1178	4	1	0	0	0
1179	1	1	65	0	2006
1180	1	1	102	43	2007
1181	1	1	63	47	2006
1182	2	1	62	0	2005
1183	1	1	76	46	2009
1184	1	1	51	41	2007
1185	2	1	42	0	0
1186	1	1	95	46	2008
1187	1	1	0	32	2009
1188	2	1	95	48	0
1189	1	1	0	33	2009
1190	1	1	90	33	2009
1191	1	1	0	42	2008
1192	1	1	51	34	2009
1193	1	1	65	35	2006
1194	1	1	0	37	2008
1195	1	1	76	46	2009
1196	1	1	104	46	2008
1197	1	1	52	50	2008
1198	1	2	76	37	2009
1199	1	1	55	33	2008
1200	1	1	75	39	2006
1201	1	1	94	40	2008
1202	2	1	62	0	2003
1203	1	1	76	33	2009
1204	1	1	75	36	2008
1205	1	1	103	47	2009
1206	2	1	107	49	2005
1207	1	1	87	39	2006
1208	1	1	45	35	2009
1209	2	1	90	0	2003
1210	1	1	96	0	2006
1211	1	1	50	32	2009
1212	2	1	76	46	2005
1213	1	1	51	40	2006
1214	1	1	102	0	2006
1215	1	0	95	39	2006
1216	2	1	63	34	2004
1217	1	1	90	46	2008
1218	1	1	0	44	2009
1219	1	1	43	49	2007
1220	1	1	91	46	2009
1221	1	1	63	41	2009
1222	1	1	65	37	2006
1223	1	1	108	46	2009
1224	1	1	79	53	2006
1225	1	1	50	50	2006
1226	1	1	51	32	2008
1227	1	1	52	0	2007
1228	1	1	95	32	2007
1229	2	1	65	35	2005
1230	1	1	0	35	2008
1231	1	1	65	46	2006
1232	1	1	96	0	2006
1233	1	1	52	47	2008
1234	1	1	95	33	2009
1235	1	1	95	31	2007
1236	1	0	95	0	0
1237	1	1	46	0	2006
1238	2	1	107	0	0
1239	2	1	52	41	2005
1240	2	1	95	43	2005
1241	1	1	103	41	2006
1242	1	1	0	0	0
1243	2	0	63	41	2005
1244	2	0	0	0	0
1245	2	1	76	32	2002
1246	1	1	0	0	0
1247	1	1	76	0	0
1248	2	1	90	0	2005
1249	1	1	0	39	2009
1250	1	1	63	33	2007
1251	2	1	51	0	2004
1252	1	1	95	34	2006
1253	1	1	86	44	0
1254	1	1	0	31	2008
1255	2	1	60	32	0
1256	1	1	0	41	2007
1257	1	1	51	36	2009
1258	1	1	0	34	2009
1259	1	1	95	0	2006
1260	2	1	95	0	2005
1261	1	1	63	0	2007
1262	1	1	0	34	2009
1263	1	1	94	43	2007
1264	1	1	95	44	2009
1265	2	1	102	0	2004
1266	1	0	95	0	0
1267	1	1	0	47	2009
1268	2	1	63	0	2003
1269	2	1	95	0	0
1270	1	1	63	43	2008
1271	1	1	67	0	2008
1272	2	1	68	38	2005
1273	2	1	75	0	2005
1274	2	1	65	0	2005
1275	1	0	0	0	0
1276	1	1	0	40	2009
1277	1	1	107	32	2008
1278	1	1	51	35	2006
1279	1	1	102	32	2006
1280	1	1	95	34	2008
1281	1	1	107	0	2007
1282	1	1	65	33	2009
1283	1	1	47	42	2009
1284	1	1	63	0	2007
1285	2	1	86	43	2005
1286	1	1	65	36	2009
1287	1	1	95	0	2006
1288	1	1	66	37	2008
1289	1	0	0	0	0
1290	2	1	75	0	2005
1291	1	1	95	41	2006
1292	1	1	75	44	2009
1293	2	1	96	0	2004
1294	2	0	0	0	2004
1295	1	1	95	34	2007
1296	1	1	63	0	0
1297	1	1	75	32	2006
1298	1	1	66	42	2008
1299	1	1	0	33	2009
1300	1	1	95	40	2007
1301	1	0	0	0	0
1302	1	1	65	41	2007
1303	2	0	51	0	2005
1304	1	1	107	42	2006
1305	2	0	0	0	2005
1306	1	1	96	46	2005
1307	1	1	69	46	2008
1308	1	1	63	35	2008
1309	1	1	62	46	2006
1310	1	1	75	34	2008
1311	1	1	95	39	2008
1312	1	1	55	0	2006
1313	2	1	47	34	2005
1314	1	1	75	46	2008
1315	1	1	65	39	2007
1316	1	0	0	0	0
1317	2	1	96	0	2005
1318	1	1	76	0	2006
1319	2	1	75	0	2005
1320	2	1	96	0	2005
1321	1	0	0	35	2009
1322	1	1	96	32	2006
1323	1	1	104	33	0
1324	1	1	96	49	2007
1325	2	1	58	0	2003
1326	1	1	0	47	2009
1327	1	1	95	41	2006
1328	1	1	0	37	2008
1329	1	1	50	47	2006
1330	1	1	0	37	2008
1331	1	1	0	48	2009
1332	1	1	63	0	2006
1333	2	1	95	0	2005
1334	1	1	51	44	2008
1335	2	1	55	47	2005
1336	1	1	75	41	2008
1337	1	1	65	32	2006
1338	2	1	96	0	2004
1339	1	1	0	34	2008
1340	1	1	65	32	2006
1341	1	0	63	0	2007
1342	1	1	87	44	2008
1343	1	0	0	0	2006
1344	1	1	92	39	2009
1345	1	1	105	42	2006
1346	1	0	0	0	0
1347	2	1	76	0	2004
1348	1	1	0	40	2009
1349	1	1	0	0	2006
1350	2	0	75	0	2005
1351	2	1	47	0	2004
1352	1	1	63	41	2006
1353	1	1	75	34	2007
1354	1	1	52	32	2008
1355	1	1	58	48	2008
1356	1	1	95	40	2009
1357	1	1	0	37	2008
1358	2	1	90	47	2005
1359	2	1	47	49	2005
1360	1	1	0	47	2009
1361	1	0	96	0	2006
1362	1	1	0	42	0
1363	1	0	0	0	0
1364	1	1	76	44	0
1365	1	1	96	46	2007
1366	1	1	96	0	2005
1367	1	1	96	34	2008
1368	2	1	42	49	2005
1369	1	1	95	48	2007
1370	1	1	107	49	2007
1371	2	0	83	0	2005
1372	1	1	50	33	2008
1373	1	1	95	34	2006
1374	1	1	63	39	2006
1375	1	1	0	42	2008
1376	1	1	65	48	2006
1377	1	1	76	46	2009
1378	1	1	83	46	2007
1379	2	1	63	0	2005
1380	1	1	86	31	2008
1381	2	0	51	47	2004
1382	2	0	105	43	2005
1383	1	1	60	0	2007
1384	1	1	52	48	2008
1385	1	1	44	36	2008
1386	2	1	62	0	2004
1387	1	1	62	0	2008
1388	1	1	65	35	2007
1389	1	1	0	0	2009
1390	1	1	91	33	2009
1391	2	1	83	43	2004
1392	1	0	87	48	2007
1393	1	2	0	0	2006
1394	1	0	0	0	0
1395	1	1	51	32	2006
1396	1	1	0	31	2009
1397	1	1	63	0	2008
1398	1	1	47	34	2006
1399	1	1	95	52	2007
1400	2	1	63	49	2005
1401	1	1	0	34	2008
1402	1	1	63	37	2007
1403	1	1	75	44	2004
1404	1	1	90	40	2008
1405	1	1	76	40	2008
1406	2	1	91	31	2005
1407	1	1	96	31	2006
1408	1	1	0	46	2008
1409	1	0	0	37	2008
1410	1	0	0	0	0
1411	2	1	107	43	2005
1412	1	1	50	47	2007
1413	1	1	0	39	2009
1414	1	1	44	46	2008
1415	1	1	51	0	2008
1416	1	1	0	48	0
1417	2	0	65	0	2005
1418	1	1	105	31	2007
1419	1	1	76	42	2006
1420	1	1	52	47	2006
1421	1	1	66	0	2007
1422	1	0	0	0	0
1423	1	1	96	41	2008
1424	1	1	50	33	2009
1425	1	1	67	41	2007
1426	1	1	96	39	2008
1427	1	0	63	0	2006
1428	1	1	95	42	2008
1429	1	0	0	0	0
1430	1	2	102	42	2010
1431	1	1	0	48	0
1432	1	1	95	41	2009
1433	1	1	43	40	2007
1434	1	1	63	32	2005
1435	2	1	76	39	2005
1436	2	1	96	0	2004
1437	1	0	0	0	0
1438	1	1	63	48	2009
1439	1	1	90	33	2007
1440	1	1	59	48	2008
1441	2	1	46	35	2005
1442	1	1	0	41	2009
1443	1	1	63	35	2007
1444	2	1	67	0	2004
1445	1	1	50	44	2008
1446	1	1	65	0	2007
1447	1	1	65	35	0
1448	1	1	63	34	2005
1449	1	1	52	36	2009
1450	1	1	86	37	2008
1451	1	0	0	0	0
1452	1	1	65	44	2007
1453	1	1	95	39	2007
1454	5	1	90	0	2004
1455	1	1	103	0	2008
1456	2	1	96	0	2005
1457	1	1	76	31	2009
1458	1	1	102	46	2008
1459	1	1	95	37	2009
1460	1	1	0	33	2008
1461	1	1	0	44	2009
1462	1	1	51	35	2006
1463	1	1	90	0	2008
1464	1	1	0	39	2008
1465	1	1	95	34	2009
1466	1	1	46	0	2008
1467	2	1	75	0	2005
1468	1	1	89	35	2009
1469	1	1	63	44	2008
1470	1	1	75	43	2006
1471	1	0	0	0	0
1472	2	1	76	0	2005
1473	1	0	96	35	2007
1474	1	1	55	41	2008
1475	1	1	63	34	2006
1476	1	1	108	42	2005
1477	1	1	108	47	2007
1478	1	1	63	36	2006
1479	1	1	95	40	2009
1480	1	1	96	0	2006
1481	1	1	66	39	2006
1482	1	1	76	0	2007
1483	1	1	76	34	2007
1484	1	1	65	32	2007
1485	1	1	103	34	2008
1486	1	1	90	0	2006
1487	2	1	0	0	2005
1488	2	0	78	0	2005
1489	1	1	90	36	2009
1490	1	1	95	47	2006
1491	1	1	102	42	2006
1492	1	1	76	34	2008
1493	2	1	62	0	2005
1494	2	1	58	0	2004
1495	1	1	90	0	2006
1496	2	1	50	0	2005
1497	1	0	0	0	0
1498	2	1	107	31	2004
1499	1	1	89	33	2009
1500	2	1	63	0	2005
1501	2	1	51	0	2004
1502	1	0	65	0	0
1503	1	1	95	0	2007
1504	2	1	65	0	2005
1505	2	1	0	0	2004
1506	1	1	65	31	2007
1507	1	1	96	47	2006
1508	1	1	96	48	2007
1509	1	1	44	41	2005
1510	1	1	0	31	2009
1511	1	1	94	31	2007
1512	1	1	96	33	2006
1513	1	1	86	47	2006
1514	1	1	92	34	2006
1515	1	1	50	31	2008
1516	1	0	96	46	2007
1517	1	1	63	37	2009
1518	1	1	0	40	2008
1519	1	1	75	40	0
1520	1	1	51	42	2006
1521	2	0	0	0	0
1522	1	1	46	48	2007
1523	1	1	51	35	2009
1524	2	1	75	0	2005
1525	2	1	96	35	2005
1526	1	1	96	41	2006
1527	2	1	96	0	2004
1528	2	1	46	34	2005
1529	2	1	50	0	2005
1530	2	1	90	53	2004
1531	1	1	103	34	2008
1532	1	1	82	34	2005
1533	1	1	0	35	2009
1534	1	1	67	48	2008
1535	2	1	51	31	2005
1536	1	1	87	37	2008
1537	1	1	92	34	2009
1538	1	0	55	42	2007
1539	1	1	0	47	0
1540	2	1	51	43	2005
1541	1	1	96	37	2006
1542	1	1	95	37	2007
1543	1	1	50	41	2008
1544	1	1	86	48	2007
1545	1	1	63	49	2006
1546	4	2	0	0	0
1547	1	1	90	43	2005
1548	1	1	102	0	2006
1549	1	1	94	0	2006
1550	1	1	51	31	2007
1551	2	1	62	0	2005
1552	1	1	76	34	2005
1553	1	1	0	31	2008
1554	2	1	67	0	2005
1555	1	1	73	34	2007
1556	1	1	46	35	2007
1557	1	1	96	41	2006
1558	1	1	0	32	2009
1559	2	1	65	0	2005
1560	1	1	96	39	2006
1561	1	1	90	41	2008
1562	1	1	103	39	2007
1563	1	0	0	0	0
1564	1	1	63	48	2007
1565	1	1	91	43	2007
1566	1	1	64	0	2007
1567	1	1	0	0	2005
1568	1	1	96	35	2007
1569	2	1	96	0	2005
1570	1	1	0	32	0
1571	1	1	0	0	2006
1572	1	1	63	40	2007
1573	1	1	102	37	2007
1574	2	1	66	43	2005
1575	1	1	63	31	2009
1576	1	1	47	33	2008
1577	2	1	63	0	2004
1578	1	1	90	33	2007
1579	1	1	46	39	2009
1580	1	1	95	37	2009
1581	1	1	65	42	2007
1582	2	1	50	0	2004
1583	1	1	76	31	2008
1584	2	1	67	48	1962
1585	2	1	0	0	0
1586	1	1	103	48	0
1587	1	1	0	32	2009
1588	1	1	0	44	2009
1589	2	1	96	51	2005
1590	1	1	43	40	2006
1591	1	1	0	34	2008
1592	1	1	65	0	2007
1593	1	1	95	39	2006
1594	1	1	75	40	2007
1595	1	1	76	0	2006
1596	1	1	51	44	2009
1597	2	1	59	53	2005
1598	1	1	63	36	2009
1599	1	1	96	39	2006
1600	2	0	75	0	2005
1601	2	1	76	33	2005
1602	1	1	54	37	2007
1603	1	0	95	39	2008
1604	1	1	51	46	2008
1605	1	1	0	46	2008
1606	2	1	76	53	2003
1607	2	1	65	33	2004
1608	1	1	82	39	2006
1609	1	1	95	46	2007
1610	1	1	0	0	2007
1611	2	1	42	34	2005
1612	1	1	65	0	2007
1613	1	1	0	35	2009
1614	2	1	90	49	2005
1615	1	0	0	0	0
1616	2	1	59	0	2003
1617	2	1	66	47	2004
1618	2	1	96	0	2005
1619	2	1	107	0	2005
1620	1	1	61	47	2009
1621	1	1	0	35	2008
1622	1	1	62	0	2007
1623	2	1	52	0	2005
1624	1	1	68	42	2008
1625	2	1	65	42	2005
1626	1	1	0	31	2009
1627	1	1	47	32	2007
1628	1	1	0	34	2009
1629	1	1	50	40	2008
1630	2	1	0	0	2004
1631	1	1	96	44	2007
1632	2	1	62	42	2005
1633	1	1	52	46	2008
1634	1	1	0	40	2008
1635	2	1	51	0	2005
1636	2	1	107	0	2005
1637	2	1	52	0	2005
1638	1	1	47	44	2006
1639	1	1	75	40	2007
1640	2	1	63	43	2005
1641	1	1	50	31	2006
1642	1	1	95	40	2007
1643	1	1	0	39	2008
1644	1	1	108	37	2009
1645	2	1	62	0	2004
1646	1	0	63	35	2006
1647	1	2	47	0	2006
1648	2	1	67	0	2005
1649	2	1	46	43	2004
1650	2	0	95	0	0
1651	1	1	65	0	2007
1652	1	1	96	34	2007
1653	1	1	0	39	2008
1654	1	1	76	0	2007
1655	1	1	105	33	2007
1656	1	1	65	47	2006
1657	2	1	65	0	2004
1658	2	1	95	0	2004
1659	1	1	43	39	2008
1660	1	1	59	42	2006
1661	1	1	63	40	0
1662	1	1	43	35	2007
1663	1	1	51	44	2008
1664	1	1	63	39	2006
1665	1	1	0	0	0
1666	1	1	76	48	2006
1667	1	1	63	37	2009
1668	1	1	95	0	2006
1669	2	1	50	0	2005
1670	1	1	95	41	2006
1671	1	1	52	32	2006
1672	2	0	94	0	2004
1673	1	1	51	35	2009
1674	1	0	0	0	0
1675	1	1	0	46	2005
1676	2	1	96	0	2005
1677	2	1	95	42	2002
1678	2	1	102	0	2005
1679	1	1	51	0	2008
1680	1	1	105	0	2005
1681	2	0	63	0	2004
1682	1	1	76	32	0
1683	1	1	89	48	2007
1684	1	1	0	40	0
1685	2	1	96	49	2004
1686	1	1	95	46	2009
1687	2	1	65	0	2005
1688	2	1	89	0	2004
1689	2	1	88	41	2004
1690	2	1	105	34	2004
1691	2	1	96	40	2005
1692	2	0	76	0	2005
1693	1	1	63	39	2007
1694	1	1	0	41	0
1695	1	1	83	0	2006
1696	1	1	43	31	2007
1697	1	1	95	39	2006
1698	2	1	66	34	2005
1699	2	1	91	41	2005
1700	2	1	104	0	2003
1701	1	1	96	42	0
1702	1	0	66	37	2007
1703	1	1	95	38	2006
1704	1	0	0	0	0
1705	1	1	0	46	2009
1706	2	1	51	33	2005
1707	1	2	0	0	2007
1708	2	0	65	0	2004
1709	1	1	63	40	2009
1710	1	1	107	40	2006
1711	1	1	76	47	0
1712	1	1	65	37	2007
1713	1	1	90	47	2006
1714	1	1	86	46	2009
1715	1	1	49	33	2008
1716	1	1	51	33	2009
1717	2	1	73	52	2004
1718	1	1	76	32	2006
1719	1	1	79	33	2009
1720	1	1	51	0	2006
1721	1	1	67	40	2006
1722	1	1	95	35	2008
1723	1	1	63	32	2008
1724	1	1	0	32	2008
1725	1	1	89	40	2006
1726	2	1	0	0	2004
1727	1	1	51	47	0
1728	2	1	51	40	2004
1729	1	1	0	41	2009
1730	1	1	95	34	2008
1731	1	1	46	49	2007
1732	1	1	51	44	2008
1733	1	1	76	33	0
1734	2	1	95	0	2002
1735	1	1	0	42	0
1736	1	1	51	34	2007
1737	1	1	63	48	2007
1738	1	0	91	0	2007
1739	1	1	0	47	0
1740	2	1	102	0	2005
1741	1	1	59	43	2006
1742	1	0	0	31	2008
1743	2	0	0	0	0
1744	1	1	59	37	2007
1745	1	1	102	39	2007
1746	1	1	50	39	2008
1747	2	1	65	0	2004
1748	1	1	96	0	2007
1749	1	1	95	44	2007
1750	1	1	92	44	0
1751	1	0	63	40	2008
1752	2	0	76	0	2004
1753	1	1	0	47	2008
1754	1	1	96	46	2007
1755	1	1	107	0	2007
1756	1	1	102	0	2006
1757	1	1	95	0	2008
1758	1	1	77	33	2006
1759	1	1	65	42	2007
1760	1	1	102	42	2008
1761	1	1	61	39	2007
1762	1	1	0	46	2009
1763	1	1	0	41	2008
1764	1	1	75	35	2007
1765	1	1	63	35	2008
1766	1	0	95	42	2007
1767	1	1	102	42	0
1768	1	1	63	0	2007
1769	1	1	95	37	2006
1770	2	1	107	0	2005
1771	1	1	65	48	2006
1772	1	0	94	0	0
1773	1	1	76	48	2009
1774	1	1	89	41	2009
1775	1	1	0	35	2009
1776	1	1	52	42	2008
1777	1	1	0	37	2008
1778	2	1	0	0	2003
1779	2	1	86	32	2004
1780	1	1	0	0	2005
1781	2	1	66	0	2004
1782	2	1	63	47	2004
1783	1	1	75	48	0
1784	2	1	86	0	2005
1785	1	1	83	32	2008
1786	2	2	0	0	0
1787	1	1	51	36	2009
1788	1	1	65	39	2005
1789	1	1	61	47	2009
1790	1	1	65	41	2008
1791	2	1	62	0	2005
1792	1	1	103	48	2009
1793	1	1	76	39	2009
1794	2	1	95	0	2000
1795	1	1	0	33	2008
1796	1	1	96	0	2006
1797	5	1	61	34	2008
1798	1	1	49	31	2008
1799	1	1	0	46	2009
1800	1	1	76	37	2006
1801	1	1	95	36	2005
1802	1	1	96	31	2006
1803	1	1	46	46	2006
1804	1	1	96	48	2006
1805	2	1	95	0	2005
1806	1	1	67	40	2009
1807	1	1	0	48	2008
1808	3	1	104	0	0
1809	2	1	76	52	2005
1810	1	1	75	0	2007
1811	1	1	96	0	0
1812	1	1	0	44	2008
1813	1	1	65	41	2006
1814	2	1	46	0	2004
1815	1	0	0	0	0
1816	1	1	51	33	2008
1817	2	1	44	47	2001
1818	1	1	50	46	2009
1819	1	1	63	32	2008
1820	1	2	0	0	0
1821	2	1	76	0	2005
1822	1	1	57	39	2009
1823	1	1	50	31	2007
1824	1	1	0	0	2006
1825	1	1	107	35	2007
1826	1	1	65	40	0
1827	2	1	63	0	2003
1828	1	1	0	34	2008
1829	2	1	76	0	2005
1830	1	1	63	39	2007
1831	1	1	66	46	2009
1832	2	0	66	0	2005
1833	1	1	63	38	2006
1834	1	1	0	42	2008
1835	2	1	96	0	2001
1836	1	1	0	31	2009
1837	1	1	90	32	2009
1838	1	1	46	46	2006
1839	1	1	65	37	2006
1840	1	0	90	0	2006
1841	1	1	0	32	0
1842	2	1	65	0	2004
1843	1	1	95	48	2009
1844	1	1	83	41	2008
1845	1	1	63	41	2007
1846	1	1	83	53	2006
1847	1	1	65	42	2009
1848	1	0	0	0	2006
1849	1	1	0	40	2008
1850	1	1	98	43	2008
1851	1	1	65	44	2009
1852	1	1	50	39	2007
1853	1	1	98	39	2009
1854	1	1	102	43	2006
1855	2	1	65	0	2003
1856	1	1	52	43	2006
1857	1	1	63	33	0
1858	1	1	0	0	0
1859	2	1	63	41	2004
1860	2	1	52	31	2005
1861	1	1	95	47	2007
1862	1	1	51	33	2008
1863	2	1	52	40	0
1864	1	1	51	47	2008
1865	2	1	100	47	2005
1866	1	1	0	33	2009
1867	2	0	0	0	0
1868	2	1	87	37	2005
1869	1	1	83	0	2008
1870	2	1	50	32	2005
1871	2	1	86	0	2005
1872	1	0	108	44	0
1873	1	1	95	40	2008
1874	1	1	77	40	2007
1875	2	1	71	0	2003
1876	2	1	63	0	2003
1877	1	2	53	0	2008
1878	1	0	0	37	2008
1879	1	1	92	40	2008
1880	1	1	104	0	2006
1881	2	1	76	0	2005
1882	1	1	51	43	2007
1883	1	1	95	0	2007
1884	2	1	76	37	2004
1885	1	1	98	42	2007
1886	1	1	0	33	2009
1887	1	1	0	39	0
1888	2	1	0	0	2004
1889	1	0	0	0	2009
1890	1	1	0	42	2008
1891	1	1	60	39	2007
1892	1	1	76	46	2009
1893	2	1	76	0	2005
1894	1	1	66	35	2008
1895	1	1	107	35	2007
1896	1	1	65	35	2009
1897	2	1	108	0	2005
1898	1	1	76	36	2009
1899	2	1	51	0	2005
1900	2	1	96	49	2005
1901	2	1	90	46	2005
1902	1	1	76	48	2008
1903	1	1	0	39	2008
1904	1	1	102	0	2007
1905	2	1	92	48	2004
1906	1	1	89	0	0
1907	2	1	61	0	2003
1908	1	1	0	37	2008
1909	1	1	75	41	2006
1910	1	1	63	0	2007
1911	2	1	65	0	2005
1912	1	1	51	37	2009
1913	1	1	46	0	2009
1914	2	1	90	0	2005
1915	1	1	0	0	0
1916	1	1	107	41	2007
1917	1	1	62	44	2009
1918	1	1	65	45	2006
1919	1	1	65	41	2007
1920	1	1	102	42	2008
1921	2	1	96	31	2005
1922	1	1	0	33	0
1923	1	1	95	34	2008
1924	1	1	0	0	2008
1925	1	1	0	31	2009
1926	1	1	43	48	2006
1927	2	0	0	0	0
1928	1	1	52	31	2009
1929	1	0	0	0	2008
1930	2	1	59	49	2003
1931	2	1	90	0	2005
1932	1	1	58	31	2009
1933	1	1	76	40	2008
1934	1	1	95	41	2006
1935	1	0	0	0	2006
1936	1	1	75	34	2006
1937	1	1	0	35	2009
1938	1	1	0	32	2009
1939	2	1	51	0	2005
1940	2	1	95	0	2004
1941	1	1	63	33	2006
1942	1	1	63	40	2008
1943	1	1	76	48	0
1944	1	1	51	42	2007
1945	1	1	104	44	2009
1946	2	1	51	0	2005
1947	2	1	96	0	2004
1948	1	1	76	31	2009
1949	1	1	0	0	2006
1950	2	1	92	0	2005
1951	2	1	75	42	2005
1952	1	1	59	42	2007
1953	1	1	95	40	2007
1954	1	1	96	42	2008
1955	2	1	59	0	2004
1956	1	1	95	37	2008
1957	1	1	76	0	0
1958	1	1	63	31	2007
1959	2	1	90	46	2003
1960	1	1	89	33	2009
1961	2	1	76	0	2005
1962	1	0	0	0	0
1963	1	1	65	0	2006
1964	2	0	96	0	0
1965	1	1	95	42	2006
1966	1	1	63	41	2007
1967	1	1	75	37	2007
1968	2	1	51	0	2004
1969	1	1	107	42	0
1970	1	2	0	0	2006
1971	1	1	0	32	2008
1972	2	1	76	0	0
1973	1	0	96	48	2006
1974	1	1	76	44	2008
1975	1	1	0	33	2009
1976	1	0	102	0	0
1977	1	1	0	48	2009
1978	1	1	96	43	2007
1979	1	1	77	0	2006
1980	2	1	107	48	2005
1981	2	1	63	41	2004
1982	1	1	75	46	0
1983	1	1	78	0	2008
1984	1	1	65	39	2006
1985	1	0	0	0	2009
1986	1	0	0	0	0
1987	1	1	62	37	2006
1988	1	1	90	41	2006
1989	1	0	65	0	2008
1990	1	1	95	0	0
1991	2	1	43	46	2004
1992	1	1	88	50	2006
1993	1	1	0	34	2008
1994	1	1	90	34	2008
1995	1	1	67	0	2006
1996	1	1	0	41	2008
1997	1	1	50	33	2008
1998	1	0	0	0	0
1999	1	1	95	35	2005
2000	1	1	63	48	2009
2001	2	1	65	43	2004
2002	2	1	69	0	0
2003	1	1	65	46	2006
2004	2	1	76	0	2004
2005	1	1	62	40	2009
2006	1	1	83	53	2007
2007	2	1	75	46	2004
2008	1	1	51	44	2008
2009	1	1	47	39	2005
2010	2	0	51	0	2004
2011	2	1	102	0	2005
2012	1	1	108	33	2006
2013	2	0	0	0	0
2014	1	1	0	48	0
2015	1	1	46	46	2007
2016	1	0	63	41	2006
2017	1	1	50	46	2007
2018	1	1	105	40	0
2019	1	1	69	35	2008
2020	1	1	76	33	2009
2021	1	1	75	37	2006
2022	1	1	63	47	2008
2023	1	1	95	0	2007
2024	1	0	108	43	0
2025	1	1	86	31	2007
2026	1	1	0	35	2008
2027	1	1	96	47	2006
2028	1	2	0	0	2008
2029	1	1	0	36	2008
2030	1	1	63	47	2007
2031	1	2	0	0	2006
2032	2	1	95	0	2005
2033	1	1	89	40	2006
2034	1	1	95	31	2008
2035	1	1	86	34	2007
2036	1	1	0	44	0
2037	1	1	60	41	2009
2038	1	1	50	31	2009
2039	2	0	0	0	0
2040	1	1	0	42	2008
2041	2	0	0	0	0
2042	1	1	63	31	2009
2043	1	1	0	35	2008
2044	2	1	76	0	2005
2045	2	1	46	0	2005
2046	1	1	50	35	2008
2047	1	1	0	35	2006
2048	1	1	51	32	2008
2049	1	1	63	52	2006
2050	1	1	103	35	2006
2051	1	1	51	31	2009
2052	1	1	94	0	2007
2053	2	1	63	43	2005
2054	1	1	75	37	2007
2055	1	1	75	42	2006
2056	2	1	90	0	2004
2057	2	1	96	0	2005
2058	1	1	104	48	2009
2059	2	1	63	34	2005
2060	1	1	107	0	2006
2061	2	1	76	37	2004
2062	2	1	65	0	2004
2063	1	1	75	46	2007
2064	1	0	0	0	2006
2065	1	1	0	41	2008
2066	2	1	107	41	2005
2067	2	1	0	0	0
2068	1	1	95	40	2008
2069	1	1	51	44	2009
2070	2	1	95	40	2004
2071	2	1	96	0	2005
2072	1	1	57	39	2008
2073	1	1	95	34	2008
2074	1	1	76	0	2006
2075	1	1	52	46	2008
2076	2	1	0	0	1981
2077	1	1	0	34	2009
2078	4	2	0	0	0
2079	1	0	94	40	2007
2080	1	1	95	0	2006
2081	1	1	76	36	2006
2082	1	1	103	48	2008
2083	1	1	50	47	2006
2084	2	1	0	41	2000
2085	1	1	63	46	2007
2086	1	1	63	48	2007
2087	1	1	0	31	2008
2088	2	1	62	0	2003
2089	1	1	67	0	2007
2090	1	1	50	49	2008
2091	1	1	51	47	2006
2092	1	1	103	46	2009
2093	1	1	65	41	2006
2094	1	1	0	0	2008
2095	2	1	0	0	2003
2096	1	1	0	42	0
2097	1	1	96	42	2009
2098	1	1	90	42	2008
2099	1	1	95	0	2006
2100	1	1	57	40	2009
2101	1	1	76	46	2006
2102	1	1	90	47	2008
2103	1	1	65	50	2006
2104	1	1	50	31	2009
2105	1	1	0	0	2009
2106	2	1	63	0	2005
2107	1	1	58	32	2008
2108	1	1	56	0	2008
2109	2	1	95	0	2005
2110	1	0	0	0	0
2111	1	2	0	0	2007
2112	1	1	96	0	2006
2113	1	1	65	32	2006
2114	2	1	90	49	2004
2115	2	1	63	0	2005
2116	1	1	63	0	2006
2117	1	0	0	0	2007
2118	1	1	63	0	2005
2119	2	1	65	43	2005
2120	1	1	50	33	2005
2121	1	1	50	43	2008
2122	2	1	46	0	2005
2123	1	1	86	46	2007
2124	1	1	63	41	2006
2125	2	1	0	0	2007
2126	1	0	0	0	0
2127	2	1	63	0	2004
2128	1	1	96	0	2007
2129	2	1	96	32	2005
2130	1	1	62	33	2006
2131	1	1	50	43	2008
2132	2	1	67	33	2005
2133	1	1	0	31	2008
2134	2	0	0	0	0
2135	2	0	0	0	0
2136	1	1	63	40	2009
2137	1	1	75	48	2007
2138	1	1	91	41	2005
2139	1	1	63	0	2006
2140	1	0	0	0	0
2141	2	1	43	0	2005
2142	1	1	76	33	2008
2143	1	1	75	47	2008
2144	2	0	0	0	0
2145	1	1	76	39	2009
2146	2	1	0	0	2003
2147	1	0	108	41	2008
2148	1	1	78	45	2006
2149	5	1	96	0	2005
2150	1	2	0	0	2007
2151	1	1	0	36	2008
2152	1	1	0	34	2008
2153	1	1	62	44	2008
2154	1	1	63	44	2007
2155	2	1	0	0	2004
2156	1	1	92	0	2005
2157	2	1	103	0	2005
2158	1	1	108	39	2008
2159	1	1	76	32	2009
2160	1	1	102	0	2007
2161	2	1	51	0	2005
2162	1	1	103	0	2007
2163	2	1	47	0	2004
2164	1	1	96	47	2009
2165	1	0	0	0	0
2166	1	1	0	33	2009
2167	1	1	65	39	2009
2168	1	1	51	0	2006
2169	1	1	95	33	2006
2170	1	2	94	0	2006
2171	1	1	53	33	2008
2172	1	1	107	43	2008
2173	1	1	103	32	2007
2174	2	1	63	0	2004
2175	1	1	65	41	2008
2176	3	2	52	36	1982
2177	2	1	65	0	2005
2178	1	1	0	48	2009
2179	1	1	95	44	2009
2180	2	1	65	32	2005
2181	2	1	50	0	2004
2182	1	1	104	46	2008
2183	1	1	63	41	2008
2184	2	1	95	0	2005
2185	1	0	0	0	0
2186	1	1	0	40	2008
2187	1	1	51	47	2005
2188	1	1	76	31	2008
2189	1	1	65	40	0
2190	1	1	76	44	2007
2191	1	1	76	47	2005
2192	1	1	89	42	2009
2193	1	1	0	0	2006
2194	1	0	83	34	2007
2195	1	1	95	44	2006
2196	1	1	79	40	0
2197	2	0	0	0	0
2198	1	1	60	0	2006
2199	2	1	60	46	2005
2200	1	1	75	42	2006
2201	1	1	50	33	2008
2202	1	1	65	47	2007
2203	1	1	96	44	2007
2204	1	1	76	33	2008
2205	1	1	46	42	2006
2206	1	1	63	48	2006
2207	1	1	75	33	2007
2208	1	1	65	39	2008
2209	2	0	0	0	0
2210	1	1	0	39	2008
2211	2	1	51	0	2004
2212	1	0	0	0	0
2213	2	1	0	47	2004
2214	2	1	65	0	2004
2215	1	1	0	0	2008
2216	1	1	0	0	2007
2217	1	1	87	31	2006
2218	1	1	63	42	2007
2219	5	1	76	0	2005
2220	1	1	65	47	2006
2221	1	1	75	34	2006
2222	2	1	95	0	2004
2223	2	1	0	0	2004
2224	1	0	0	37	0
2225	1	1	61	0	2007
2226	1	1	63	40	2006
2227	1	1	65	35	2009
2228	1	1	65	44	2006
2229	1	1	90	47	2006
2230	1	0	95	41	0
2231	2	1	63	42	2002
2232	1	1	63	34	2007
2233	2	1	98	40	2004
2234	2	1	96	0	2005
2235	1	1	65	48	2008
2236	1	0	75	0	2006
2237	1	1	0	40	0
2238	1	1	0	32	2007
2239	2	0	65	0	2004
2240	2	1	75	39	2005
2241	1	1	96	42	2009
2242	1	1	0	39	0
2243	1	1	96	48	2006
2244	1	1	0	40	2009
2245	1	0	0	0	0
2246	1	1	96	47	2009
2247	1	1	46	33	2008
2248	1	1	0	39	0
2249	1	0	65	0	0
2250	1	1	102	42	2008
2251	1	1	76	47	2008
2252	1	1	0	0	0
2253	1	1	76	33	2009
2254	1	1	65	47	2009
2255	1	1	62	46	2006
2256	1	1	95	37	2007
2257	2	0	0	0	0
2258	1	1	90	31	2009
2259	1	1	0	0	0
2260	1	1	0	48	0
2261	2	1	95	0	2005
2262	1	1	0	41	2008
2263	2	1	58	0	2004
2264	1	1	96	33	2008
2265	1	1	0	31	2009
2266	1	1	65	39	2007
2267	2	1	75	0	0
2268	1	1	0	40	2008
2269	2	1	90	0	2003
2270	1	1	60	33	2007
2271	1	1	66	0	2007
2272	2	0	44	46	2005
2273	1	1	96	0	2006
2274	1	1	95	43	2006
2275	1	1	102	46	2007
2276	1	1	63	48	2008
2277	1	1	95	47	2008
2278	2	1	67	32	2005
2279	1	1	76	40	2006
2280	1	1	76	42	2006
2281	1	1	50	32	2006
2282	1	1	102	31	2007
2283	1	1	92	31	2007
2284	1	1	66	37	2009
2285	1	1	62	37	2007
2286	1	1	0	47	2008
2287	2	1	52	48	2004
2288	1	1	63	47	2006
2289	1	1	90	0	2006
2290	1	1	61	48	2006
2291	1	1	69	0	2008
2292	1	1	0	44	2009
2293	1	1	95	48	2006
2294	1	1	0	36	2009
2295	1	1	96	48	2007
2296	2	0	107	49	2004
2297	1	1	50	48	2008
2298	2	0	76	0	2005
2299	1	1	99	0	2007
2300	1	1	93	48	2006
2301	1	1	63	0	2007
2302	2	1	61	0	2005
2303	1	1	96	36	0
2304	2	1	63	0	2004
2305	1	1	0	47	2007
2306	2	1	99	0	2005
2307	1	1	52	38	2007
2308	1	1	63	41	2008
2309	1	0	63	0	2006
2310	1	1	76	48	2008
2311	1	1	63	40	2008
2312	1	1	86	40	2007
2313	1	1	50	39	2007
2314	2	1	98	0	2004
2315	1	1	76	37	2007
2316	5	2	95	0	0
2317	2	1	63	0	2003
2318	1	1	0	37	2007
2319	1	1	51	48	2008
2320	1	1	51	41	2007
2321	1	1	95	42	2006
2322	1	1	52	32	2007
2323	2	1	52	48	2005
2324	2	1	43	43	2004
2325	2	1	63	47	2005
2326	1	1	86	48	2007
2327	1	1	96	44	2008
2328	2	1	90	35	2001
2329	1	1	49	48	2007
2330	1	1	91	37	2006
2331	2	1	55	0	2005
2332	1	1	0	32	2009
2333	2	1	95	43	2004
2334	1	1	105	43	2007
2335	1	1	0	35	0
2336	1	1	94	44	2009
2337	1	0	0	0	0
2338	1	1	103	43	2006
2339	1	0	0	0	0
2340	2	1	65	48	2005
2341	2	1	0	0	2004
2342	1	1	0	37	2009
2343	2	1	90	0	2004
2344	2	1	75	40	2005
2345	1	1	63	48	2007
2346	1	1	66	33	0
2347	1	1	75	40	2008
2348	1	1	0	42	2009
2349	1	1	94	32	2008
2350	1	1	63	37	2008
2351	1	1	0	48	2008
2352	1	1	0	31	2006
2353	2	1	65	35	2004
2354	1	1	0	48	2009
2355	2	1	98	0	2003
2356	1	1	51	0	2006
2357	1	1	0	47	0
2358	1	1	76	39	2006
2359	1	1	90	37	2009
2360	1	0	0	0	0
2361	1	1	75	48	2007
2362	2	1	90	0	2001
2363	1	1	76	33	2009
2364	2	1	96	0	2004
2365	1	1	0	39	0
2366	1	1	76	37	2008
2367	1	1	51	36	2008
2368	1	1	52	35	2008
2369	1	1	61	34	2008
2370	1	1	65	46	2007
2371	1	1	44	48	2009
2372	1	1	90	0	2006
2373	1	1	95	40	2009
2374	1	0	0	0	0
2375	1	1	108	40	2009
2376	1	1	95	39	2007
2377	1	1	104	42	2007
2378	1	1	75	50	2007
2379	1	1	90	39	2006
2380	1	1	76	39	2008
2381	1	0	107	0	2007
2382	1	1	76	31	2009
2383	2	1	0	0	2005
2384	2	1	73	51	2005
2385	2	1	103	0	2004
2386	1	1	0	42	0
2387	1	1	75	0	2007
2388	1	1	44	39	2007
2389	1	1	51	41	2007
2390	1	0	0	0	0
2391	1	1	90	46	2005
2392	1	2	51	0	2007
2393	1	1	63	0	2006
2394	2	0	95	0	2004
2395	1	1	76	33	2007
2396	1	1	60	46	0
2397	1	1	102	33	2009
2398	1	1	65	0	2006
2399	1	1	65	33	2008
2400	1	0	66	34	2008
2401	2	1	55	0	2005
2402	2	1	95	42	2005
2403	2	1	64	46	2002
2404	1	1	0	33	2009
2405	1	0	0	0	0
2406	1	1	65	38	2006
2407	1	2	0	0	2006
2408	1	1	0	35	2007
2409	1	1	95	42	2006
2410	1	1	0	44	0
2411	1	1	0	46	2008
2412	2	1	59	0	2005
2413	1	1	95	50	2006
2414	2	1	63	35	2003
2415	1	1	60	0	2005
2416	2	1	0	0	2005
2417	1	1	65	40	2008
2418	1	1	95	50	2007
2419	1	1	55	39	2006
2420	1	1	0	46	2008
2421	2	1	0	0	0
2422	1	0	88	47	2008
2423	1	1	90	32	2008
2424	1	1	96	50	2007
2425	2	0	0	0	0
2426	1	1	0	44	2009
2427	2	1	96	0	2005
2428	2	1	46	0	2002
2429	2	0	0	0	0
2430	1	1	47	47	2009
2431	1	1	76	42	2008
2432	1	1	0	32	2008
2433	5	1	76	33	2005
2434	1	0	94	0	2006
2435	1	1	0	0	0
2436	1	0	0	0	0
2437	1	1	107	0	2006
2438	1	1	95	42	2008
2439	2	1	95	0	2005
2440	1	1	95	44	2009
2441	2	1	63	0	2005
2442	1	1	75	41	2007
2443	1	1	0	44	2009
2444	1	1	60	37	2008
2445	1	2	0	0	2006
2446	1	1	105	40	2007
2447	1	1	76	41	2008
2448	1	1	60	42	2009
2449	2	1	0	34	2005
2450	1	1	96	0	2006
2451	1	1	51	31	2009
2452	1	1	0	32	2005
2453	1	1	95	40	2006
2454	2	1	76	0	2005
2455	1	1	0	31	2009
2456	1	0	63	42	2008
2457	1	1	94	37	2007
2458	1	1	76	0	2007
2459	1	1	76	39	2006
2460	1	1	62	0	2005
2461	1	1	60	32	2009
2462	1	1	88	0	2006
2463	2	1	95	32	2005
2464	1	1	63	50	2006
2465	1	1	93	35	2009
2466	2	1	55	0	2005
2467	2	1	46	0	2004
2468	1	1	52	31	2009
2469	1	1	75	44	2009
2470	1	1	65	33	2009
2471	2	1	55	43	2004
2472	1	1	65	31	2006
2473	2	1	63	0	2005
2474	1	1	0	37	2009
2475	1	1	51	40	2008
2476	1	1	103	39	2008
2477	2	0	95	0	2004
2478	2	1	48	0	2004
2479	2	1	42	46	2004
2480	1	1	65	46	2008
2481	1	1	86	48	2007
2482	1	1	49	47	2007
2483	1	1	76	44	2009
2484	1	1	108	48	2006
2485	1	1	0	32	2009
2486	1	1	51	41	2009
2487	1	1	63	31	2007
2488	1	1	90	36	2008
2489	1	1	47	44	2006
2490	1	1	51	46	2009
2491	1	0	0	0	0
2492	1	1	0	41	0
2493	1	1	0	0	2006
2494	2	1	76	34	2004
2495	1	1	0	39	2008
2496	1	1	63	33	2008
2497	1	1	96	0	2008
2498	1	1	76	35	2008
2499	1	1	90	32	2006
2500	2	1	76	0	2005
2501	2	1	76	0	2004
2502	1	1	76	52	2006
2503	1	1	96	38	2006
2504	2	1	95	0	2005
2505	2	1	0	0	2005
2506	1	1	76	43	2007
2507	1	1	95	34	2007
2508	1	1	107	0	2005
2509	1	0	0	0	2007
2510	1	1	0	46	2008
2511	1	1	63	34	2006
2512	2	1	92	34	2005
2513	1	1	76	46	2009
2514	1	1	76	42	2007
2515	1	1	92	0	2006
2516	2	0	96	0	2005
2517	1	1	103	47	2007
2518	2	1	0	0	2004
2519	2	1	65	0	2002
2520	1	1	0	33	2008
2521	1	1	108	0	2007
2522	1	0	0	0	0
2523	2	1	67	44	2005
2524	1	1	86	34	2009
2525	1	1	63	49	2006
2526	2	1	59	42	2005
2527	2	1	0	51	2005
2528	1	1	0	35	2008
2529	2	0	62	42	2001
2530	1	1	76	41	2006
2531	2	1	55	0	1940
2532	1	1	50	44	2007
2533	1	0	0	0	0
2534	1	1	0	40	2007
2535	1	1	63	0	2005
2536	1	0	0	0	2007
2537	1	1	51	35	2008
2538	1	1	76	36	2009
2539	1	1	60	39	2007
2540	2	1	63	39	2004
2541	2	1	107	0	2005
2542	2	1	96	0	2005
2543	1	1	63	37	2006
2544	1	1	43	0	2007
2545	2	1	76	0	0
2546	1	1	62	44	2007
2547	1	1	65	37	2009
2548	1	1	0	48	2008
2549	2	1	76	40	2004
2550	2	1	95	0	2004
2551	1	1	75	39	2008
2552	1	1	46	49	2006
2553	1	0	63	43	2007
2554	1	1	107	33	2008
2555	2	1	96	49	2002
2556	2	1	95	34	2004
2557	1	1	96	34	2007
2558	1	1	76	32	2009
2559	2	1	63	0	2004
2560	1	1	58	42	0
2561	1	1	95	46	2006
2562	1	1	95	0	0
2563	1	1	95	48	2007
2564	2	1	63	0	2004
2565	1	0	0	0	0
2566	2	1	46	0	2004
2567	1	1	96	37	2007
2568	1	1	0	40	2009
2569	1	1	63	48	2009
2570	1	1	63	46	2009
2571	1	1	90	41	2007
2572	1	1	76	44	2009
2573	1	1	96	0	2006
2574	1	1	90	47	2006
2575	1	1	0	42	2009
2576	2	1	67	0	2003
2577	1	1	49	39	2008
2578	1	1	47	43	2008
2579	1	1	51	46	2007
2580	1	1	63	44	2008
2581	1	1	50	37	0
2582	1	1	107	39	2008
2583	1	0	76	48	0
2584	1	1	0	37	2008
2585	1	1	0	0	2008
2586	1	1	66	48	2006
2587	1	1	88	0	2006
2588	2	1	98	0	2005
2589	1	1	75	34	2007
2590	1	1	0	47	2008
2591	1	1	95	39	2007
2592	1	1	0	36	2008
2593	1	1	90	32	2006
2594	1	1	95	40	2006
2595	2	1	86	0	2005
2596	1	1	0	42	2009
2597	1	0	0	49	0
2598	1	1	86	54	2006
2599	1	1	76	48	2008
2600	2	0	0	0	0
2601	2	1	63	39	2004
2602	1	1	76	0	2007
2603	1	1	51	31	2008
2604	1	1	0	44	2009
2605	2	1	0	40	2003
2606	1	1	95	32	2007
2607	1	1	65	32	2009
2608	1	1	76	0	2007
2609	1	1	63	43	2006
2610	2	1	47	0	0
2611	1	1	63	47	2006
2612	1	1	0	42	2008
2613	1	1	67	0	2006
2614	1	1	75	33	2006
2615	1	1	0	46	2009
2616	1	1	95	0	2008
2617	2	1	75	0	0
2618	2	1	107	49	2004
2619	1	1	0	39	0
2620	1	1	0	36	2009
2621	1	1	53	32	2008
2622	1	1	47	32	2007
2623	1	0	51	0	0
2624	1	1	44	42	2007
2625	1	1	0	0	2008
2626	2	1	42	0	2005
2627	1	1	86	42	2008
2628	1	1	0	42	2009
2629	2	0	60	42	2003
2630	1	1	65	32	2008
2631	1	0	0	0	0
2632	1	1	63	32	2008
2633	1	1	65	35	2007
2634	1	1	0	42	2007
2635	1	1	102	43	2006
2636	2	1	91	40	0
2637	1	0	0	0	2007
2638	1	1	83	46	2006
2639	2	1	96	0	2005
2640	1	1	0	35	2009
2641	1	1	51	44	2009
2642	1	1	0	40	2009
2643	1	1	0	42	2009
2644	2	1	52	0	2004
2645	1	1	94	0	2006
2646	1	1	65	39	2006
2647	1	1	89	32	2006
2648	2	0	0	0	0
2649	1	1	66	44	2009
2650	2	0	0	0	0
2651	1	1	75	32	2008
2652	1	0	0	0	0
2653	2	1	76	0	2004
2654	1	1	95	48	2009
2655	1	0	63	47	2007
2656	1	1	73	41	2009
2657	1	1	63	39	2009
2658	2	1	102	0	2005
2659	2	1	107	0	0
2660	1	1	65	35	2009
2661	1	0	63	40	2007
2662	1	1	60	39	2007
2663	1	1	50	42	2007
2664	1	1	96	37	2008
2665	1	1	63	39	2005
2666	1	1	51	0	2009
2667	1	1	63	35	2007
2668	1	1	0	33	2009
2669	1	1	95	32	2008
2670	1	1	76	42	2008
2671	1	1	43	0	2005
2672	1	1	90	31	2008
2673	1	1	59	31	2009
2674	1	1	0	46	2009
2675	1	0	0	0	0
2676	2	1	51	0	2004
2677	1	1	51	33	2008
2678	1	0	55	0	2007
2679	2	1	63	42	2005
2680	2	1	75	47	2005
2681	1	1	63	0	2007
2682	1	1	95	46	2009
2683	1	1	66	0	2006
2684	1	1	95	34	2006
2685	1	1	96	37	2008
2686	1	1	63	48	2008
2687	2	1	65	43	2005
2688	1	1	63	0	2006
2689	1	1	95	44	2007
2690	2	1	63	34	2005
2691	1	1	75	32	2006
2692	1	1	102	34	2006
2693	1	1	0	32	2008
2694	1	1	107	41	2006
2695	1	1	76	0	2006
2696	1	1	0	44	2009
2697	2	1	65	0	0
2698	1	1	0	0	2007
2699	1	0	0	34	0
2700	1	1	65	40	2006
2701	1	1	65	31	2007
2702	2	1	50	40	0
2703	1	1	65	48	2008
2704	1	1	47	47	2006
2705	1	1	51	0	2006
2706	1	1	63	0	2006
2707	1	1	90	32	2006
2708	1	1	0	44	2009
2709	1	0	83	0	0
2710	2	1	76	0	2004
2711	1	1	76	47	2009
2712	1	1	0	44	2009
2713	2	1	96	47	2005
2714	1	1	0	40	2008
2715	1	1	50	46	2007
2716	1	1	95	40	2008
2717	1	1	107	46	2008
2718	1	1	63	0	2006
2719	1	1	76	40	2009
2720	1	1	95	42	0
2721	2	0	44	0	2004
2722	1	1	51	40	2009
2723	1	1	63	48	2009
2724	1	1	103	49	2006
2725	1	1	52	37	2006
2726	1	1	63	41	2007
2727	2	1	59	0	2005
2728	1	1	61	39	2009
2729	1	1	0	33	2009
2730	1	1	95	48	2007
2731	1	1	76	42	2008
2732	1	0	83	0	2007
2733	1	1	96	47	2008
2734	1	1	63	0	2008
2735	1	2	0	46	2009
2736	1	1	58	42	2006
2737	1	1	87	42	2008
2738	1	1	51	44	2009
2739	1	1	96	0	0
2740	2	1	63	43	2004
2741	2	1	86	0	2004
2742	1	1	0	40	2009
2743	1	1	0	48	2010
2744	1	1	95	40	2007
2745	1	1	95	52	2006
2746	1	1	0	0	2007
2747	1	1	86	0	2007
2748	1	2	51	48	2005
2749	1	1	96	32	2007
2750	1	1	63	35	2006
2751	1	1	44	33	0
2752	2	1	89	0	2005
2753	1	1	0	33	2008
2754	1	1	46	41	2007
2755	1	1	108	41	2007
2756	1	1	0	35	2008
2757	1	1	53	0	2008
2758	1	1	46	39	2006
2759	1	1	51	47	2007
2760	1	1	96	34	2008
2761	1	1	46	0	2007
2762	1	1	86	39	2008
2763	2	1	96	50	2004
2764	1	1	65	44	2006
2765	1	1	65	41	2006
2766	1	1	65	44	2006
2767	1	1	90	33	2009
2768	2	1	86	0	2004
2769	2	1	76	34	2004
2770	1	1	106	0	0
2771	1	1	107	47	2006
2772	1	0	0	0	0
2773	1	1	95	31	2006
2774	1	1	0	48	2009
2775	1	1	97	48	2008
2776	1	1	63	33	2006
2777	2	1	96	0	2004
2778	2	1	51	47	2004
2779	1	1	63	31	2007
2780	2	1	63	0	2005
2781	1	1	83	41	2008
2782	2	1	63	46	2005
2783	1	0	91	40	2009
2784	2	1	90	35	2005
2785	5	1	73	43	2004
2786	2	1	0	43	2004
2787	1	0	0	0	0
2788	1	1	0	0	2007
2789	1	1	91	42	0
2790	1	1	95	35	2007
2791	1	1	55	43	2006
2792	1	1	46	42	2007
2793	1	1	42	35	2008
2794	1	1	65	40	2008
2795	1	1	43	39	2006
2796	1	1	0	41	2009
2797	2	1	63	0	2004
2798	1	1	90	40	2006
2799	1	1	63	0	2007
2800	1	1	95	0	2006
2801	1	1	51	34	2007
2802	1	1	107	42	0
2803	1	1	0	32	2009
2804	1	1	95	0	2006
2805	2	1	65	0	2004
2806	2	1	95	53	2005
2807	1	1	95	0	2006
2808	1	0	51	40	2006
2809	1	1	65	32	2006
2810	2	1	103	0	2003
2811	2	0	0	0	2004
2812	1	1	46	48	2008
2813	1	1	76	36	2009
2814	1	1	54	41	2007
2815	1	1	98	39	2009
2816	2	1	95	0	2005
2817	2	1	65	0	2004
2818	1	1	96	32	2008
2819	1	1	63	31	0
2820	2	1	95	0	1959
2821	1	0	0	0	2008
2822	2	1	63	0	2005
2823	2	1	63	50	2005
2824	2	1	43	0	2005
2825	2	1	63	0	2004
2826	2	1	67	0	2005
2827	1	1	78	35	2006
2828	1	1	65	37	2009
2829	1	1	106	34	2008
2830	1	1	0	44	2008
2831	1	1	0	47	2008
2832	1	1	52	36	2006
2833	1	1	0	44	0
2834	1	1	0	48	2008
2835	1	1	103	40	2007
2836	3	1	49	0	0
2837	1	1	65	46	2006
2838	1	0	0	0	0
2839	1	1	63	36	2008
2840	1	0	0	0	0
2841	1	1	76	39	2009
2842	2	1	0	0	2005
2843	1	0	65	0	2006
2844	2	1	64	0	2003
2845	1	1	63	0	2007
2846	1	1	63	42	2007
2847	1	1	76	47	2008
2848	1	1	65	32	2008
2849	1	1	65	46	2008
2850	1	1	107	32	2006
2851	1	1	47	37	2008
2852	2	1	65	0	2005
2853	1	1	50	47	2006
2854	1	1	0	34	2009
2855	2	1	76	43	2005
2856	1	0	51	33	2006
2857	2	1	63	39	2004
2858	1	1	0	38	0
2859	2	1	50	0	2005
2860	1	1	0	48	2009
2861	1	1	49	0	2006
2862	1	0	62	34	2007
2863	1	1	50	33	0
2864	1	1	50	37	2008
2865	1	0	0	0	0
2866	1	1	63	48	2008
2867	1	1	95	37	2009
2868	2	1	96	0	2003
2869	1	1	0	48	2009
2870	1	1	92	47	2008
2871	1	1	95	34	2006
2872	2	1	65	46	2004
2873	1	1	55	0	0
2874	2	1	63	0	2005
2875	1	1	63	47	2006
2876	1	1	46	39	2006
2877	1	1	63	48	2007
2878	2	1	51	32	2005
2879	1	1	76	44	2008
2880	2	0	0	0	0
2881	2	0	0	0	0
2882	1	1	90	32	2005
2883	1	1	96	40	2007
2884	1	1	43	48	2006
2885	1	1	78	44	2007
2886	1	1	68	0	2008
2887	1	1	87	42	2008
2888	1	1	47	41	2007
2889	1	0	0	0	0
2890	1	1	90	40	2007
2891	1	1	63	39	2007
2892	1	1	92	39	2008
2893	3	0	0	0	0
2894	1	1	90	0	2006
2895	1	1	46	39	2006
2896	1	0	102	34	0
2897	1	1	50	44	2008
2898	1	1	75	0	2007
2899	2	1	95	0	2005
2900	1	1	50	32	2006
2901	1	1	0	41	2008
2902	1	1	58	37	2007
2903	1	2	0	0	2008
2904	1	1	0	40	2009
2905	2	1	42	0	2005
2906	1	1	50	44	2009
2907	1	1	103	31	2007
2908	1	1	65	0	2006
2909	1	1	57	33	0
2910	1	1	95	40	2008
2911	1	1	0	0	2008
2912	1	1	63	47	2008
2913	1	1	62	32	2006
2914	1	1	50	41	2006
2915	1	0	65	0	2006
2916	1	1	51	48	2008
2917	1	1	62	47	2006
2918	1	1	51	32	2007
2919	1	1	63	43	2008
2920	1	1	76	37	2009
2921	1	1	65	33	2009
2922	1	1	51	42	2008
2923	1	1	91	42	2007
2924	1	1	96	39	2008
2925	2	1	107	42	2005
2926	1	1	63	46	2007
2927	1	1	43	42	2007
2928	1	1	95	37	2007
2929	1	1	66	32	2009
2930	1	1	98	35	2008
2931	1	1	50	44	2008
2932	1	1	96	0	2008
2933	2	1	52	34	2004
2934	1	1	51	44	0
2935	1	1	98	0	2007
2936	1	1	0	44	2008
2937	1	0	53	0	2008
2938	1	1	76	46	2008
2939	1	1	0	41	2009
2940	1	1	0	31	2008
2941	2	1	76	0	2004
2942	1	1	90	0	2005
2943	1	0	89	0	0
2944	1	1	52	46	2006
2945	1	1	94	33	0
2946	1	1	96	0	2007
2947	2	1	44	39	2005
2948	1	1	0	42	2008
2949	1	1	63	47	2008
2950	1	1	0	34	2008
2951	1	1	63	42	2008
2952	1	1	63	40	2009
2953	1	1	0	0	2007
2954	1	1	76	32	0
2955	1	1	96	37	2007
2956	1	1	75	47	2006
2957	1	1	90	49	2006
2958	2	1	65	47	2005
2959	1	1	108	41	2007
2960	1	1	47	32	2007
2961	1	1	63	46	2006
2962	2	1	51	0	2005
2963	1	1	65	46	2008
2964	1	1	51	40	2009
2965	2	1	75	0	2005
2966	1	0	94	0	2007
2967	1	1	94	0	2006
2968	1	1	44	0	2007
2969	2	1	63	43	2005
2970	1	1	75	41	2007
