id	status	gender	major	dorm	year
1	1	2	0	498	2009
2	1	2	103	0	2007
3	1	2	107	466	2007
4	1	2	103	0	2006
5	1	2	95	327	2007
6	2	2	108	0	2004
7	1	2	116	327	2008
8	1	1	90	475	2006
9	2	2	111	0	2002
10	2	1	109	0	2005
11	4	2	0	0	0
12	1	1	0	327	2008
13	1	2	107	464	2006
14	1	2	107	465	2005
15	1	1	98	329	0
16	1	1	0	498	2009
17	2	2	91	0	2005
18	2	2	90	415	2005
19	1	2	95	402	2006
20	1	2	107	420	2006
21	2	1	118	0	2004
22	2	1	108	0	2005
23	2	2	122	450	2005
24	1	2	98	0	2009
25	2	1	91	0	2004
26	1	1	103	343	2007
27	1	2	0	327	2009
28	1	2	0	0	0
29	1	1	0	331	2008
30	1	2	118	477	2007
31	1	1	98	495	2008
32	1	2	114	498	2006
33	1	1	111	332	2009
34	1	2	118	388	2006
35	2	1	105	0	2005
36	2	1	111	369	2005
37	2	0	130	0	2005
38	1	0	0	327	2008
39	1	1	90	335	2007
40	1	2	122	0	2006
41	2	1	119	0	2005
42	1	1	90	364	2006
43	1	2	105	340	2008
44	1	1	102	0	2005
45	2	1	124	412	2005
46	1	1	0	498	2009
47	1	1	134	329	2009
48	1	1	95	335	2007
49	1	2	99	472	2008
50	4	0	0	0	0
51	1	1	108	330	2008
52	1	1	131	499	2006
53	2	2	91	430	2005
54	1	2	111	329	2009
55	1	1	108	327	2007
56	1	1	98	343	2006
57	1	2	0	327	2007
58	1	2	0	327	2009
59	1	2	108	330	2008
60	1	1	116	327	2008
61	2	1	112	0	2005
62	1	1	98	330	2009
63	1	1	101	0	2007
64	2	2	120	0	2003
65	1	2	107	0	2007
66	2	1	91	334	2005
67	1	2	108	331	2009
68	1	2	119	343	2006
69	2	1	122	0	2004
70	1	2	0	427	2005
71	1	1	108	481	2007
72	1	1	103	331	2008
73	0	0	0	0	0
74	1	2	0	498	2009
75	1	1	111	490	2007
76	1	1	95	498	2009
77	2	1	98	0	2004
78	1	2	0	329	2009
79	1	1	108	477	2008
80	1	1	107	404	2006
81	1	0	103	343	2007
82	1	1	112	335	2007
83	1	2	132	331	2007
84	2	1	0	0	2005
85	1	0	123	0	2006
86	1	1	132	327	2009
87	1	1	91	343	2007
88	1	0	108	434	2006
89	1	2	0	473	2007
90	1	1	103	457	2006
91	1	2	107	340	2008
92	6	0	102	0	0
93	1	1	0	329	2009
94	1	2	122	331	2007
95	1	2	122	0	2009
96	1	2	108	330	2009
97	1	1	124	0	2007
98	1	1	116	0	0
99	1	1	94	343	2007
100	1	1	131	465	2007
101	1	2	0	0	2009
102	2	1	91	0	2005
103	1	1	92	327	2009
104	2	1	111	0	2004
105	1	1	108	452	2006
106	1	2	0	331	2009
107	2	2	109	0	2004
108	1	0	92	0	2007
109	2	2	121	405	2005
110	1	1	94	0	2007
111	1	1	0	331	2008
112	2	2	0	492	2005
113	1	1	95	473	2008
114	1	0	0	332	2008
115	1	1	0	331	2008
116	1	2	103	467	2007
117	1	1	105	0	2007
118	1	1	122	327	2007
119	2	1	92	422	2005
120	1	2	121	0	2008
121	2	0	0	0	0
122	1	1	98	330	2009
123	1	2	109	330	2008
124	1	2	111	489	2007
125	4	1	0	0	0
126	1	2	131	0	2009
127	1	1	121	327	2008
128	1	1	122	417	2006
129	2	2	0	0	2004
130	2	2	109	449	2005
131	1	1	106	485	2007
132	1	0	0	0	0
133	1	2	107	449	2005
134	2	1	92	0	2004
135	1	1	91	350	2006
136	2	2	112	0	0
137	2	0	108	0	2004
138	1	1	119	343	2007
139	2	1	131	472	2005
140	1	1	107	482	2007
141	1	1	111	498	2007
142	1	0	0	0	0
143	5	2	98	426	2005
144	1	2	119	327	2007
145	1	2	0	327	2009
146	1	2	92	327	2009
147	2	1	102	0	2004
148	1	1	108	329	2009
149	2	2	107	412	2005
150	1	0	111	0	2007
151	1	2	106	0	2006
152	1	2	107	0	2006
153	1	0	131	0	2007
154	1	1	122	475	2007
155	1	0	122	0	2005
156	1	1	98	449	2006
157	1	1	92	481	2008
158	2	1	131	379	2005
159	1	2	111	329	2009
160	2	1	99	343	2005
161	1	0	0	0	0
162	4	1	0	0	0
163	1	2	122	343	2008
164	1	2	91	330	2008
165	4	1	0	0	0
166	1	2	118	0	2005
167	1	1	133	328	2009
168	1	1	122	454	2006
169	1	2	107	331	2008
170	1	1	111	334	2005
171	1	2	0	331	2009
172	1	1	115	328	2009
173	2	1	107	442	2004
174	1	1	0	498	2009
175	2	1	122	0	2005
176	1	1	0	331	2008
177	1	1	122	355	2006
178	1	0	0	0	0
179	1	1	0	341	2007
180	2	2	122	412	2003
181	1	2	121	0	2006
182	1	1	122	0	2006
183	1	0	0	490	2007
184	2	1	131	0	2005
185	1	1	0	329	2009
186	5	1	0	0	2005
187	1	1	109	327	2008
188	1	2	109	327	2007
189	1	1	0	329	2009
190	1	1	0	327	2009
191	1	0	102	0	2006
192	1	1	108	329	2009
193	1	1	114	343	2007
194	1	2	107	327	2009
195	1	2	0	0	0
196	1	2	112	0	2007
197	1	1	95	327	2009
198	1	1	108	498	2009
199	1	1	111	333	0
200	1	2	114	327	2008
201	1	1	122	498	2009
202	2	2	131	480	2004
203	1	1	98	447	2006
204	4	1	0	0	0
205	1	2	109	455	2006
206	1	2	0	327	2009
207	2	1	124	0	2005
208	1	2	107	333	2007
209	1	2	103	486	2006
210	1	2	107	499	2009
211	1	2	109	443	2006
212	1	1	100	331	2008
213	1	1	116	343	2006
214	1	2	0	498	2009
215	1	1	111	327	2008
216	1	1	100	498	2007
217	1	2	108	330	2008
218	5	1	122	0	2006
219	5	1	105	0	2006
220	1	1	108	327	2009
221	1	2	107	0	2006
222	1	1	104	327	2009
223	1	0	0	0	0
224	1	2	133	341	2008
225	1	1	0	331	2008
226	2	1	112	0	2005
227	1	2	90	340	2006
228	1	1	92	495	2008
229	1	1	91	327	2008
230	1	1	98	468	2008
231	1	1	91	343	2007
232	1	2	105	466	2007
233	1	1	0	0	2008
234	1	2	0	331	2008
235	3	1	0	0	0
236	1	1	102	337	2007
237	2	2	108	0	2005
238	2	2	126	0	2005
239	1	2	0	327	2008
240	1	1	107	343	2006
241	1	2	119	477	2006
242	1	1	122	0	2007
243	1	2	122	467	2005
244	1	2	95	0	2006
245	1	0	0	0	0
246	1	2	107	329	2009
247	1	1	122	327	2008
248	5	1	114	0	0
249	2	1	107	383	2005
250	1	1	108	498	2009
251	1	2	122	332	2008
252	1	2	98	0	2008
253	2	1	122	0	2005
254	1	1	111	483	2006
255	2	1	118	0	2005
256	1	1	0	330	2008
257	1	2	97	472	2006
258	1	2	118	368	2006
259	1	1	98	327	2007
260	1	1	108	343	2007
261	1	1	127	354	2006
262	1	1	98	343	2007
263	1	2	111	0	2007
264	1	1	0	331	2008
265	1	1	0	327	2009
266	1	0	99	498	2009
267	1	1	132	498	2009
268	1	2	116	327	2008
269	1	1	107	482	2008
270	1	0	91	333	2007
271	2	2	109	0	2004
272	1	2	107	489	2008
273	1	0	112	363	2006
274	1	2	120	331	2008
275	1	2	111	333	2007
276	1	1	91	343	2007
277	1	1	98	498	2009
278	1	1	95	488	2007
279	1	2	91	332	2008
280	2	0	116	489	2004
281	1	1	113	330	2009
282	1	2	0	0	2008
283	1	1	108	489	2007
284	1	2	0	0	2007
285	1	2	118	331	2009
286	1	1	107	329	2007
287	1	0	107	497	2008
288	1	2	107	418	2006
289	1	1	103	0	2005
290	1	1	0	0	2008
291	1	0	0	0	0
292	1	2	0	332	2009
293	1	1	119	475	2008
294	1	2	119	0	2007
295	1	1	0	331	2009
296	1	1	94	343	2007
297	1	2	0	327	0
298	1	1	0	327	2009
299	1	2	115	404	2006
300	2	1	0	0	2007
301	1	1	116	327	2009
302	1	1	0	327	2009
303	1	1	119	404	2006
304	1	1	122	475	2008
305	1	1	112	498	2009
306	2	2	111	385	2005
307	2	1	131	0	2004
308	1	1	116	0	2007
309	1	2	0	327	2009
310	2	2	111	0	2005
311	1	1	0	498	2009
312	1	1	122	465	2006
313	2	2	91	0	2005
314	1	1	131	343	2007
315	1	2	116	331	2008
316	1	1	90	388	2006
317	1	1	123	327	2008
318	2	1	97	0	2004
319	1	2	91	466	2006
320	2	2	107	343	0
321	1	1	113	332	2009
322	1	1	111	335	2006
323	1	1	0	498	2009
324	1	2	0	479	2008
325	1	1	116	333	2006
326	2	0	0	0	0
327	2	1	0	0	2005
328	1	1	100	332	2008
329	2	1	0	0	2004
330	1	2	120	332	2008
331	1	0	116	327	2008
332	1	0	0	403	0
333	1	1	0	0	2007
334	1	1	108	360	2006
335	1	1	0	468	2007
336	1	1	108	498	2007
337	1	1	123	331	2008
338	2	1	111	0	2004
339	1	1	108	343	2007
340	1	2	0	489	2007
341	2	2	107	384	2005
342	1	1	107	0	2006
343	1	1	107	332	2009
344	1	2	120	0	2008
345	2	0	103	0	0
346	2	0	0	0	0
347	1	1	98	329	2009
348	5	1	99	0	0
349	1	1	107	331	2008
350	1	2	102	406	2006
351	1	1	133	0	2006
352	1	1	98	480	2008
353	4	2	0	0	2004
354	1	2	108	334	2006
355	1	2	119	498	2009
356	1	1	103	331	2008
357	2	1	114	418	2005
358	2	1	0	0	2004
359	1	0	0	0	0
360	2	1	0	0	2004
361	2	1	91	454	2005
362	1	2	107	488	2007
363	1	2	131	363	2006
364	1	1	103	340	2007
365	1	0	0	0	2008
366	2	1	113	0	2004
367	1	2	111	384	2006
368	1	1	108	498	2009
369	2	2	0	0	0
370	1	2	101	0	2007
371	2	2	0	0	2004
372	1	2	131	388	2006
373	1	1	108	446	2007
374	2	1	121	397	2003
375	2	1	111	497	2004
376	2	1	111	0	2005
377	1	0	0	0	0
378	1	2	107	404	2006
379	1	2	130	419	2006
380	1	1	99	498	2009
381	1	2	109	330	2008
382	1	2	0	498	2009
383	1	2	99	327	2009
384	1	0	113	470	2007
385	1	1	109	358	2006
386	1	1	0	330	2008
387	1	1	107	333	2006
388	1	1	108	0	2005
389	1	2	0	463	2008
390	1	2	116	328	2009
391	2	1	119	460	2004
392	1	2	0	330	2008
393	1	1	104	331	2008
394	2	2	132	465	2003
395	1	2	107	498	2006
396	2	0	109	0	2004
397	1	1	132	343	2007
398	1	1	0	332	2008
399	1	1	123	0	2006
400	2	2	111	489	2004
401	1	1	0	331	0
402	2	1	106	0	2005
403	1	1	0	332	2007
404	1	1	91	370	2006
405	1	2	0	327	2008
406	1	0	112	330	0
407	1	2	111	0	2007
408	1	1	0	327	2009
409	1	0	118	498	2007
410	1	0	0	0	0
411	1	2	132	465	2007
412	1	1	0	327	2008
413	1	2	0	0	2005
414	1	1	108	473	2008
415	2	1	113	0	2005
416	1	1	0	479	2008
417	1	2	112	332	2008
418	1	2	100	389	2006
419	1	0	107	0	0
420	1	1	0	327	2009
421	1	1	98	327	2007
422	1	2	91	343	2006
423	1	2	122	327	0
424	1	2	112	329	2008
425	2	2	106	0	2004
426	1	2	111	343	2008
427	1	1	131	327	2006
428	1	1	0	478	2008
429	2	2	107	343	2005
430	2	0	98	0	2005
431	1	0	92	340	2006
432	1	1	0	0	2009
433	1	1	0	479	2008
434	3	1	127	0	0
435	2	1	0	0	0
436	1	1	122	337	2007
437	2	2	111	0	2004
438	1	1	107	483	2008
439	1	0	123	477	2006
440	1	2	103	0	2007
441	1	0	0	0	0
442	1	1	108	468	2008
443	1	2	115	327	2008
444	1	1	124	329	2009
445	2	2	91	0	2005
446	1	1	116	329	2009
447	1	1	112	0	2006
448	1	2	120	385	2006
449	2	1	122	0	2005
450	1	0	91	397	0
451	1	2	92	499	2007
452	2	1	122	0	2004
453	1	2	91	0	2007
454	2	2	103	0	2005
455	1	2	109	331	2009
456	1	2	0	331	2008
457	1	2	107	331	2008
458	1	2	121	0	0
459	2	0	131	0	2005
460	1	2	120	343	2006
461	2	2	122	0	2004
462	1	1	116	404	2005
463	1	2	95	471	2008
464	1	1	112	479	2008
465	1	1	114	327	2008
466	1	2	114	0	2006
467	1	2	108	477	2008
468	2	1	105	0	2005
469	1	1	111	488	2006
470	2	0	95	0	2005
471	1	1	0	327	2009
472	1	2	120	343	2006
473	1	2	112	343	2006
474	1	2	132	481	2006
475	1	2	98	334	2006
476	1	2	109	343	2007
477	2	1	107	348	2005
478	1	2	126	327	2008
479	1	2	0	498	2009
480	1	1	107	0	2007
481	1	2	123	416	2006
482	2	1	92	0	2005
483	2	0	0	0	0
484	1	1	102	0	2007
485	1	1	0	327	2009
486	1	0	131	471	2006
487	1	2	0	483	2008
488	2	0	133	0	2005
489	2	1	108	0	2005
490	2	2	95	446	0
491	2	1	119	0	2004
492	1	1	102	327	2008
493	2	2	111	0	2004
494	1	1	119	498	2009
495	1	1	129	327	2009
496	1	2	118	0	2006
497	2	2	122	336	2005
498	1	0	95	0	2007
499	1	2	120	465	2006
500	1	2	107	487	2007
501	2	2	108	435	2005
502	1	2	122	355	2006
503	1	1	98	327	2009
504	1	1	102	327	2009
505	1	2	122	330	2007
506	1	2	0	498	2009
507	1	1	123	463	2008
508	1	2	115	343	2006
509	1	1	0	332	2009
510	1	2	109	327	2008
511	1	2	0	329	2009
512	1	2	118	327	2008
513	2	1	122	354	2005
514	1	2	98	334	2005
515	1	2	111	484	2007
516	1	2	108	330	2008
517	1	1	95	334	2006
518	1	2	95	0	2006
519	1	2	0	332	2009
520	1	0	131	0	0
521	1	1	105	499	2006
522	1	1	0	330	2008
523	1	1	111	343	2006
524	2	2	0	0	2005
525	2	0	0	0	0
526	1	1	0	333	2007
527	1	1	111	369	2005
528	1	1	130	419	2006
529	1	1	98	332	2008
530	1	2	132	332	2009
531	2	0	91	0	2005
532	1	1	109	331	2006
533	1	1	94	452	2006
534	1	0	122	480	2008
535	2	0	103	0	2005
536	2	2	121	0	2005
537	1	0	0	0	0
538	1	1	124	328	2008
539	1	1	0	498	2009
540	1	1	108	0	2006
541	1	1	0	498	2009
542	2	2	107	0	2003
543	1	2	103	330	2008
544	1	1	132	327	2009
545	2	0	0	0	2005
546	1	1	132	376	2006
547	1	1	94	0	2006
548	2	2	107	0	2004
549	2	2	107	0	2005
550	1	1	97	332	2009
551	2	2	111	0	2005
552	1	2	107	330	2008
553	1	2	103	0	2006
554	1	1	95	411	2005
555	1	0	0	0	0
556	2	2	112	0	0
557	1	1	0	331	2009
558	2	2	112	356	2005
559	1	1	108	0	2007
560	1	1	91	327	2009
561	1	2	0	0	2010
562	1	2	107	473	2007
563	2	2	112	0	2005
564	1	1	0	332	2008
565	1	1	102	331	2009
566	1	1	132	340	2008
567	1	1	99	334	2006
568	1	2	95	343	2006
569	1	2	103	327	2007
570	2	0	109	0	2005
571	4	0	0	0	0
572	1	1	108	341	2007
573	1	1	100	332	2009
574	1	0	122	343	2007
575	1	1	103	484	2006
576	1	1	119	498	2009
577	2	1	119	334	2004
578	1	1	122	498	2009
579	2	1	122	0	2005
580	1	2	116	327	2007
581	1	1	0	327	2009
582	2	1	91	0	2005
583	5	0	0	0	0
584	1	1	0	327	2009
585	1	1	0	327	2009
586	1	1	92	327	2008
587	1	2	112	498	2009
588	1	1	91	330	2008
589	1	1	97	332	2009
590	1	1	108	332	2008
591	1	2	119	331	2009
592	1	1	108	0	2007
593	2	1	122	0	2004
594	1	1	98	327	2009
595	1	2	98	327	2009
596	2	1	122	0	2004
597	1	1	99	499	2009
598	2	1	130	417	2005
599	1	1	130	0	2007
600	1	1	107	474	2008
601	2	1	116	0	2005
602	1	0	0	0	0
603	3	2	91	0	0
604	1	2	111	329	2009
605	1	1	93	481	2008
606	1	2	111	0	2006
607	1	0	133	0	2007
608	2	1	99	404	2005
609	2	2	107	0	2004
610	1	1	103	488	2004
611	1	1	123	332	2009
612	1	1	112	329	2009
613	1	1	119	327	2008
614	1	2	118	332	2008
615	2	2	122	368	2005
616	1	1	100	459	2006
617	1	0	112	0	2005
618	1	2	0	327	2009
619	1	1	0	330	2008
620	1	2	111	0	2007
621	2	0	105	0	2005
622	1	0	111	330	2008
623	1	1	109	456	2006
624	1	2	99	330	2008
625	2	2	0	0	2004
626	1	2	0	466	2007
627	1	2	107	489	2008
628	1	1	119	499	2009
629	1	0	122	0	2006
630	2	0	107	0	0
631	1	2	105	333	2007
632	1	1	122	333	2007
633	1	1	0	327	2007
634	1	0	114	480	2007
635	1	1	98	331	2009
636	2	1	90	348	2005
637	1	2	0	340	2008
638	1	2	0	466	2008
639	2	2	107	0	2004
640	1	1	0	0	2007
641	2	1	92	0	2005
642	2	2	132	0	2004
643	2	0	91	403	2005
644	2	1	112	0	2005
645	1	2	108	327	2009
646	1	2	99	498	2009
647	1	1	116	327	2009
648	2	2	108	0	2004
649	1	2	111	343	2006
650	1	2	118	327	2008
651	2	2	102	0	2005
652	1	2	0	327	2009
653	1	0	0	332	2009
654	1	2	0	329	2009
655	1	1	108	472	2007
656	1	2	103	477	2008
657	1	1	92	335	2007
658	1	2	0	0	2009
659	1	1	0	329	2008
660	1	2	113	455	2005
661	2	2	111	0	2004
662	1	2	109	0	2007
663	1	2	111	0	2009
664	1	2	0	329	2009
665	1	1	119	332	2008
666	1	1	0	330	2008
667	4	1	0	0	0
668	1	2	108	499	2009
669	1	1	0	0	2009
670	1	1	92	469	2008
671	1	2	0	498	2009
672	1	1	122	335	2007
673	1	1	0	498	2009
674	2	2	100	0	2005
675	2	2	126	0	2005
676	1	1	127	370	2006
677	1	1	0	331	2009
678	1	1	101	327	2008
679	5	2	99	0	0
680	1	2	119	330	2009
681	1	0	118	327	2007
682	1	1	131	482	2008
683	2	2	113	445	2005
684	1	0	0	0	0
685	4	1	0	0	0
686	2	0	120	0	2005
687	2	2	111	334	2005
688	1	2	108	482	2008
689	1	1	125	426	2006
690	1	0	122	484	2006
691	1	1	108	0	2008
692	1	2	95	479	2008
693	1	2	107	377	2005
694	2	2	121	387	2004
695	2	1	111	0	2005
696	1	1	114	327	2009
697	1	0	114	373	2008
698	1	1	98	332	2009
699	1	1	91	343	2007
700	1	0	0	0	2007
701	1	2	0	327	2008
702	1	2	109	498	2009
703	1	1	120	327	2009
704	2	0	0	0	0
705	1	2	111	498	2009
706	1	0	0	0	0
707	1	2	98	427	0
708	2	2	90	0	2004
709	1	1	122	343	2006
710	1	1	107	333	2007
711	2	1	126	424	2005
712	2	1	118	337	2005
713	1	1	0	498	2009
714	1	1	108	329	2009
715	1	2	122	0	2006
716	1	1	91	383	2006
717	1	2	111	327	2009
718	1	2	112	490	2008
719	1	1	122	0	0
720	2	1	0	453	0
721	2	0	0	0	2004
722	1	1	119	499	2009
723	1	1	112	343	2006
724	1	2	111	327	2008
725	2	1	111	0	0
726	1	0	0	0	0
727	2	2	111	0	2005
728	1	2	107	327	0
729	1	2	131	327	2008
730	1	1	109	329	2008
731	2	0	116	0	2005
732	2	2	107	441	2004
733	1	2	121	334	2007
734	1	1	105	335	2007
735	1	1	0	332	2008
736	1	1	105	479	2008
737	1	1	92	0	2007
738	1	1	109	0	2006
739	1	1	127	331	2008
740	1	2	112	426	2005
741	2	2	109	0	2005
742	1	0	100	330	2007
743	1	1	104	330	2007
744	1	1	93	327	2008
745	1	2	109	0	2006
746	1	1	121	330	2008
747	1	2	105	479	2008
748	1	2	95	406	2006
749	2	1	108	0	2005
750	2	2	119	0	2005
751	1	1	112	335	2007
752	1	1	131	0	2005
753	1	0	103	386	2006
754	1	0	0	0	0
755	1	1	123	474	2006
756	1	1	99	330	2009
757	1	2	0	329	2008
758	1	1	95	341	2007
759	1	1	99	329	2009
760	1	1	0	472	2008
761	1	2	103	0	2006
762	1	0	0	0	0
763	2	2	130	427	2004
764	1	1	106	0	2006
765	1	1	0	332	2008
766	2	1	131	0	2004
767	1	1	0	327	2008
768	2	1	121	0	0
769	1	1	122	0	2006
770	1	1	99	348	2005
771	1	1	0	331	2007
772	1	1	111	498	2009
773	1	1	102	343	2007
774	1	0	91	457	2006
775	1	2	98	327	2009
776	1	1	122	405	2006
777	1	1	91	330	2007
778	1	2	0	327	2008
779	2	1	94	0	2005
780	1	1	110	337	2007
781	1	2	114	437	2006
782	1	2	90	343	2007
783	1	1	118	0	2006
784	1	2	116	469	2007
785	2	0	0	0	2005
786	2	2	122	354	2004
787	1	1	0	332	2008
788	1	0	0	0	0
789	1	1	0	331	2009
790	1	1	94	335	2007
791	1	1	102	498	2009
792	2	1	111	0	2005
793	1	1	131	0	2007
794	2	1	122	397	2005
795	1	1	107	327	2008
796	1	2	114	343	2007
797	1	1	108	343	2007
798	1	2	99	467	2007
799	1	1	0	327	2008
800	2	2	109	0	2005
801	1	1	92	330	2007
802	1	2	107	327	2009
803	2	1	90	493	2002
804	1	1	0	330	2008
805	2	1	122	0	0
806	1	0	91	420	2005
807	1	2	107	0	2006
808	1	2	94	466	2008
809	1	1	0	327	2009
810	1	2	0	327	2009
811	3	2	126	0	0
812	2	2	122	363	2003
813	1	1	0	329	2009
814	1	2	116	331	2009
815	1	2	127	327	2009
816	1	1	0	331	2009
817	1	2	122	330	2007
818	2	1	111	0	2005
819	1	0	123	350	0
820	1	1	109	332	2009
821	2	1	116	0	0
822	1	2	109	380	2006
823	1	1	130	0	2006
824	1	1	90	0	2005
825	2	1	122	0	2005
826	1	0	103	421	2006
827	1	1	103	0	2007
828	1	2	111	334	2006
829	1	1	0	343	2007
830	1	1	122	0	2007
831	1	2	122	468	2008
832	4	2	115	331	2008
833	1	2	0	0	2006
834	1	1	131	452	2006
835	1	1	122	343	2007
836	1	1	122	436	2006
837	1	1	0	329	2009
838	1	2	98	498	2009
839	1	2	107	327	2008
840	1	2	121	343	2006
841	1	1	98	498	2009
842	2	2	120	0	2005
843	1	1	112	0	2007
844	1	2	107	489	2007
845	3	2	132	0	2007
846	1	2	0	498	2009
847	2	2	108	0	2005
848	1	0	0	0	2006
849	1	1	119	331	2009
850	1	2	0	327	2008
851	1	2	113	327	2008
852	1	2	103	329	2009
853	1	2	118	331	2008
854	1	1	107	479	2007
855	2	1	91	0	2005
856	3	0	0	0	0
857	1	1	90	0	2006
858	1	1	0	498	2009
859	1	2	107	343	2006
860	2	2	0	0	0
861	2	1	131	384	2003
862	1	2	0	476	2008
863	1	1	119	330	2008
864	1	2	111	498	2009
865	1	1	122	0	2007
866	1	1	111	343	2007
867	1	2	98	359	2006
868	1	2	111	334	2005
869	1	1	0	329	2008
870	1	2	0	332	2009
871	1	2	94	479	2008
872	1	1	0	498	2009
873	1	2	107	343	2007
874	2	1	109	0	2004
875	1	1	122	498	2009
876	1	1	119	327	2009
877	1	2	120	327	2009
878	1	1	108	331	2008
879	2	0	0	0	0
880	1	1	111	460	0
881	1	1	94	441	2006
882	1	2	0	327	2009
883	1	1	122	329	2009
884	1	2	118	327	2007
885	2	2	132	0	2003
886	1	1	122	0	2006
887	1	2	122	334	2006
888	2	2	0	0	1968
889	1	2	0	329	2009
890	1	1	94	327	2009
891	1	0	0	343	2007
892	1	1	0	327	2008
893	1	0	91	383	2006
894	2	1	0	0	2004
895	1	2	0	330	2007
896	1	2	107	489	2007
897	1	2	104	0	2007
898	2	1	108	0	2005
899	1	1	0	0	2008
900	1	1	111	327	2008
901	1	2	108	0	2007
902	1	2	108	0	2006
903	1	1	127	422	2005
904	1	2	107	343	2007
905	2	2	119	0	2004
906	1	0	0	0	0
907	1	1	0	330	2008
908	1	2	0	0	2008
909	1	1	119	333	2006
910	1	2	99	332	2008
911	2	2	126	406	2005
912	3	2	90	334	2010
913	1	0	0	0	0
914	5	2	97	0	2006
915	1	1	107	0	2005
916	1	2	108	498	2009
917	2	2	115	0	2004
918	1	2	119	450	2005
919	2	1	111	0	2004
920	1	2	107	489	2007
921	5	2	116	0	2005
922	1	2	131	331	2008
923	1	1	0	498	2009
924	1	2	0	328	2009
925	2	1	131	394	2005
926	1	2	0	328	2008
927	1	1	112	484	2007
928	1	2	99	330	2009
929	1	0	0	0	0
930	2	2	100	0	2000
931	1	1	111	0	2006
932	2	1	111	0	2004
933	1	2	107	498	2009
934	1	2	112	331	2008
935	1	2	111	416	2006
936	1	1	92	0	2006
937	1	2	0	331	2008
938	1	1	116	465	2007
939	1	2	109	0	2006
940	2	0	113	0	2005
941	1	1	111	334	2006
942	1	2	98	331	2009
943	1	0	99	327	0
944	1	2	106	340	2008
945	1	2	132	343	2007
946	1	1	108	331	2008
947	2	1	0	0	2005
948	1	2	132	395	2006
949	1	0	104	0	2007
950	1	1	104	378	2007
951	2	1	92	0	2005
952	1	2	109	488	2008
953	1	2	0	331	2008
954	1	2	108	330	2008
955	1	2	131	0	2006
956	1	1	119	469	2008
957	1	1	0	327	2008
958	1	0	122	490	2007
959	2	0	108	488	0
960	1	1	0	498	2009
961	1	1	108	332	2008
962	1	2	0	329	2009
963	1	1	0	331	2008
964	1	2	106	327	2008
965	1	1	108	475	2008
966	2	0	0	0	0
967	1	2	91	343	2007
968	1	0	0	0	2010
969	2	2	122	439	2005
970	1	2	0	498	2009
971	1	1	0	0	2008
972	2	2	112	488	2004
973	1	2	116	327	2007
974	2	0	0	0	0
975	1	2	132	375	2006
976	1	1	125	0	2006
977	1	2	107	483	2006
978	2	1	0	0	2004
979	2	1	122	0	2004
980	1	2	107	343	2007
981	1	2	0	332	2008
982	2	2	113	0	2003
983	1	1	122	343	2006
984	1	2	119	327	2007
985	1	1	130	343	2007
986	1	2	0	341	2007
987	1	1	0	0	0
988	2	0	0	0	0
989	1	1	0	327	2008
990	2	1	114	448	2005
991	1	1	131	343	2007
992	1	2	111	499	2006
993	1	1	0	327	2009
994	1	2	119	498	2009
995	1	0	108	0	0
996	1	1	127	343	2007
997	1	2	135	0	2006
998	2	1	109	494	2005
999	2	0	0	0	0
1000	1	0	0	0	2007
1001	1	2	122	424	2006
1002	1	1	131	472	2007
1003	1	1	122	327	2007
1004	1	2	114	478	2007
1005	1	1	112	468	2008
1006	1	2	107	0	2008
1007	1	1	122	0	2006
1008	1	2	107	0	2007
1009	1	1	100	331	2008
1010	1	1	0	498	2009
1011	2	0	0	0	2004
1012	1	1	119	327	2008
1013	1	1	114	343	2006
1014	1	1	118	484	2007
1015	1	2	111	334	2006
1016	2	0	0	0	0
1017	1	2	107	489	2007
1018	1	1	132	331	2009
1019	4	0	119	0	1911
1020	2	1	111	0	2005
1021	1	1	92	447	2005
1022	1	1	133	0	2007
1023	1	1	108	354	2006
1024	1	1	0	0	2008
1025	1	1	103	343	2006
1026	1	0	0	0	0
1027	1	1	122	327	2008
1028	1	1	103	487	2008
1029	2	2	103	0	2005
1030	2	2	0	0	0
1031	1	2	112	334	2006
1032	1	2	114	0	2007
1033	2	2	107	370	2003
1034	1	1	108	484	2007
1035	1	1	122	0	2007
1036	1	2	131	0	2007
1037	1	2	0	498	2009
1038	2	2	131	0	2003
1039	1	2	0	498	2009
1040	1	0	111	0	2006
1041	1	1	108	332	2007
1042	1	1	108	487	2008
1043	1	1	92	483	2007
1044	1	2	121	487	2008
1045	2	2	0	0	2005
1046	1	1	0	0	2008
1047	2	0	91	0	2004
1048	1	1	111	331	2009
1049	1	1	122	403	2008
1050	1	2	107	327	2008
1051	1	2	113	473	2007
1052	2	1	0	0	0
1053	1	2	0	329	2009
1054	1	2	107	343	2007
1055	1	1	0	330	2009
1056	1	2	95	488	2008
1057	1	1	0	331	2008
1058	1	1	91	0	2007
1059	1	2	103	485	2007
1060	1	0	102	343	2008
1061	1	1	111	327	2009
1062	1	1	0	0	0
1063	1	2	0	331	2008
1064	1	2	0	327	2009
1065	1	2	119	340	2007
1066	2	2	107	0	2005
1067	1	0	0	0	0
1068	1	1	94	329	2009
1069	1	1	0	0	2007
1070	1	2	112	350	2006
1071	1	1	111	328	2009
1072	1	1	0	329	2009
1073	1	0	105	327	2008
1074	1	1	119	483	2006
1075	1	1	109	327	2008
1076	1	1	0	330	2008
1077	1	1	120	327	2008
1078	2	1	104	0	2005
1079	2	2	103	360	2003
1080	1	2	111	333	2008
1081	1	1	122	415	2006
1082	1	1	0	329	2008
1083	1	0	107	0	2007
1084	1	1	120	459	2006
1085	1	1	0	0	2009
1086	1	2	127	379	2006
1087	1	2	116	498	2009
1088	1	2	0	327	2008
1089	2	1	104	0	2004
1090	1	1	0	328	2008
1091	1	1	0	327	2008
1092	1	2	132	327	2008
1093	1	2	108	327	2009
1094	1	1	132	330	2009
1095	1	0	102	0	2005
1096	1	1	0	498	2009
1097	1	1	119	343	2007
1098	1	2	99	368	2006
1099	1	1	102	457	2006
1100	1	1	0	327	2009
1101	2	1	107	442	2005
1102	1	2	107	330	2008
1103	1	2	97	343	2007
1104	1	2	120	330	2009
1105	1	1	125	498	2009
1106	1	2	107	327	2009
1107	1	1	124	327	2009
1108	2	0	0	349	2002
1109	2	2	120	450	2003
1110	3	0	131	0	0
1111	1	2	111	0	2006
1112	5	2	0	0	0
1113	2	1	95	397	2003
1114	1	0	0	0	0
1115	1	0	0	0	0
1116	1	1	94	327	2008
1117	2	1	122	0	2005
1118	1	2	121	498	2009
1119	1	2	0	328	2009
1120	1	1	91	327	2007
1121	1	1	98	330	2008
1122	1	2	111	467	2007
1123	2	2	109	0	2004
1124	1	1	0	331	2009
1125	1	2	118	498	2009
1126	1	0	99	476	2007
1127	1	2	111	484	2006
1128	1	1	0	0	2008
1129	1	2	103	331	2008
1130	1	2	107	330	2008
1131	1	2	108	478	2008
1132	1	2	111	498	2009
1133	1	1	109	343	2007
1134	1	1	107	483	2007
1135	2	1	95	436	2004
1136	1	1	111	346	2006
1137	1	0	136	330	2008
1138	1	1	112	331	2009
1139	2	0	0	0	0
1140	1	1	105	330	2008
1141	1	1	98	404	2006
1142	1	1	98	348	2006
1143	1	1	0	394	2006
1144	1	1	124	327	2008
1145	1	2	114	0	2007
1146	2	2	131	456	2005
1147	4	0	0	0	0
1148	1	2	0	0	2008
1149	1	2	0	332	2008
1150	2	0	112	0	0
1151	1	1	133	0	2005
1152	2	0	0	0	0
1153	5	0	0	0	0
1154	1	1	0	332	2008
1155	1	2	121	498	2009
1156	1	2	122	327	2008
1157	1	1	107	476	2007
1158	1	2	97	327	2007
1159	1	1	0	479	2008
1160	1	1	123	327	2008
1161	1	2	0	329	2009
1162	4	0	0	0	0
1163	1	2	0	329	2009
1164	2	1	107	327	2003
1165	1	2	0	327	2009
1166	1	0	0	331	2009
1167	1	1	107	327	2008
1168	1	2	122	337	2007
1169	1	2	112	0	2006
1170	1	1	127	0	2006
1171	1	2	112	343	2007
1172	1	1	108	331	2007
1173	1	0	120	351	2009
1174	1	1	132	330	2009
1175	2	2	132	405	2005
1176	1	2	111	331	2009
1177	2	0	0	0	0
1178	2	2	108	0	2005
1179	2	1	111	343	2005
1180	1	0	0	331	2009
1181	2	1	112	0	0
1182	1	2	121	328	2009
1183	1	1	108	331	2009
1184	1	2	91	499	2007
1185	1	1	111	380	2005
1186	1	0	0	0	0
1187	1	2	98	406	2006
1188	1	1	0	328	2009
1189	1	1	0	327	2009
1190	1	1	119	498	2009
1191	1	2	114	327	2008
1192	1	0	0	0	0
1193	1	2	0	327	2009
1194	1	1	111	334	2006
1195	1	1	114	327	2008
1196	2	2	103	334	2001
1197	1	2	106	331	2008
1198	1	2	103	331	2008
1199	1	1	112	0	2007
1200	1	0	0	0	0
1201	2	1	107	0	2004
1202	1	2	118	0	2007
1203	2	2	119	0	2002
1204	2	1	122	0	2004
1205	1	1	107	327	2008
1206	1	2	94	488	2005
1207	1	1	108	0	2006
1208	1	1	92	0	2006
1209	2	2	108	0	2005
1210	1	1	0	331	2007
1211	1	1	0	481	2008
1212	1	1	115	490	2006
1213	1	1	95	488	2006
1214	1	1	91	473	2008
1215	2	1	111	0	2005
1216	1	1	95	327	2007
1217	1	2	128	334	2007
1218	2	1	94	494	2005
1219	1	2	108	0	2007
1220	1	2	119	330	2008
1221	2	1	111	386	2005
1222	1	0	111	0	2006
1223	1	2	95	343	2007
1224	2	1	122	444	2005
1225	2	0	0	0	0
1226	1	2	107	330	2008
1227	2	1	127	0	2005
1228	2	1	119	0	2005
1229	1	2	91	0	2007
1230	1	2	0	327	2009
1231	1	0	0	0	0
1232	1	0	108	395	2006
1233	1	1	108	487	2007
1234	1	1	105	0	0
1235	1	1	108	428	2006
1236	1	2	0	330	2008
1237	1	0	110	448	2009
1238	2	2	111	0	0
1239	1	2	97	327	2008
1240	1	2	112	386	2006
1241	1	2	0	329	2009
1242	1	2	133	330	2007
1243	1	2	109	327	2009
1244	1	2	122	330	2008
1245	1	1	91	0	2006
1246	1	2	120	488	2008
1247	1	1	122	399	2006
1248	2	1	109	421	2005
1249	1	1	0	328	2009
1250	2	2	108	0	2005
1251	1	2	123	477	2006
1252	1	1	0	0	2007
1253	1	2	115	465	2006
1254	2	1	108	0	2005
1255	1	1	127	453	2006
1256	1	1	0	328	2009
1257	1	1	92	332	2009
1258	1	0	127	0	2007
1259	1	1	122	327	2007
1260	1	1	131	498	2009
1261	1	1	120	358	2005
1262	1	1	0	327	2008
1263	1	1	130	0	2006
1264	1	2	0	489	2008
1265	1	2	118	343	2006
1266	1	1	98	330	2009
1267	1	1	113	0	2005
1268	1	2	111	329	2009
1269	2	1	90	0	2005
1270	1	2	131	340	2008
1271	1	2	0	329	2008
1272	2	1	111	0	2005
1273	1	2	107	498	2007
1274	2	1	108	0	2005
1275	1	1	0	327	2009
1276	1	0	91	406	2006
1277	1	1	131	329	2009
1278	2	2	115	331	2004
1279	2	2	108	0	2005
1280	1	1	0	0	2008
1281	2	1	104	0	2005
1282	1	2	95	479	2008
1283	1	2	0	327	2008
1284	1	0	0	489	2008
1285	1	1	112	327	2009
1286	1	2	108	343	2007
1287	1	0	0	0	0
1288	1	1	122	417	2006
1289	2	1	0	0	0
1290	1	2	111	331	2009
1291	1	1	113	332	2008
1292	1	2	112	343	2007
1293	2	2	120	0	2005
1294	1	1	119	487	2008
1295	1	2	122	0	2006
1296	1	2	0	343	2008
1297	1	1	0	343	2010
1298	1	1	0	332	2009
1299	1	2	116	331	0
1300	1	2	0	332	2009
1301	1	1	102	0	2007
1302	1	2	0	0	2007
1303	1	2	98	331	2008
1304	1	1	0	498	2009
1305	1	2	91	0	2006
1306	1	1	119	343	2006
1307	2	1	108	0	2005
1308	1	1	108	470	2008
1309	1	0	130	471	2006
1310	1	2	119	331	2008
1311	1	1	126	327	2008
1312	1	2	99	334	2006
1313	1	1	120	341	2007
1314	1	1	0	0	2007
1315	1	1	112	0	2005
1316	1	2	0	330	2008
1317	2	2	119	415	2004
1318	2	1	0	0	0
1319	1	1	90	343	2006
1320	1	2	103	327	2008
1321	1	2	131	0	2006
1322	2	1	109	0	2005
1323	1	1	0	332	2009
1324	1	2	98	327	2008
1325	1	2	118	332	2009
1326	1	0	107	471	2008
1327	2	2	102	466	2004
1328	1	2	0	473	2008
1329	1	1	99	0	2005
1330	2	0	0	0	0
1331	2	0	94	0	2005
1332	1	1	0	331	2008
1333	1	1	103	0	2006
1334	1	2	122	335	2007
1335	2	1	131	0	2004
1336	1	2	0	0	2006
1337	1	1	98	498	2009
1338	1	1	0	327	2008
1339	1	2	122	466	2008
1340	1	1	95	0	2009
1341	1	0	111	362	2006
1342	1	1	103	330	2008
1343	1	0	0	0	0
1344	1	2	107	487	2007
1345	2	2	111	0	0
1346	1	1	107	330	2008
1347	1	1	0	329	2009
1348	1	1	112	0	2006
1349	4	0	0	0	0
1350	2	2	0	0	0
1351	2	1	131	433	2005
1352	1	1	133	327	2008
1353	2	1	99	0	2004
1354	2	2	119	400	2005
1355	1	1	123	0	2007
1356	1	1	122	399	2006
1357	1	2	114	327	2008
1358	1	1	102	478	2006
1359	1	2	95	327	2007
1360	1	2	0	331	2009
1361	1	2	122	329	2009
1362	1	1	0	0	2010
1363	1	1	0	0	2008
1364	1	1	114	0	2007
1365	1	1	0	498	2006
1366	1	2	122	330	2008
1367	1	2	108	474	2006
1368	1	2	122	0	2006
1369	2	1	111	0	2004
1370	1	0	0	0	0
1371	1	2	107	343	2007
1372	1	1	0	330	2008
1373	2	2	107	391	2003
1374	1	1	125	0	2006
1375	2	2	121	415	2005
1376	1	1	0	327	2008
1377	1	1	99	474	2008
1378	1	2	0	331	2009
1379	2	1	122	0	2004
1380	1	1	120	406	2006
1381	1	2	107	498	2009
1382	2	1	131	449	2004
1383	1	2	120	331	2008
1384	2	1	104	0	2005
1385	1	1	122	343	2007
1386	1	1	108	498	2009
1387	2	1	91	0	2005
1388	1	1	103	0	2006
1389	1	1	0	331	2009
1390	1	1	108	0	2007
1391	1	2	102	0	2007
1392	1	2	121	499	2007
1393	1	1	108	0	2006
1394	1	1	91	343	2006
1395	1	1	132	327	2008
1396	2	2	131	0	2005
1397	1	1	100	327	2008
1398	1	1	91	346	2005
1399	3	0	122	0	2006
1400	2	2	107	0	2003
1401	1	1	0	328	2009
1402	1	1	122	327	2009
1403	1	2	93	327	2009
1404	1	2	123	332	2007
1405	1	1	0	498	2009
1406	1	1	111	425	2006
1407	1	1	100	472	2007
1408	2	1	122	0	2005
1409	1	0	0	0	0
1410	1	2	0	341	2008
1411	2	2	122	427	2005
1412	1	1	109	332	2008
1413	1	2	109	436	2006
1414	1	1	122	336	2006
1415	2	1	114	0	0
1416	1	2	107	340	2008
1417	1	2	0	327	2009
1418	1	1	122	0	2008
1419	1	1	0	331	2008
1420	1	1	102	486	2007
1421	2	2	122	0	2005
1422	1	2	118	332	2008
1423	1	1	0	332	2008
1424	1	1	118	331	2008
1425	2	1	122	352	2005
1426	1	1	105	341	2006
1427	2	2	107	0	2005
1428	1	2	122	343	2007
1429	2	1	97	401	2003
1430	1	0	0	0	0
1431	1	0	0	0	0
1432	1	1	106	0	2006
1433	1	1	108	335	2006
1434	1	2	0	331	2009
1435	1	1	94	343	2006
1436	1	2	107	0	2007
1437	1	1	112	330	2008
1438	1	1	119	0	2006
1439	1	0	0	0	2006
1440	2	1	108	0	2004
1441	2	1	109	0	2003
1442	1	2	120	0	2006
1443	1	2	118	445	2005
1444	1	1	112	465	2007
1445	1	1	108	330	2008
1446	2	1	121	0	2005
1447	2	0	0	0	0
1448	2	2	109	0	2005
1449	5	2	91	456	2005
1450	1	2	122	332	2009
1451	2	2	111	384	0
1452	1	1	112	327	2009
1453	1	2	0	327	2008
1454	1	2	107	0	2008
1455	5	2	116	489	2006
1456	1	1	118	343	2007
1457	2	1	0	494	2005
1458	1	2	0	330	2004
1459	2	0	108	0	2004
1460	2	0	113	0	2005
1461	5	2	130	0	2005
1462	1	2	108	343	2008
1463	2	2	111	0	2005
1464	2	1	108	0	2004
1465	4	2	0	0	0
1466	1	2	107	329	2009
1467	1	0	120	0	2007
1468	1	1	111	475	2007
1469	1	1	111	331	2009
1470	1	2	103	472	2004
1471	1	1	131	327	2007
1472	1	2	111	333	2008
1473	2	1	102	0	2004
1474	1	2	0	331	2009
1475	1	1	91	399	2006
1476	2	1	98	494	2002
1477	1	1	0	0	2008
1478	1	1	99	327	2008
1479	1	2	108	329	2009
1480	1	1	103	0	2007
1481	1	2	0	469	2008
1482	2	0	127	430	2004
1483	2	2	112	0	2004
1484	1	2	111	494	2006
1485	1	2	122	327	2007
1486	1	2	98	331	2008
1487	1	0	0	0	2008
1488	1	2	108	0	2005
1489	1	1	98	499	2009
1490	1	2	103	482	2008
1491	1	1	103	331	2008
1492	1	1	133	0	2007
1493	2	1	105	0	2005
1494	2	1	109	0	2005
1495	2	2	102	0	2005
1496	2	1	0	0	2004
1497	1	2	131	335	2007
1498	1	1	94	330	2008
1499	1	1	0	498	2009
1500	1	0	0	0	0
1501	2	0	0	0	0
1502	1	2	0	331	2009
1503	2	0	131	376	2005
1504	2	1	122	449	2004
1505	1	1	109	449	2006
1506	1	1	131	473	2008
1507	1	2	95	329	2008
1508	2	1	90	343	2005
1509	2	2	109	0	2005
1510	1	2	112	343	2006
1511	1	2	0	331	2009
1512	1	2	119	334	2006
1513	1	2	107	327	2009
1514	2	2	91	405	2005
1515	2	0	93	488	2005
1516	2	0	0	0	0
1517	1	1	111	327	2008
1518	1	2	121	341	2006
1519	5	1	131	0	2004
1520	1	1	112	0	2006
1521	1	1	122	0	2007
1522	1	1	122	0	2006
1523	1	2	111	458	2006
1524	1	1	121	498	2007
1525	1	1	119	499	2006
1526	1	2	121	465	2007
1527	1	1	123	0	2007
1528	1	1	0	327	2005
1529	2	2	112	0	2005
1530	1	0	130	459	2006
1531	3	1	108	0	0
1532	1	2	111	343	2007
1533	2	1	131	0	2005
1534	2	1	91	0	2003
1535	1	2	107	329	2009
1536	1	1	122	327	2007
1537	1	1	109	449	2006
1538	2	1	111	0	2005
1539	1	0	0	489	0
1540	1	0	90	490	2007
1541	1	2	0	489	2008
1542	2	0	0	0	0
1543	1	1	111	0	2010
1544	1	2	118	479	2008
1545	5	2	112	395	2005
1546	1	2	98	343	2007
1547	2	2	120	0	2004
1548	2	1	116	0	2003
1549	2	1	0	0	0
1550	1	1	102	0	2007
1551	1	1	92	477	2007
1552	1	1	0	498	2009
1553	1	2	107	329	2009
1554	1	2	0	327	2008
1555	1	1	112	488	2008
1556	2	1	108	0	2005
1557	1	0	108	337	2007
1558	1	1	122	441	2006
1559	1	1	0	329	2009
1560	1	2	0	0	0
1561	2	1	122	449	2004
1562	1	1	0	327	2009
1563	1	1	122	327	2007
1564	1	0	132	0	2007
1565	1	2	107	329	2008
1566	1	2	98	327	2008
1567	1	1	95	332	2009
1568	2	0	0	0	0
1569	1	1	108	0	2006
1570	2	1	91	0	2005
1571	2	2	107	0	2005
1572	1	2	103	341	2007
1573	1	2	0	498	2009
1574	1	1	118	488	2006
1575	1	2	103	329	2009
1576	1	1	107	327	2008
1577	1	1	108	332	2008
1578	1	1	126	0	2007
1579	1	2	96	331	2008
1580	1	1	112	0	2006
1581	1	2	107	329	2009
1582	1	1	112	330	2007
1583	1	0	0	0	0
1584	1	2	102	456	2006
1585	1	2	0	327	2008
1586	2	1	131	454	2005
1587	1	1	122	452	2006
1588	1	0	94	0	2006
1589	1	2	0	327	2008
1590	1	2	98	0	2009
1591	1	2	107	370	2006
1592	1	1	0	331	2009
1593	1	0	133	474	2007
1594	1	1	0	327	2008
1595	2	2	0	0	2004
1596	2	2	0	489	2004
1597	1	0	111	490	2008
1598	1	2	91	0	2007
1599	1	1	102	331	2008
1600	1	2	122	330	2008
1601	2	2	0	0	2004
1602	2	1	0	0	2004
1603	1	2	103	330	2009
1604	1	2	0	0	2008
1605	2	1	131	0	2005
1606	1	1	112	343	2007
1607	1	0	91	386	2006
1608	1	0	0	0	0
1609	1	1	0	0	2007
1610	1	2	131	0	2006
1611	1	2	120	0	2005
1612	1	2	121	0	2006
1613	2	1	122	0	2005
1614	3	2	116	0	0
1615	1	0	0	0	0
1616	2	2	0	430	2004
1617	1	1	0	329	2009
1618	1	1	127	495	2007
1619	5	2	122	0	2006
1620	2	1	122	0	2004
1621	1	2	116	327	2008
1622	2	0	0	0	0
1623	1	1	94	340	2008
1624	1	2	109	0	2006
1625	1	2	116	0	0
1626	1	1	108	327	2008
1627	2	1	103	381	2004
1628	2	2	114	370	2003
1629	4	0	0	0	0
1630	2	2	107	0	2004
1631	2	2	102	0	2003
1632	2	0	0	0	0
1633	1	1	0	327	2008
1634	1	2	117	465	2006
1635	1	2	119	0	2007
1636	1	2	131	331	2007
1637	2	1	131	425	2005
1638	1	1	0	331	2009
1639	1	1	118	327	2008
1640	1	0	0	0	2007
1641	2	1	112	0	2006
1642	2	1	108	0	2005
1643	1	1	0	475	2008
1644	2	2	108	365	2005
1645	1	2	108	0	0
1646	1	1	0	327	2008
1647	1	2	108	452	2005
1648	2	2	107	0	2004
1649	1	1	111	343	2007
1650	1	2	120	327	2007
1651	1	2	122	380	2006
1652	1	1	95	0	2006
1653	1	2	96	499	2006
1654	1	2	0	0	2008
1655	1	2	108	0	2006
1656	2	1	122	0	2004
1657	1	1	92	0	2007
1658	1	1	102	329	2008
1659	1	1	0	327	2008
1660	1	2	103	331	2008
1661	2	1	119	404	2005
1662	2	0	0	0	0
1663	1	2	107	340	2006
1664	1	1	120	331	2008
1665	2	1	131	422	2005
1666	2	2	111	461	2005
1667	1	1	0	327	2009
1668	1	1	119	343	2007
1669	1	1	112	333	2006
1670	1	1	0	327	2009
1671	1	2	0	331	2009
1672	1	1	102	343	2007
1673	1	2	0	498	2009
1674	1	1	119	343	2007
1675	1	1	108	490	2008
1676	1	2	0	343	2007
1677	1	2	122	0	2006
1678	1	2	108	422	2006
1679	1	2	107	331	2008
1680	1	1	92	327	2007
1681	1	2	120	330	2008
1682	2	2	107	0	2005
1683	2	2	108	388	2004
1684	1	2	0	327	2009
1685	1	2	0	331	2009
1686	1	1	108	330	2009
1687	1	2	107	343	2007
1688	2	1	122	0	2005
1689	1	2	0	0	0
1690	1	2	109	486	2007
1691	1	1	121	327	2009
1692	1	1	122	498	2007
1693	1	2	111	327	2007
1694	1	2	99	498	2009
1695	2	1	122	0	2005
1696	1	2	131	493	2008
1697	1	2	107	329	2009
1698	1	1	98	0	2007
1699	2	2	107	0	2005
1700	1	1	111	330	2008
1701	1	0	112	0	2005
1702	1	1	95	341	2008
1703	2	2	131	0	2004
1704	1	2	121	0	2007
1705	2	1	98	0	2005
1706	1	1	94	327	2007
1707	1	2	109	351	2006
1708	1	1	109	329	2009
1709	2	1	128	0	2005
1710	2	1	122	351	2005
1711	1	2	0	0	2008
1712	1	1	111	328	2008
1713	2	1	104	0	2003
1714	1	2	111	0	0
1715	2	1	92	0	2005
1716	2	0	0	0	0
1717	1	2	97	327	2008
1718	1	1	0	329	2008
1719	1	1	113	0	2006
1720	1	2	112	0	0
1721	1	1	127	327	2008
1722	1	2	0	329	2009
1723	1	2	118	347	2006
1724	1	1	107	0	2009
1725	1	1	122	437	2006
1726	1	2	111	335	2007
1727	1	1	0	330	2009
1728	2	1	131	347	2004
1729	1	2	109	332	2008
1730	2	2	0	0	2004
1731	1	1	108	0	2007
1732	1	2	0	328	2009
1733	2	2	107	0	2004
1734	1	1	108	468	2008
1735	1	1	108	339	2006
1736	1	1	112	475	2007
1737	1	1	98	483	2006
1738	1	2	120	498	2009
1739	1	2	107	334	2006
1740	1	2	112	0	2006
1741	1	2	122	331	2005
1742	2	2	108	434	2005
1743	1	0	0	489	2008
1744	1	2	0	498	2009
1745	1	1	98	330	2008
1746	1	1	0	327	2009
1747	1	1	102	332	2009
1748	1	2	91	0	2006
1749	1	2	118	425	2006
1750	1	2	109	329	2009
1751	1	1	96	343	2007
1752	1	0	0	0	0
1753	2	0	0	0	0
1754	1	1	131	493	2008
1755	1	1	0	330	2008
1756	1	1	121	486	2008
1757	1	1	120	0	2008
1758	1	2	118	327	2007
1759	1	1	118	340	2006
1760	1	1	113	334	2006
1761	1	2	118	498	2006
1762	1	2	116	343	2007
1763	1	2	108	329	2009
1764	1	1	93	331	2009
1765	1	1	90	364	2006
1766	1	2	107	467	2006
1767	2	2	126	0	1977
1768	1	1	111	330	2008
1769	1	1	0	327	2009
1770	1	0	0	327	2008
1771	2	1	119	465	2005
1772	1	0	0	0	0
1773	1	2	112	497	2007
1774	2	1	133	442	2003
1775	1	2	0	329	2009
1776	1	1	114	0	2008
1777	1	1	120	0	2008
1778	1	2	131	0	2007
1779	1	1	0	343	2006
1780	1	1	107	330	2009
1781	2	2	131	444	2003
1782	1	0	0	0	0
1783	1	1	114	411	2006
1784	2	2	131	442	2004
1785	1	0	92	0	2006
1786	2	2	111	452	2005
1787	1	1	0	0	2008
1788	1	2	111	329	2009
1789	2	2	116	0	2005
1790	1	2	0	465	2008
1791	1	2	122	346	2006
1792	1	1	95	331	2009
1793	1	1	110	0	2007
1794	1	0	0	0	0
1795	2	2	0	0	2005
1796	1	2	112	335	2006
1797	1	1	94	340	2007
1798	1	1	103	468	2008
1799	1	1	122	0	2007
1800	2	1	0	0	2003
1801	2	1	104	0	2005
1802	1	1	108	369	2006
1803	1	1	101	330	2008
1804	1	1	0	329	2009
1805	1	2	106	0	2006
1806	1	2	0	327	2009
1807	2	0	0	0	2002
1808	1	2	0	330	2009
1809	1	2	0	467	2007
1810	2	2	108	472	2005
1811	1	2	111	327	2009
1812	1	0	0	487	0
1813	1	1	107	334	2006
1814	1	1	136	329	2009
1815	1	1	131	475	2007
1816	2	1	118	410	2005
1817	1	2	0	330	2009
1818	1	1	109	330	2009
1819	2	2	107	0	2005
1820	1	2	121	329	2009
1821	1	1	116	498	2009
1822	1	1	98	327	2008
1823	1	2	0	331	2009
1824	1	2	92	343	2006
1825	1	2	109	498	2009
1826	1	2	95	333	2008
1827	1	1	130	341	2007
1828	1	0	131	391	2005
1829	2	1	123	0	2005
1830	3	2	0	0	0
1831	1	2	112	0	2006
1832	1	1	102	329	2006
1833	1	2	131	0	2006
1834	1	1	95	405	2006
1835	1	2	0	330	2008
1836	2	1	116	383	2005
1837	1	2	113	418	2006
1838	1	1	108	331	2008
1839	1	1	102	331	2009
1840	1	1	122	343	2006
1841	2	1	105	410	2005
1842	1	2	111	327	2007
1843	1	1	91	384	2006
1844	1	1	91	0	2007
1845	1	0	119	327	2008
1846	2	1	132	0	2004
1847	1	1	111	327	2008
1848	1	1	98	330	2009
1849	1	2	114	331	2009
1850	2	1	122	373	2005
1851	1	2	95	343	2007
1852	1	0	0	488	2008
1853	1	2	116	327	2008
1854	1	2	119	0	2009
1855	1	1	94	334	2006
1856	1	2	95	329	2009
1857	2	0	98	489	2004
1858	2	2	109	437	2005
1859	1	1	94	0	2007
1860	1	0	113	472	2007
1861	1	0	95	343	0
1862	1	2	99	0	2006
1863	1	1	111	498	2007
1864	1	1	112	486	2006
1865	1	2	118	331	2008
1866	1	0	111	331	2006
1867	1	0	0	0	0
1868	1	1	90	0	2007
1869	1	2	103	343	2006
1870	1	1	113	327	2007
1871	1	2	121	332	2009
1872	1	1	109	343	2007
1873	1	2	102	331	2009
1874	1	2	107	329	2009
1875	1	2	114	327	2009
1876	1	2	105	0	2005
1877	1	1	104	327	2009
1878	1	1	112	490	2007
1879	1	1	0	0	2009
1880	2	2	108	443	2004
1881	1	1	0	498	2009
1882	1	2	122	0	2007
1883	1	2	98	498	2009
1884	1	2	116	410	2006
1885	1	1	0	332	2008
1886	1	2	109	351	2006
1887	2	2	122	0	2003
1888	2	0	0	0	2005
1889	1	2	107	334	2006
1890	1	1	108	0	0
1891	1	2	98	0	2008
1892	2	1	111	0	2005
1893	2	0	108	0	2005
1894	1	1	0	329	2009
1895	2	1	121	0	2004
1896	2	1	113	0	2005
1897	1	2	108	330	2008
1898	1	2	109	437	2006
1899	2	1	111	0	2005
1900	1	1	108	495	2007
1901	1	1	119	0	2007
1902	1	1	116	330	2009
1903	1	1	122	343	2007
1904	1	2	125	0	2007
1905	1	1	0	330	2009
1906	1	1	112	327	2008
1907	1	1	98	329	2008
1908	1	1	103	0	2006
1909	1	2	103	332	2008
1910	1	1	111	498	2009
1911	1	2	133	498	2009
1912	2	2	125	470	2003
1913	1	2	99	331	2008
1914	1	2	109	332	2008
1915	1	0	98	438	2005
1916	1	0	0	0	0
1917	1	1	103	331	2009
1918	1	1	95	343	2006
1919	1	2	99	0	2007
1920	1	0	0	0	0
1921	1	1	97	327	2008
1922	2	2	111	0	2005
1923	1	2	91	343	2007
1924	2	2	107	396	2004
1925	1	1	119	474	2008
1926	1	2	95	327	2009
1927	1	1	108	343	2006
1928	1	2	0	443	2006
1929	2	1	123	0	0
1930	1	1	131	471	2006
1931	1	1	0	332	2009
1932	5	0	122	0	0
1933	1	2	107	380	2006
1934	1	1	91	0	2006
1935	1	1	0	329	2009
1936	2	2	111	0	2005
1937	1	2	98	0	2007
1938	1	1	122	329	2008
1939	2	1	0	0	2004
1940	1	0	0	0	0
1941	1	2	103	337	2005
1942	1	1	102	0	2008
1943	2	2	97	0	2005
1944	1	1	122	415	2006
1945	2	1	122	0	2005
1946	1	2	0	330	2008
1947	2	1	119	0	2004
1948	1	2	103	330	2007
1949	1	1	92	337	2007
1950	3	0	94	0	2007
1951	1	0	0	0	0
1952	1	0	111	0	2006
1953	1	1	113	0	2007
1954	1	2	0	334	2005
1955	1	2	116	498	2009
1956	2	1	122	0	2005
1957	2	1	122	0	2004
1958	1	2	108	465	2007
1959	1	0	109	329	2008
1960	1	1	109	0	2007
1961	1	0	0	331	0
1962	1	2	99	467	2007
1963	1	2	111	331	2008
1964	1	2	108	332	2008
1965	1	2	133	327	2008
1966	1	1	0	410	2006
1967	1	1	123	0	2006
1968	2	2	0	0	2004
1969	1	0	120	0	2008
1970	1	1	111	327	2009
1971	2	2	122	415	2003
1972	1	2	107	330	2007
1973	1	2	132	465	2007
1974	2	2	118	0	2005
1975	1	1	109	440	2006
1976	1	1	91	451	2005
1977	2	1	0	0	2003
1978	1	2	120	327	2009
1979	1	1	122	327	2009
1980	1	2	112	327	2008
1981	1	1	98	498	2009
1982	2	2	111	0	2005
1983	1	1	118	0	2006
1984	1	1	131	343	2006
1985	1	1	122	343	2007
1986	6	2	0	0	0
1987	2	2	111	427	2004
1988	1	2	102	333	2007
1989	2	1	103	488	2005
1990	1	1	0	332	2009
1991	1	1	0	331	2009
1992	1	2	111	0	2007
1993	2	2	105	452	2005
1994	1	1	119	343	2006
1995	2	1	109	0	0
1996	1	1	122	490	2007
1997	1	2	109	331	2008
1998	5	2	116	0	0
1999	1	1	0	332	2008
2000	1	2	0	332	2008
2001	1	0	95	0	0
2002	1	1	119	331	2007
2003	1	1	94	331	2009
2004	1	0	112	327	2007
2005	1	1	0	0	2008
2006	1	2	120	443	2006
2007	1	0	0	0	0
2008	1	2	0	498	2009
2009	1	1	103	329	2008
2010	2	2	109	0	1990
2011	1	1	91	0	2007
2012	1	1	0	331	2009
2013	1	0	92	0	0
2014	2	2	91	0	2005
2015	1	1	116	327	2008
2016	2	0	131	401	2005
2017	2	0	0	0	0
2018	1	2	0	0	2007
2019	1	2	111	327	2009
2020	1	2	122	343	2007
2021	1	1	122	343	2007
2022	1	2	95	385	2006
2023	1	0	0	498	0
2024	1	2	108	465	2006
2025	1	1	109	330	2008
2026	2	1	127	447	2004
2027	1	1	111	330	2008
2028	1	2	108	498	2009
2029	1	1	94	495	2007
2030	1	2	121	329	2009
2031	1	1	0	327	2008
2032	1	1	111	0	2006
2033	1	1	111	0	0
2034	1	1	95	468	2008
2035	1	1	98	395	2006
2036	1	1	94	0	2006
2037	1	1	102	327	2008
2038	2	1	103	395	2005
2039	1	2	108	352	2007
2040	2	2	98	465	1983
2041	1	1	103	343	2006
2042	1	2	127	0	2006
2043	1	0	0	0	0
2044	1	0	0	0	0
2045	1	2	0	329	2009
2046	2	2	108	0	2005
2047	1	2	122	330	2009
2048	1	1	122	471	2007
2049	1	1	133	480	2006
2050	1	0	118	0	2007
2051	1	2	103	0	2007
2052	1	1	112	343	2006
2053	1	1	102	374	2006
2054	1	1	0	498	2009
2055	1	1	111	499	2009
2056	1	0	0	0	0
2057	1	2	114	327	2009
2058	1	2	108	440	2005
2059	1	2	95	341	2006
2060	1	1	109	327	2009
2061	2	1	116	0	2003
2062	2	0	111	334	2005
2063	2	1	91	0	2005
2064	1	2	0	327	2008
2065	1	1	94	0	2006
2066	2	2	108	0	2003
2067	2	1	123	454	2005
2068	1	2	108	453	2006
2069	2	1	91	488	2002
2070	1	2	111	498	2009
2071	1	0	103	479	2007
2072	1	2	115	343	2006
2073	1	2	118	327	2007
2074	2	2	104	445	2005
2075	1	2	112	488	2007
2076	1	1	103	330	2008
2077	1	2	115	488	2008
2078	1	1	132	376	2006
2079	2	2	111	0	2003
2080	1	2	118	327	2009
2081	1	2	98	334	2006
2082	1	1	112	330	2008
2083	1	1	98	327	2008
2084	1	1	108	0	2007
2085	1	2	118	332	2009
2086	1	1	0	498	2009
2087	1	2	111	343	2006
2088	1	1	122	343	2006
2089	2	0	0	0	2004
2090	1	1	0	498	2009
2091	1	0	0	0	0
2092	2	1	103	0	2005
2093	1	2	0	0	2008
2094	1	1	94	498	2009
2095	2	0	106	0	2005
2096	2	0	0	0	0
2097	5	0	116	0	0
2098	1	1	0	328	2008
2099	1	2	105	327	2009
2100	5	2	99	467	2005
2101	1	1	0	498	2009
2102	1	1	116	333	2007
2103	2	2	120	0	2005
2104	1	1	0	498	2009
2105	1	0	0	0	2006
2106	1	1	122	498	2007
2107	2	1	111	417	2005
2108	1	2	114	340	2008
2109	2	1	122	0	2004
2110	1	1	103	343	2007
2111	1	2	92	331	2008
2112	1	1	106	331	2009
2113	1	1	111	343	2007
2114	1	0	0	0	0
2115	1	2	107	330	2007
2116	2	1	108	0	2004
2117	2	2	111	489	2004
2118	1	1	0	327	2008
2119	1	2	107	0	2006
2120	1	0	0	0	0
2121	1	2	108	0	2007
2122	2	1	102	494	2005
2123	1	0	122	343	2007
2124	2	2	98	365	2000
2125	1	2	99	337	0
2126	1	1	0	330	2008
2127	2	1	108	0	2004
2128	1	2	0	0	2009
2129	2	2	122	387	2004
2130	1	1	122	343	2006
2131	1	2	107	329	2008
2132	1	1	116	0	2007
2133	1	0	111	434	0
2134	1	2	98	330	2007
2135	1	2	120	476	2007
2136	2	2	107	0	2004
2137	2	2	91	0	2004
2138	1	2	119	499	2008
2139	1	1	112	499	2006
2140	1	2	0	327	2004
2141	1	0	0	331	2009
2142	2	1	123	0	2005
2143	2	1	111	0	0
2144	1	0	0	0	0
2145	1	1	108	343	2006
2146	2	1	133	0	2005
2147	1	1	122	330	2008
2148	2	1	108	443	2005
2149	1	2	0	331	2009
2150	1	2	119	0	2006
2151	1	2	99	330	2008
2152	1	2	111	468	2008
2153	2	0	0	0	0
2154	1	1	120	441	2006
2155	1	0	95	0	2006
2156	2	0	0	0	0
2157	2	1	101	0	2005
2158	1	1	130	0	2006
2159	4	2	0	0	0
2160	2	1	0	0	0
2161	1	1	0	327	2009
2162	1	1	107	343	2007
2163	1	2	121	0	2007
2164	1	1	108	490	2008
2165	1	2	108	0	2006
2166	1	0	108	0	2007
2167	2	1	122	494	2005
2168	1	2	95	330	2009
2169	1	2	0	330	2009
2170	1	0	122	334	2006
2171	1	1	0	327	2009
2172	1	2	91	447	2006
2173	1	1	119	0	2006
2174	1	1	98	332	2009
2175	2	1	0	0	0
2176	1	2	108	343	2007
2177	1	2	95	438	2006
2178	1	0	0	358	0
2179	1	2	98	327	2009
2180	1	1	113	0	2007
2181	1	2	107	327	2008
2182	1	1	91	0	2006
2183	1	1	105	335	2007
2184	1	1	103	343	2006
2185	1	2	118	327	2008
2186	1	1	113	343	2007
2187	1	2	0	332	2008
2188	1	1	0	327	2009
2189	2	1	122	0	2005
2190	1	1	98	331	2009
2191	2	1	109	0	2005
2192	1	2	107	489	2008
2193	2	2	0	0	2005
2194	1	2	102	335	2007
2195	1	2	112	327	2009
2196	1	2	108	499	2006
2197	2	1	111	334	2005
2198	1	2	107	498	2009
2199	2	2	107	375	2005
2200	2	2	131	350	2005
2201	1	1	0	330	2008
2202	2	1	114	0	2004
2203	2	1	132	446	2005
2204	2	2	96	0	2005
2205	1	2	107	385	2005
2206	1	1	108	327	2007
2207	1	2	0	332	2009
2208	1	1	109	0	2007
2209	1	2	108	332	2009
2210	1	0	0	0	0
2211	1	0	119	0	2006
2212	1	2	0	329	2008
2213	1	0	98	331	2009
2214	1	1	0	330	2009
2215	2	0	0	0	2005
2216	1	1	121	343	2007
2217	1	2	0	329	2009
2218	1	1	131	0	2007
2219	2	1	111	0	2003
2220	1	1	105	397	2005
2221	1	2	116	476	2008
2222	2	0	0	0	0
2223	1	2	118	333	2007
2224	1	1	122	436	2006
2225	1	1	0	327	2008
2226	1	2	108	327	2008
2227	1	1	105	327	2008
2228	1	1	108	328	2008
2229	1	2	107	327	2008
2230	2	2	114	0	2005
2231	1	1	111	369	2006
2232	1	1	0	327	2008
2233	2	1	107	0	2004
2234	1	2	0	0	2007
2235	2	2	103	353	2005
2236	1	1	108	0	2006
2237	1	1	122	0	2007
2238	1	1	119	490	2008
2239	1	2	0	332	2008
2240	1	1	94	331	2007
2241	1	1	111	498	2009
2242	1	0	119	327	0
2243	1	2	112	329	2009
2244	1	1	0	329	2008
2245	1	1	0	469	2008
2246	1	1	0	329	2009
2247	2	0	131	0	2005
2248	1	2	102	480	2008
2249	2	0	111	435	2005
2250	2	1	118	0	2003
2251	1	2	120	331	2008
2252	1	1	0	0	2008
2253	1	1	107	485	2007
2254	1	2	114	343	2007
2255	1	1	112	0	2009
2256	2	1	131	410	2005
2257	1	1	0	331	2008
2258	1	1	0	327	2009
2259	1	1	111	490	2007
2260	1	1	0	463	2007
2261	1	1	112	499	2007
2262	2	2	99	0	2004
2263	1	1	108	498	2009
2264	4	2	0	0	0
2265	1	2	119	327	2008
2266	1	2	0	330	2008
2267	1	0	120	488	0
2268	1	2	108	0	2006
2269	1	1	98	0	2005
2270	1	2	0	331	2008
2271	1	2	0	343	2007
2272	1	2	92	433	2007
2273	2	0	0	0	2005
2274	1	2	0	466	2008
2275	2	1	122	0	2004
2276	1	1	103	330	2008
2277	1	2	111	332	2009
2278	1	2	0	329	2009
2279	1	2	97	439	2007
2280	1	1	112	446	2007
2281	1	0	0	0	0
2282	2	2	91	0	2004
2283	1	1	107	329	2009
2284	2	2	0	373	2000
2285	1	1	119	469	2006
2286	1	2	132	340	2007
2287	1	2	116	330	2007
2288	2	1	122	0	2005
2289	1	2	103	382	2006
2290	1	2	116	0	2006
2291	1	1	118	479	2008
2292	1	2	94	0	2006
2293	1	2	99	332	2007
2294	1	2	103	477	2006
2295	2	1	133	381	2004
2296	1	1	94	333	2007
2297	1	1	0	327	2009
2298	1	2	111	446	2007
2299	1	2	95	0	2006
2300	1	1	108	334	2006
2301	1	1	95	485	2005
2302	1	2	0	327	2008
2303	1	0	108	334	2006
2304	1	1	126	477	2008
2305	1	1	119	330	2009
2306	1	0	131	330	2008
2307	1	1	133	343	0
2308	1	2	0	327	2009
2309	1	1	0	498	2009
2310	1	2	0	0	2009
2311	1	1	0	327	2009
2312	1	2	0	340	2008
2313	1	1	0	330	2008
2314	1	1	119	366	2006
2315	1	1	0	329	2009
2316	1	2	92	498	2009
2317	2	1	103	0	2005
2318	1	2	116	330	2008
2319	1	2	103	489	2006
2320	2	2	113	0	2003
2321	1	2	118	332	2007
2322	1	1	108	0	2006
2323	1	2	120	0	0
2324	1	1	0	330	2008
2325	1	1	119	343	2007
2326	1	1	113	434	2006
2327	1	2	100	499	2006
2328	2	0	0	0	0
2329	1	2	111	407	0
2330	1	2	109	498	2009
2331	1	2	107	334	2006
2332	1	0	112	0	2006
2333	1	1	0	329	2009
2334	1	1	122	0	2007
2335	1	2	109	450	2006
2336	1	1	119	499	2006
2337	1	2	107	343	2006
2338	1	1	126	329	2009
2339	1	1	112	383	2006
2340	1	2	0	0	2006
2341	1	2	91	327	2008
2342	1	1	0	329	2009
2343	5	2	91	0	2004
2344	1	1	109	0	2005
2345	1	2	108	363	2005
2346	1	1	108	327	2008
2347	1	1	0	327	2009
2348	1	1	111	0	2007
2349	1	1	0	331	2008
2350	2	1	108	0	2005
2351	1	1	112	331	2009
2352	1	0	118	488	0
2353	2	0	0	0	2004
2354	1	2	133	332	2008
2355	1	2	121	446	2007
2356	1	2	0	327	2009
2357	1	1	0	327	2008
2358	1	1	108	444	2006
2359	1	1	108	475	2008
2360	2	1	107	0	2002
2361	1	1	123	327	2008
2362	2	1	0	0	2005
2363	2	2	122	0	2004
2364	1	2	109	467	2008
2365	1	1	0	497	2007
2366	1	2	111	467	2007
2367	1	0	95	462	0
2368	2	2	107	467	2005
2369	1	1	111	327	2008
2370	1	2	0	327	2008
2371	1	2	0	331	2009
2372	5	1	99	0	0
2373	1	2	99	0	2006
2374	1	2	112	469	2006
2375	1	2	0	327	2009
2376	1	1	95	330	2008
2377	1	1	107	327	2008
2378	1	1	122	327	2009
2379	1	2	0	0	2007
2380	2	1	92	0	2005
2381	1	2	103	397	2006
2382	1	1	0	0	0
2383	1	1	94	343	2007
2384	1	1	0	498	2009
2385	1	1	122	465	2007
2386	1	2	112	330	2008
2387	2	2	121	436	2005
2388	2	1	121	458	2005
2389	2	1	111	422	2004
2390	1	2	105	332	2008
2391	1	1	116	343	2007
2392	1	1	115	343	2006
2393	1	2	109	0	2007
2394	1	2	114	343	2006
2395	2	1	0	0	2004
2396	1	2	107	0	2006
2397	1	2	0	330	2008
2398	1	1	133	343	2007
2399	1	1	0	331	0
2400	1	2	98	331	2009
2401	1	1	131	498	2009
2402	1	2	0	327	2009
2403	1	2	107	343	2007
2404	2	2	105	442	2005
2405	1	2	105	329	2009
2406	1	2	99	331	2008
2407	1	2	103	331	2007
2408	1	0	0	497	0
2409	1	1	112	0	2007
2410	1	1	0	327	2008
2411	1	2	118	327	2007
2412	1	2	109	477	2006
2413	1	1	114	332	2008
2414	2	2	118	0	2004
2415	1	1	122	0	2006
2416	1	1	0	498	2009
2417	2	1	131	438	2005
2418	1	1	116	328	2009
2419	1	1	123	332	2004
2420	1	2	98	0	2006
2421	1	1	114	498	2009
2422	1	1	0	498	2009
2423	1	1	100	446	2005
2424	1	0	132	328	2008
2425	1	1	131	0	2007
2426	1	1	112	0	2006
2427	1	1	112	0	2006
2428	1	1	132	0	2007
2429	1	2	107	446	2007
2430	1	0	108	327	2008
2431	1	1	105	329	0
2432	1	2	116	327	2008
2433	2	2	111	481	2005
2434	1	2	112	498	2009
2435	2	1	111	428	2004
2436	1	1	114	0	2007
2437	1	2	0	330	2007
2438	1	1	0	328	2009
2439	1	0	120	466	0
2440	1	1	102	0	2006
2441	1	1	122	327	2007
2442	1	0	120	0	2007
2443	1	0	0	0	0
2444	1	2	105	0	2005
2445	1	1	103	479	2008
2446	2	1	127	0	2005
2447	2	1	122	0	2005
2448	1	2	112	368	2005
2449	1	0	0	0	0
2450	2	0	111	0	2005
2451	1	2	132	471	2008
2452	1	2	111	330	2008
2453	1	1	0	327	2009
2454	1	1	0	327	2009
2455	1	1	0	340	2007
2456	1	2	107	327	2007
2457	2	2	123	0	2004
2458	2	2	0	0	2005
2459	1	2	111	498	2009
2460	1	1	102	468	2007
2461	1	1	119	343	2007
2462	1	2	118	332	2009
2463	2	1	102	0	2005
2464	1	2	92	481	2007
2465	1	1	113	0	2007
2466	1	1	131	0	2006
2467	1	0	0	0	0
2468	1	2	122	499	2009
2469	2	0	0	0	0
2470	1	2	111	0	2007
2471	1	1	111	329	2008
2472	1	1	108	327	2008
2473	1	2	0	498	2009
2474	2	1	106	0	2004
2475	1	1	111	327	2008
2476	2	2	109	430	2005
2477	1	1	0	327	2009
2478	1	2	0	331	0
2479	2	2	111	0	2005
2480	2	2	95	0	2004
2481	1	2	130	332	2008
2482	1	2	122	0	2006
2483	1	2	111	420	2006
2484	1	1	102	484	2008
2485	1	2	120	368	2006
2486	1	2	107	0	2007
2487	1	2	100	327	2009
2488	1	1	0	328	2008
2489	2	1	118	0	2004
2490	1	2	122	0	2007
2491	1	0	111	451	0
2492	1	1	112	0	2007
2493	1	1	131	327	2008
2494	1	2	0	343	2008
2495	2	2	103	370	2005
2496	1	1	0	327	2008
2497	1	2	111	343	2008
2498	1	2	109	327	2008
2499	2	1	108	0	0
2500	2	1	98	418	2005
2501	1	1	108	474	2006
2502	2	2	103	489	2004
2503	1	2	99	477	2007
2504	1	2	109	327	2008
2505	1	1	111	330	2008
2506	1	1	0	498	2009
2507	1	1	122	481	2008
2508	1	1	0	0	2008
2509	1	1	131	397	2005
2510	1	1	118	0	2006
2511	1	1	0	498	2009
2512	2	1	131	343	2002
2513	1	1	107	331	2009
2514	1	2	109	327	2008
2515	1	1	105	0	2007
2516	1	1	125	327	2008
2517	1	1	128	330	2009
2518	2	1	113	373	2005
2519	1	1	0	331	2009
2520	1	2	122	0	2009
2521	1	1	108	327	2008
2522	1	2	107	343	2007
2523	1	2	114	343	2007
2524	1	1	0	330	2009
2525	2	1	102	405	2005
2526	2	2	109	0	2005
2527	1	1	131	383	2005
2528	3	0	0	0	2007
2529	1	1	91	0	2007
2530	1	1	119	327	2007
2531	1	1	118	330	2007
2532	2	2	111	388	2005
2533	1	1	111	0	2006
2534	1	1	0	497	2007
2535	1	1	0	343	2007
2536	1	0	112	331	2008
2537	1	2	119	488	2007
2538	1	2	98	327	2008
2539	1	1	108	333	2008
2540	1	2	115	343	2006
2541	2	1	128	329	2004
2542	2	1	114	449	2004
2543	1	1	103	332	2009
2544	1	2	98	334	2006
2545	1	2	107	405	2006
2546	2	2	0	0	2007
2547	1	2	105	0	2007
2548	1	1	103	0	2006
2549	1	1	0	0	2009
2550	1	2	107	377	2006
2551	1	1	0	327	2009
2552	1	2	120	0	2007
2553	2	2	107	439	2004
2554	1	1	0	331	2008
2555	2	0	122	0	2004
2556	1	2	103	330	0
2557	1	1	124	446	2006
2558	1	1	98	333	2006
2559	1	1	128	327	2007
2560	1	2	0	331	2008
2561	1	2	108	327	2007
2562	1	1	102	0	2007
2563	1	0	0	0	0
2564	1	1	122	424	2006
2565	2	1	94	0	2005
2566	1	2	131	340	2008
2567	2	1	101	0	2005
2568	1	0	102	0	2006
2569	1	1	116	0	2006
2570	1	1	108	0	2006
2571	1	2	0	0	2008
2572	1	0	0	0	0
2573	1	2	108	490	2008
2574	1	2	111	343	2007
2575	1	1	95	0	2006
2576	1	1	111	327	2008
2577	1	2	0	466	2007
2578	2	1	112	401	2005
2579	1	2	95	0	2006
2580	2	2	111	455	2005
2581	1	2	0	334	2005
2582	1	1	122	0	2006
2583	2	2	103	442	2005
2584	1	2	122	481	2006
2585	1	2	0	327	2009
2586	1	2	121	498	2009
2587	1	1	122	349	2006
2588	1	2	99	343	2007
2589	1	1	0	331	2008
2590	1	2	112	331	2008
2591	2	2	111	0	2005
2592	1	2	108	332	2008
2593	1	1	0	498	2009
2594	1	2	112	0	2009
2595	1	1	108	340	2007
2596	2	1	109	0	2005
2597	1	2	122	327	2008
2598	2	1	116	0	2005
2599	1	2	118	343	2006
2600	1	2	131	331	2008
2601	1	1	112	327	2008
2602	1	2	97	333	2007
2603	1	1	111	417	2006
2604	1	2	122	439	2006
2605	1	1	94	476	2008
2606	1	2	122	332	2008
2607	2	1	92	0	2004
2608	1	2	107	332	2008
2609	1	2	107	327	2008
2610	1	1	116	447	2006
2611	1	2	0	330	2008
2612	5	2	0	0	2004
2613	1	2	111	327	2009
2614	1	1	0	0	2007
2615	1	1	122	0	2007
2616	1	0	0	0	0
2617	2	2	0	0	2005
2618	1	1	119	498	2006
2619	1	2	111	458	2006
2620	2	0	0	0	0
2621	1	2	132	0	2005
2622	1	2	111	327	2008
2623	1	0	0	418	2006
2624	1	1	108	0	2007
2625	2	1	107	0	2005
2626	1	1	103	0	2007
2627	2	0	97	0	2005
2628	1	2	107	343	2006
2629	1	2	108	327	2008
2630	2	2	111	0	2004
2631	1	2	0	327	2008
2632	1	2	0	0	2009
2633	1	2	122	330	2007
2634	1	1	0	327	2008
2635	1	0	95	446	2005
2636	1	1	109	426	2006
2637	1	2	109	327	2008
2638	1	1	0	332	2009
2639	1	1	0	327	2009
2640	1	2	0	332	2009
2641	1	2	119	332	2008
2642	1	2	108	494	2006
2643	2	1	111	0	2004
2644	1	2	131	327	2008
2645	1	2	95	490	2007
2646	1	1	98	331	2009
2647	1	2	111	327	2009
2648	1	1	111	430	0
2649	2	1	100	393	2005
2650	2	1	122	433	2005
2651	1	2	0	329	2009
2652	2	2	108	0	0
2653	1	2	111	330	2009
2654	1	1	111	329	2009
2655	1	2	111	330	2008
2656	2	2	94	0	2005
2657	2	1	112	0	2005
2658	1	2	101	343	2007
2659	1	1	0	331	2008
2660	1	2	109	327	2009
2661	1	1	98	330	2009
2662	1	2	103	329	2008
2663	1	2	0	327	2009
2664	1	1	94	0	2007
2665	1	1	112	340	2008
2666	1	2	95	340	2006
2667	1	2	111	0	2006
2668	1	0	119	343	0
2669	1	2	131	332	2007
2670	1	2	111	489	2007
2671	1	1	131	350	2006
2672	2	1	122	0	2005
2673	1	2	0	330	2008
2674	5	1	122	0	2005
2675	1	1	113	493	2007
2676	1	2	0	498	2009
2677	1	2	111	365	2006
2678	1	1	122	0	2007
2679	1	2	122	0	2007
2680	1	1	127	0	2007
2681	1	1	92	440	2006
2682	1	2	103	468	2007
2683	1	1	109	0	2006
2684	1	2	112	331	2008
2685	1	2	112	330	2007
2686	1	1	108	481	2008
2687	1	1	0	327	2008
2688	1	2	0	498	2009
2689	1	2	120	0	2006
2690	1	2	98	467	2007
2691	1	0	0	331	0
2692	1	1	0	327	2008
2693	1	1	103	343	2008
2694	1	2	107	498	2009
2695	1	1	0	331	2009
2696	1	2	119	453	2006
2697	2	1	113	0	2003
2698	1	1	0	327	2008
2699	1	2	0	331	2008
2700	1	2	0	329	2008
2701	1	1	122	444	2006
2702	1	1	122	366	2006
2703	1	0	107	0	2006
2704	1	1	111	468	2007
2705	1	2	107	433	2007
2706	5	1	99	0	0
2707	1	1	122	444	2006
2708	1	2	114	346	2007
2709	1	1	119	389	2005
2710	1	2	118	0	2007
2711	2	2	103	0	2005
2712	2	2	118	0	0
2713	2	0	0	0	2005
2714	2	2	119	489	2004
2715	1	2	111	341	2008
2716	1	2	91	480	2008
2717	1	1	98	327	2007
2718	2	1	122	419	2005
2719	1	1	95	343	2007
2720	1	2	0	327	2009
2721	5	1	108	0	2004
2722	2	1	109	332	2005
2723	1	1	108	332	2008
2724	2	2	132	388	2005
2725	2	1	101	0	2005
2726	1	2	132	331	2008
2727	1	1	90	329	2009
2728	1	1	109	327	2008
2729	1	2	122	327	2008
2730	1	1	91	0	2006
2731	1	1	0	486	2008
2732	2	2	114	440	2004
2733	1	2	111	329	2009
2734	2	0	0	0	0
2735	1	2	104	493	2008
2736	1	1	108	335	2007
2737	2	1	92	412	2004
2738	1	2	111	0	2006
2739	1	1	108	331	2008
2740	1	2	122	0	2006
2741	1	2	0	331	2007
2742	1	2	0	329	2009
2743	1	2	108	0	2005
2744	2	0	0	0	0
2745	2	2	113	363	0
2746	1	2	0	332	2009
2747	1	1	131	343	2007
2748	1	2	0	327	2009
2749	2	0	90	0	2005
2750	1	0	0	0	2008
2751	1	0	0	0	0
2752	2	1	111	0	2004
2753	1	1	0	332	2008
2754	1	2	108	0	2006
2755	1	2	111	331	2008
2756	1	1	120	327	2009
2757	2	2	131	0	2005
2758	1	2	0	329	2009
2759	1	2	107	498	2009
2760	2	2	107	0	2005
2761	1	1	111	498	2009
2762	1	0	95	468	0
2763	2	2	103	0	2003
2764	1	1	120	327	0
2765	1	2	108	0	2007
2766	2	2	112	0	2005
2767	1	2	109	0	2006
2768	2	2	99	0	2004
2769	2	0	106	0	2005
2770	2	2	95	380	2004
2771	2	2	107	0	2005
2772	1	1	101	328	2006
2773	1	1	122	0	2007
2774	1	2	0	475	0
2775	1	2	0	332	2008
2776	1	1	122	343	2007
2777	2	0	0	0	0
2778	1	1	0	0	0
2779	1	0	0	0	0
2780	1	1	93	343	2007
2781	2	1	111	0	2004
2782	2	1	92	343	2005
2783	1	2	121	329	2009
2784	1	1	0	331	2008
2785	1	0	0	0	2007
2786	1	1	103	471	2007
2787	1	1	102	331	2008
2788	1	2	106	327	2009
2789	1	1	113	332	2008
2790	2	2	122	0	2005
2791	1	2	0	330	2008
2792	1	2	0	327	2008
2793	2	0	0	0	0
2794	1	2	0	329	2009
2795	1	1	94	334	2006
2796	2	2	111	0	2004
2797	2	2	103	0	2005
2798	1	2	131	0	2007
2799	1	2	114	437	2006
2800	2	1	125	374	2005
2801	1	2	109	499	2006
2802	1	1	0	329	2009
2803	1	2	107	327	2009
2804	2	1	122	0	2005
2805	1	0	105	0	0
2806	1	2	111	458	2006
2807	1	0	98	330	2008
2808	1	2	91	343	2007
2809	1	2	111	329	2009
2810	1	2	112	330	2009
2811	1	0	0	0	0
2812	2	1	92	453	2004
2813	1	1	108	343	2007
2814	1	2	90	333	2007
2815	1	2	105	498	2009
2816	2	1	131	0	2004
2817	1	1	119	343	2007
2818	1	1	132	343	2007
2819	3	1	108	340	2007
2820	1	1	94	330	2008
2821	1	1	114	333	2008
2822	2	0	113	0	2005
2823	1	0	0	330	2008
2824	1	2	124	333	2006
2825	1	2	122	331	2009
2826	1	1	108	343	2008
2827	1	1	0	327	2008
2828	1	2	95	483	2008
2829	1	2	0	329	2009
2830	1	1	131	410	2006
2831	1	1	102	0	2007
2832	1	1	0	327	2008
2833	1	1	0	331	2009
2834	1	1	113	495	2007
2835	1	1	107	331	2009
2836	1	1	97	332	2008
2837	2	1	0	0	2004
2838	1	1	118	327	2008
2839	1	2	109	343	2007
2840	1	2	118	332	2009
2841	2	0	108	0	2005
2842	1	2	111	334	2006
2843	1	1	98	329	0
2844	1	1	0	330	2008
2845	1	2	132	327	2007
2846	1	2	98	330	2009
2847	2	2	111	0	2004
2848	2	0	108	0	2005
2849	1	1	111	331	2009
2850	1	2	121	0	0
2851	1	1	0	498	2009
2852	2	2	90	0	2005
2853	1	2	109	0	2007
2854	1	1	122	465	2008
2855	2	2	127	0	2005
2856	1	2	0	327	2008
2857	1	0	0	0	0
2858	1	1	0	331	2009
2859	1	1	111	499	2009
2860	1	2	0	343	2006
2861	1	2	111	465	2005
2862	1	2	111	498	2009
2863	1	1	133	0	2007
2864	1	2	0	331	2008
2865	1	2	0	331	2009
2866	1	1	106	327	2007
2867	1	1	112	327	2008
2868	1	2	112	0	2005
2869	2	2	122	482	2003
2870	1	2	119	378	2006
2871	1	2	115	343	2007
2872	1	2	92	341	2008
2873	1	2	130	330	2009
2874	1	2	118	0	2006
2875	1	1	0	330	2009
2876	1	2	103	329	2008
2877	1	0	131	474	2006
2878	1	2	0	498	2009
2879	1	1	109	0	2006
2880	1	2	109	378	2006
2881	1	1	0	499	2006
2882	1	2	107	0	2009
2883	1	2	106	483	2008
2884	1	2	92	498	2006
2885	1	0	0	0	0
2886	1	2	120	416	2006
2887	1	2	107	328	2009
2888	1	0	0	0	0
2889	1	1	123	343	2007
2890	1	1	0	330	2008
2891	1	2	0	332	2009
2892	1	1	119	327	2007
2893	1	0	0	465	2007
2894	1	2	0	330	2009
2895	1	2	107	457	2005
2896	1	2	122	327	2009
2897	4	0	0	0	0
2898	2	2	104	0	2004
2899	1	2	108	329	2009
2900	2	1	131	0	2004
2901	2	2	105	0	2005
2902	1	2	111	327	2008
2903	1	1	0	331	2009
2904	2	1	91	448	2005
2905	1	1	0	327	2009
2906	1	1	0	329	2009
2907	2	1	94	444	2005
2908	2	1	107	0	2005
2909	1	0	0	0	2008
2910	1	2	108	330	2008
2911	1	1	0	332	2009
2912	1	2	0	327	2009
2913	1	1	130	355	2006
2914	1	2	95	340	2007
2915	1	1	119	407	2006
2916	1	1	119	498	2009
2917	1	2	121	400	2005
2918	1	1	103	0	2007
2919	3	2	0	495	2005
2920	1	1	122	382	2005
2921	5	0	0	0	0
2922	1	0	0	0	0
2923	1	1	118	477	2008
2924	2	2	115	0	2005
2925	1	2	102	0	2007
2926	1	2	118	0	2004
2927	1	2	95	327	2008
2928	1	1	92	457	2006
2929	1	0	123	0	2006
2930	5	2	99	0	2006
2931	2	2	107	0	2004
2932	1	1	122	440	2006
2933	1	2	107	343	2006
2934	1	1	0	327	2008
2935	1	2	0	327	2008
2936	1	0	0	0	0
2937	1	2	0	0	2009
2938	1	2	131	403	2005
2939	1	0	0	0	0
2940	1	1	0	331	2009
2941	2	1	0	0	2004
2942	1	0	99	484	2008
2943	2	1	113	0	2005
2944	1	0	121	327	2007
2945	2	2	111	0	2004
2946	1	1	107	0	2007
2947	2	2	97	0	2004
2948	1	1	95	0	2008
2949	2	2	107	0	2005
2950	1	0	0	488	2008
2951	1	1	111	331	2009
2952	2	2	132	0	2004
2953	1	0	0	0	0
2954	1	1	0	331	2008
2955	1	2	118	488	2008
2956	1	2	121	489	2007
2957	3	2	112	0	0
2958	1	2	90	0	2007
2959	1	1	119	498	2007
2960	1	2	107	330	2008
2961	1	1	111	406	2006
2962	2	2	118	0	2005
2963	1	0	0	0	0
2964	1	1	106	340	2008
2965	1	1	91	0	2006
2966	2	0	108	0	2005
2967	1	1	131	0	2006
2968	2	1	108	0	2005
2969	1	2	99	327	2007
2970	1	1	111	0	2006
2971	1	1	0	332	2008
2972	1	1	95	0	2006
2973	1	1	114	333	2007
2974	5	2	111	0	2005
2975	1	1	0	498	2009
2976	1	2	116	330	2007
2977	1	1	132	329	2009
2978	2	2	122	380	2002
2979	1	0	0	327	2009
2980	2	2	127	337	2004
2981	1	2	119	327	2007
2982	1	1	111	481	2006
2983	1	1	112	446	2007
2984	1	1	111	330	2008
2985	1	2	123	331	2008
2986	2	1	124	334	2005
2987	1	1	122	449	2006
2988	1	1	0	330	2008
2989	1	2	118	327	2009
2990	2	1	102	440	2003
2991	1	2	98	489	2008
2992	1	0	133	393	2006
2993	1	1	131	364	2006
2994	1	1	0	327	2009
2995	1	1	0	330	2007
2996	1	1	131	327	2008
2997	2	1	111	0	2005
2998	2	2	131	434	2005
2999	1	1	114	0	2006
3000	1	2	107	466	2007
3001	1	1	130	331	2008
3002	2	1	130	411	2005
3003	1	2	112	0	0
3004	1	2	0	489	0
3005	1	1	0	330	0
3006	1	1	0	330	2008
3007	1	2	95	400	2005
3008	1	1	113	327	2009
3009	1	1	0	330	2008
3010	1	2	119	329	2009
3011	2	1	107	391	2005
3012	1	2	111	327	2009
3013	2	1	108	0	2005
3014	1	1	0	474	2007
3015	2	1	112	0	2005
3016	1	0	108	0	2006
3017	1	2	111	329	2009
3018	5	2	119	433	2006
3019	1	0	0	0	0
3020	1	1	98	0	2005
3021	2	1	91	337	2005
3022	1	0	108	0	2007
3023	1	1	0	498	2009
3024	1	0	0	0	0
3025	1	1	119	331	2007
3026	1	0	135	475	2006
3027	1	1	0	330	2008
3028	2	2	108	0	2005
3029	1	2	107	418	2006
3030	1	1	113	451	2006
3031	1	0	0	0	0
3032	1	2	131	0	2007
3033	1	1	92	343	2007
3034	1	1	108	481	2007
3035	2	2	91	0	2004
3036	2	1	94	465	2004
3037	1	2	119	0	2007
3038	1	1	0	331	2008
3039	1	1	116	331	2009
3040	1	2	0	331	2009
3041	1	1	111	490	2008
3042	2	1	111	0	2004
3043	1	1	130	327	2007
3044	1	2	134	331	2009
3045	2	0	0	0	0
3046	2	2	128	0	2005
3047	1	1	0	327	2009
3048	2	0	128	0	2004
3049	2	2	91	0	2005
3050	2	2	119	0	2005
3051	1	2	0	327	2009
3052	1	1	0	332	2009
3053	1	0	0	0	0
3054	1	0	0	0	0
3055	1	1	99	333	2007
3056	1	2	108	378	2006
3057	1	2	95	438	0
3058	4	2	133	480	1969
3059	1	1	112	0	2009
3060	1	2	107	0	2005
3061	1	1	0	331	2009
3062	1	2	107	343	2006
3063	1	2	0	329	2008
3064	1	2	107	498	2009
3065	1	2	0	330	2008
3066	1	2	107	490	2008
3067	1	2	107	327	2008
3068	1	2	107	327	2007
3069	1	2	107	343	2007
3070	1	2	0	331	2008
3071	1	2	122	467	2007
3072	2	1	132	0	2002
3073	2	1	101	0	2005
3074	1	0	0	0	0
3075	2	1	131	0	2007
3076	1	0	123	463	2006
3077	1	1	108	363	2006
3078	1	2	120	429	2005
3079	1	1	113	475	2007
3080	1	1	119	343	2006
3081	1	1	0	329	2009
3082	1	1	0	331	2008
3083	2	1	109	0	2003
3084	1	1	111	475	2007
3085	1	2	98	446	2007
3086	1	2	109	332	2009
3087	1	1	102	327	2008
3088	1	1	105	327	2008
3089	1	1	92	465	2006
3090	1	1	95	0	2006
3091	1	2	115	483	2007
3092	1	1	131	330	2009
3093	1	2	103	331	2008
3094	2	2	106	0	2005
3095	1	1	0	498	2009
3096	1	1	109	499	2009
3097	1	2	0	329	2009
3098	1	2	99	489	2007
3099	1	2	0	331	2009
3100	1	2	116	499	2008
3101	1	2	118	0	2007
3102	1	1	109	0	2007
3103	1	2	111	489	2007
3104	1	2	121	487	2008
3105	1	1	0	340	2008
3106	1	2	119	327	2009
3107	2	1	111	0	2004
3108	1	0	105	478	2007
3109	1	1	105	460	2006
3110	2	0	112	421	2005
3111	1	1	0	331	2009
3112	1	2	111	498	2009
3113	1	2	130	327	2008
3114	1	0	0	0	2006
3115	1	1	103	343	2007
3116	2	1	122	0	2005
3117	1	2	120	330	2008
3118	1	1	122	499	2009
3119	2	2	91	0	2004
3120	2	2	116	0	2005
3121	1	2	121	329	2009
3122	1	1	108	449	2006
3123	1	1	118	374	2006
3124	1	2	0	330	2009
3125	1	2	112	331	2007
3126	2	2	122	402	2005
3127	1	1	116	340	2008
3128	1	1	101	465	2006
3129	1	2	0	330	2009
3130	1	0	0	0	0
3131	1	1	122	329	2009
3132	1	1	107	335	2007
3133	2	1	108	369	2002
3134	1	1	108	327	2007
3135	1	2	107	330	2008
3136	1	1	127	343	2006
3137	1	1	0	327	2008
3138	1	1	108	451	2005
3139	2	0	108	440	2005
3140	2	1	111	418	2005
3141	1	2	111	386	2006
3142	1	1	118	484	2007
3143	2	0	0	0	0
3144	2	2	107	0	2005
3145	2	1	122	0	0
3146	2	0	0	0	0
3147	1	1	119	417	2005
3148	2	2	98	334	2005
3149	2	2	111	427	2005
3150	1	2	0	329	2009
3151	1	2	119	343	2005
3152	1	1	98	341	2006
3153	1	2	123	334	2006
3154	1	2	116	0	2006
3155	1	0	0	0	0
3156	1	1	120	0	2007
3157	1	2	131	465	2008
3158	1	2	0	331	2009
3159	1	2	132	455	2007
3160	1	0	0	468	2008
3161	1	1	111	340	2007
3162	1	2	118	337	2007
3163	1	1	98	386	2005
3164	2	2	112	0	2003
3165	1	2	107	0	2006
3166	2	1	109	0	2005
3167	2	2	111	466	2004
3168	1	2	105	340	2008
3169	1	2	116	0	2007
3170	1	1	123	444	2006
3171	1	1	122	327	2007
3172	1	1	90	343	2006
3173	1	2	103	485	2007
3174	1	2	90	327	2007
3175	2	2	90	0	2005
3176	1	2	107	489	2007
3177	1	2	132	400	2006
3178	2	1	111	0	2004
3179	1	2	98	474	2007
3180	1	2	107	489	2008
3181	1	2	131	365	2006
3182	1	2	0	330	2009
3183	1	2	112	468	2007
3184	2	2	107	450	2005
3185	1	1	98	496	2005
3186	2	1	109	354	2005
3187	1	2	108	0	2007
3188	1	1	106	332	2009
3189	2	1	98	351	2004
3190	1	2	97	0	0
3191	2	1	100	0	2004
3192	1	1	130	331	2008
3193	1	1	108	328	2009
3194	2	2	114	0	2005
3195	1	1	98	327	2006
3196	1	2	108	433	2007
3197	1	2	111	334	2005
3198	5	1	91	453	2004
3199	1	2	0	332	2009
3200	1	2	90	454	2006
3201	1	1	0	330	2009
3202	2	2	107	0	2002
3203	1	2	0	0	2007
3204	1	1	0	468	2008
3205	2	2	108	0	2004
3206	1	2	0	498	2009
3207	1	2	107	487	2006
3208	2	1	119	0	2005
3209	2	2	92	343	2005
3210	2	2	107	439	2005
3211	1	2	107	462	2007
3212	5	1	99	0	0
3213	1	1	108	431	2006
3214	1	2	111	390	2006
3215	1	1	0	431	2005
3216	1	2	0	331	2008
3217	1	1	112	330	2008
3218	1	1	0	329	2009
3219	1	0	119	384	2005
3220	2	1	132	465	2003
3221	1	1	118	343	2006
3222	1	1	98	0	2006
3223	1	2	123	332	2008
3224	2	2	120	488	2004
3225	2	2	118	0	2005
3226	1	1	119	329	2007
3227	1	1	0	329	2009
3228	1	1	122	477	2007
3229	1	2	112	0	2006
3230	2	0	91	447	2005
3231	1	2	102	332	2007
3232	1	2	107	328	2009
3233	1	1	103	0	2007
3234	4	1	0	0	0
3235	1	1	103	327	2007
3236	1	1	0	498	2009
3237	1	1	113	477	2007
3238	1	1	109	490	2008
3239	1	0	0	0	2008
3240	1	2	105	380	2006
3241	1	1	104	329	2008
3242	5	1	122	402	2005
3243	1	1	0	331	2009
3244	2	1	0	0	2005
3245	1	1	106	0	2007
3246	2	2	121	0	2005
3247	1	0	108	475	2008
3248	1	1	122	0	2006
3249	1	0	103	330	2008
3250	2	1	108	328	2005
3251	1	2	108	439	2005
3252	4	2	0	0	0
3253	2	0	0	0	2004
3254	1	1	108	343	2007
3255	1	0	0	0	0
3256	1	2	111	331	2007
3257	1	1	102	0	2007
3258	2	2	108	0	2004
3259	2	1	112	0	2005
3260	2	0	0	0	0
3261	1	1	98	343	2007
3262	1	2	99	331	2008
3263	1	2	108	380	2006
3264	1	2	0	327	2009
3265	1	0	0	0	0
3266	1	0	109	0	0
3267	1	2	111	467	2006
3268	1	2	107	329	2009
3269	1	1	113	343	2008
3270	1	1	0	329	2009
3271	1	1	105	0	2005
3272	1	2	0	330	2008
3273	2	0	102	0	2004
3274	1	1	130	451	2006
3275	1	0	0	0	0
3276	1	2	108	354	2006
3277	2	2	98	0	2005
3278	2	1	95	0	2005
3279	1	2	111	457	2005
3280	1	2	111	0	2007
3281	1	2	116	466	2007
3282	1	2	91	0	2007
3283	1	1	122	343	2006
3284	1	1	0	331	2009
3285	1	0	122	0	2006
3286	1	2	0	330	2008
3287	1	2	132	470	2008
3288	1	1	95	438	2006
3289	1	2	0	327	2008
3290	1	2	121	327	2009
3291	2	1	98	0	2004
3292	1	1	132	327	2009
3293	1	1	131	0	2006
3294	2	0	111	391	2005
3295	1	2	107	334	2006
3296	1	0	0	0	0
3297	5	1	118	0	2006
3298	1	1	0	332	2008
3299	1	2	98	331	2009
3300	2	1	122	0	2005
3301	1	0	0	0	2006
3302	1	1	115	327	2008
3303	1	2	102	355	2006
3304	1	1	108	343	2007
3305	1	2	122	0	2007
3306	1	2	99	331	2007
3307	1	1	91	499	2007
3308	2	2	99	334	2005
3309	1	1	122	327	2008
3310	1	2	120	332	2006
3311	2	2	132	442	0
3312	1	1	106	335	2007
3313	2	2	94	0	2005
3314	1	1	0	0	2007
3315	2	2	108	380	2004
3316	1	2	111	467	2006
3317	1	1	108	331	2009
3318	1	1	116	0	2006
3319	1	1	90	428	2006
3320	1	2	109	343	2006
3321	1	1	0	329	2009
3322	1	2	118	329	0
3323	2	2	108	0	0
3324	2	2	98	0	2005
3325	2	2	111	0	2005
3326	1	1	102	328	2009
3327	1	1	0	331	2009
3328	1	2	111	498	2009
3329	1	2	0	329	2009
3330	1	1	111	498	2009
3331	1	2	91	0	2006
3332	1	2	111	343	2007
3333	2	1	102	0	2005
3334	1	2	107	327	2008
3335	1	1	108	330	2008
3336	2	2	103	0	2005
3337	1	2	107	343	2007
3338	2	1	91	0	2004
3339	1	1	112	0	2005
3340	1	2	109	0	2006
3341	1	0	119	330	0
3342	1	2	99	332	2009
3343	1	2	91	490	2007
3344	1	2	0	0	0
3345	1	1	103	483	2007
3346	2	0	103	405	2003
3347	1	1	108	482	2008
3348	1	2	112	335	2008
3349	1	1	0	329	2009
3350	1	0	0	0	0
3351	1	1	128	484	2008
3352	1	1	98	477	2007
3353	1	0	0	0	0
3354	1	2	112	466	2006
3355	2	2	102	459	2005
3356	1	2	111	331	2009
3357	1	1	102	439	2007
3358	1	2	111	343	2006
3359	1	1	0	332	0
3360	1	1	95	498	2009
3361	1	1	122	340	2008
3362	1	2	118	327	2008
3363	1	1	0	332	2008
3364	1	1	108	330	2008
3365	1	1	0	327	2008
3366	1	0	0	0	0
3367	1	1	107	486	2008
3368	2	1	106	0	2004
3369	1	2	114	330	2008
3370	1	1	121	330	2007
3371	1	2	108	0	2006
3372	1	2	118	327	2007
3373	2	1	109	0	2005
3374	1	0	108	457	2006
3375	1	1	104	0	2007
3376	2	2	111	0	2005
3377	1	2	0	467	2008
3378	1	1	108	0	2007
3379	1	0	91	480	2006
3380	1	0	95	403	0
3381	1	2	0	330	2009
3382	1	2	109	327	2009
3383	1	2	118	0	2007
3384	1	0	0	0	0
3385	1	1	122	495	2008
3386	1	1	98	498	2009
3387	1	2	107	327	2008
3388	1	2	111	489	2007
3389	1	2	111	327	2008
3390	1	2	95	329	2009
3391	2	2	92	488	2004
3392	1	1	109	327	2009
3393	1	1	106	468	2007
3394	1	1	127	332	2008
3395	2	2	108	0	2003
3396	1	2	118	0	2006
3397	2	1	90	386	2005
3398	1	2	0	327	2008
3399	1	1	112	330	2007
3400	2	0	108	0	2004
3401	1	2	109	343	2007
3402	1	1	0	332	2009
3403	1	2	102	332	2007
3404	1	1	131	327	2009
3405	2	1	131	401	2005
3406	1	1	108	327	2008
3407	1	2	0	327	2008
3408	1	1	119	0	2007
3409	1	0	108	0	2007
3410	1	1	109	329	2009
3411	1	1	103	331	2008
3412	2	2	120	0	2004
3413	1	0	91	411	2006
3414	1	2	95	331	2008
3415	1	2	98	327	2007
3416	1	1	98	498	2009
3417	2	1	112	389	2005
3418	1	2	0	327	2008
3419	2	0	122	0	2004
3420	1	1	122	330	2008
3421	1	1	98	329	2009
3422	2	2	103	0	2005
3423	1	2	107	329	2009
3424	1	2	111	327	2009
3425	1	0	0	327	2009
3426	2	2	123	0	0
3427	1	2	0	0	2007
3428	2	1	122	369	2005
3429	2	2	108	0	2004
3430	1	2	109	330	2009
3431	2	2	108	0	2003
3432	2	1	122	0	2005
3433	2	2	102	494	2005
3434	2	1	107	389	2005
3435	1	2	98	343	2007
3436	1	2	107	327	2009
3437	1	2	107	343	2007
3438	1	0	0	0	0
3439	1	1	95	332	2007
3440	2	1	122	0	2005
3441	1	2	131	401	2006
3442	1	2	92	327	2009
3443	2	2	112	488	2004
3444	2	0	122	0	0
3445	1	2	121	419	2006
3446	1	1	109	499	2009
3447	1	2	108	453	2006
3448	1	1	130	0	2005
3449	1	2	108	332	2009
3450	1	1	119	0	2006
3451	1	1	99	341	2006
3452	1	1	106	0	2006
3453	1	1	119	331	2009
3454	1	1	131	477	2008
3455	1	1	0	327	2008
3456	1	1	111	477	2007
3457	1	2	0	498	2009
3458	1	2	111	334	2005
3459	1	1	98	343	2007
3460	2	2	0	0	2004
3461	1	2	94	403	2006
3462	1	1	103	327	2008
3463	1	1	116	498	2009
3464	1	1	130	0	2007
3465	2	1	107	457	2004
3466	2	1	111	369	2005
3467	1	2	107	327	2009
3468	1	1	99	475	2008
3469	2	1	0	0	2004
3470	1	2	102	335	2007
3471	1	1	90	454	2005
3472	1	1	103	334	2006
3473	2	2	91	443	2005
3474	1	1	0	327	2009
3475	2	2	122	0	2003
3476	1	2	119	369	2006
3477	2	1	120	0	2004
3478	2	1	94	0	2005
3479	1	1	108	488	2007
3480	2	2	106	396	2004
3481	2	1	119	0	2005
3482	1	2	125	332	2006
3483	2	1	112	0	2005
3484	1	1	109	0	2006
3485	1	2	116	329	2009
3486	1	1	119	0	2006
3487	1	2	0	327	2009
3488	1	1	102	0	2008
3489	2	2	107	363	2005
3490	1	2	98	332	2008
3491	1	1	108	0	2007
3492	1	1	112	332	2007
3493	1	1	0	331	2008
3494	1	2	102	379	2006
3495	1	1	0	490	2008
3496	2	1	122	431	2004
3497	1	1	111	327	2008
3498	1	2	111	330	2008
3499	1	2	107	327	2008
3500	2	1	130	396	2005
3501	2	2	98	334	2005
3502	1	1	107	0	2006
3503	2	1	128	0	2005
3504	1	0	108	485	2007
3505	1	1	111	490	2007
3506	1	1	103	334	2006
3507	3	0	0	0	2004
3508	5	2	112	441	2004
3509	2	2	0	387	2005
3510	2	2	91	0	2005
3511	1	2	0	329	2008
3512	1	1	0	327	2008
3513	1	2	0	0	2009
3514	2	1	119	448	2005
3515	2	1	111	0	0
3516	2	0	0	0	0
3517	1	1	0	343	2007
3518	1	2	114	334	2006
3519	1	2	107	381	2005
3520	1	2	107	400	2005
3521	2	1	116	0	2004
3522	1	1	0	343	2007
3523	1	2	122	331	2009
3524	1	2	109	343	2007
3525	2	2	121	405	2005
3526	1	2	104	356	2006
3527	2	1	91	0	2005
3528	2	1	118	0	2005
3529	1	1	122	476	2007
3530	1	1	0	332	2008
3531	1	2	0	331	2008
3532	1	1	112	0	2006
3533	2	2	92	0	2005
3534	1	1	131	355	2006
3535	1	1	104	407	2007
3536	1	2	112	327	0
3537	1	1	98	328	2009
3538	1	2	118	327	2008
3539	1	1	99	343	2007
3540	2	1	111	0	0
3541	1	2	112	329	2009
3542	1	1	92	327	2009
3543	1	2	0	329	2009
3544	2	0	0	0	0
3545	1	1	112	360	2006
3546	1	1	95	451	2006
3547	2	1	130	0	2004
3548	2	1	108	0	2005
3549	2	1	116	0	2004
3550	1	1	95	335	2007
3551	1	2	0	328	2008
3552	2	1	98	0	2005
3553	2	1	0	0	0
3554	1	2	103	0	2007
3555	2	1	122	334	2004
3556	1	1	130	440	0
3557	1	2	106	396	2005
3558	1	2	111	390	2006
3559	1	2	131	497	2006
3560	1	1	119	483	2008
3561	1	1	111	329	2009
3562	1	2	111	327	2009
3563	1	2	98	331	2009
3564	2	1	122	0	2000
3565	2	1	108	0	2004
3566	1	1	108	488	2007
3567	2	0	108	0	2004
3568	1	0	111	341	2007
3569	1	2	119	0	2008
3570	2	1	92	457	0
3571	1	1	111	343	2007
3572	1	1	108	0	2006
3573	1	2	120	0	2007
3574	1	1	0	327	2009
3575	1	2	112	499	2007
3576	1	1	0	330	2008
3577	1	2	0	498	2009
3578	1	2	103	336	2006
3579	1	2	112	332	2007
3580	1	1	122	416	2006
3581	1	1	122	498	2009
3582	1	1	119	332	2009
3583	5	0	0	0	0
3584	1	2	116	327	2009
3585	2	0	107	0	2005
3586	4	1	0	0	0
3587	1	2	102	332	2008
3588	1	2	109	332	2009
3589	1	1	94	0	2006
3590	1	1	108	332	2008
3591	2	1	94	0	2003
3592	1	2	122	451	2005
3593	2	2	122	343	2005
