id	status	gender	major	dorm	year
1	2	2	33	0	2005
2	1	2	18	337	2006
3	1	1	9	344	2008
4	1	1	48	327	2008
5	1	0	0	0	0
6	1	1	37	350	2006
7	2	0	0	0	0
8	1	1	0	351	2008
9	1	1	9	353	2009
10	1	2	8	352	2009
11	1	2	9	352	2009
12	1	1	19	350	2007
13	1	1	9	0	2006
14	1	1	24	351	2007
15	1	2	0	0	2008
16	1	0	41	0	2007
17	1	2	18	330	2006
18	1	1	18	341	2008
19	1	2	18	351	2009
20	2	0	41	0	2004
21	1	2	41	343	2007
22	2	1	19	349	2005
23	1	0	0	0	0
24	1	2	0	355	2009
25	1	1	0	0	2008
26	1	1	0	341	2008
27	2	2	19	0	0
28	1	1	41	328	2008
29	1	2	18	354	2009
30	1	1	0	353	2009
31	1	2	0	352	2009
32	1	1	9	351	2009
33	1	2	18	351	2008
34	1	1	18	339	2005
35	1	1	37	353	2007
36	1	2	0	352	2009
37	1	1	42	0	2006
38	2	1	18	0	2005
39	1	1	34	0	2008
40	1	2	19	0	2007
41	1	1	0	353	2009
42	1	0	0	0	0
43	1	2	0	330	2007
44	1	1	0	357	2008
45	1	0	9	328	2008
46	1	1	24	354	2009
47	1	2	14	0	2006
48	1	2	10	330	2006
49	2	2	40	0	2005
50	1	2	18	352	2009
51	1	2	0	0	2009
52	1	1	18	350	2005
53	2	1	19	0	2005
54	1	1	0	351	2008
55	1	2	37	333	2007
56	2	1	5	345	2005
57	1	2	10	328	2007
58	1	1	0	351	2009
59	1	2	18	339	2007
60	1	2	0	353	2009
61	1	1	48	331	2006
62	1	0	0	0	0
63	2	1	5	330	2005
64	1	2	18	340	2007
65	1	2	10	332	2005
66	1	1	9	354	2008
67	1	1	40	349	2006
68	1	1	18	0	2007
69	2	2	42	0	2003
70	2	1	13	0	2005
71	1	1	33	0	2007
72	1	2	19	353	2009
73	2	2	42	0	2003
74	2	2	9	0	2004
75	1	1	11	352	2009
76	1	0	41	328	2008
77	2	2	0	0	2003
78	1	2	10	0	2009
79	2	2	0	0	2000
80	1	1	5	355	2009
81	2	0	41	0	2005
82	2	2	6	0	2005
83	1	1	22	0	2007
84	1	2	41	352	2009
85	2	1	9	0	2005
86	1	2	18	333	2007
87	1	1	40	0	2006
88	1	2	33	344	2007
89	1	1	4	338	2006
90	2	1	0	0	0
91	1	2	33	352	2008
92	1	2	19	352	2008
93	1	2	9	333	2006
94	1	0	0	0	0
95	2	2	7	0	0
96	2	1	5	337	2005
97	1	2	33	351	2007
98	2	2	18	350	2005
99	1	2	0	353	2009
100	1	1	41	334	2008
101	2	2	39	0	2004
102	1	2	0	334	2008
103	1	2	18	341	2008
104	1	0	0	340	2008
105	2	1	3	0	2005
106	1	2	0	352	2008
107	1	2	5	0	2006
108	1	2	10	353	2009
109	2	2	19	0	2005
110	1	2	0	352	2008
111	1	2	0	340	2007
112	2	1	19	0	2005
113	2	2	0	0	0
114	1	2	0	343	2008
115	2	2	40	351	2004
116	1	1	42	0	2006
117	1	1	0	0	2008
118	1	2	41	348	2008
119	1	1	0	341	2008
120	1	2	41	354	2008
121	2	2	3	0	2004
122	1	2	18	329	2008
123	1	2	40	353	2009
124	1	1	5	0	2006
125	2	2	10	0	2004
126	2	2	41	0	0
127	1	1	0	357	2009
128	2	1	24	0	2005
129	1	1	19	354	2009
130	2	1	6	0	2005
131	1	1	19	343	2006
132	2	1	42	353	2003
133	1	2	18	344	2008
134	1	2	9	354	2007
135	1	1	0	334	2008
136	1	1	9	355	2009
137	1	2	0	352	2009
138	1	2	0	341	2008
139	1	0	0	345	0
140	1	1	33	0	2005
141	1	2	36	331	2007
142	1	1	34	343	2007
143	2	1	9	346	2005
144	2	0	0	0	2005
145	1	2	24	353	2008
146	2	2	49	352	0
147	2	1	24	0	2005
148	1	1	0	353	2009
149	1	2	14	0	2007
150	1	1	41	342	2006
151	1	1	18	334	2008
152	1	1	10	336	2006
153	2	1	37	0	2005
154	3	2	34	0	0
155	2	1	42	0	2004
156	1	2	3	0	2007
157	2	2	37	0	2004
158	1	0	0	0	0
159	2	2	33	333	2003
160	2	1	18	0	2004
161	2	1	9	353	2003
162	1	1	19	331	2007
163	1	1	18	0	2007
164	1	2	10	341	2007
165	2	1	19	0	2005
166	1	0	0	0	0
167	2	0	5	0	2004
168	2	1	5	337	2005
169	1	2	18	0	2007
170	2	2	41	336	2004
171	1	1	4	337	2006
172	1	1	0	352	2008
173	1	0	0	338	2007
174	1	2	18	340	2008
175	2	2	24	334	1975
176	1	1	19	338	2008
177	2	1	44	0	2004
178	2	1	5	0	1999
179	2	0	0	0	0
180	1	1	42	353	2009
181	1	2	9	344	2007
182	1	1	41	353	2009
183	1	2	19	351	2008
184	1	1	9	343	2007
185	1	2	0	331	2007
186	1	2	40	341	2009
187	1	1	39	343	2008
188	2	1	19	0	2005
189	1	1	9	340	2006
190	1	2	18	0	0
191	1	1	42	331	2006
192	1	1	48	331	2007
193	2	1	9	0	2005
194	2	2	41	350	2002
195	1	1	9	353	2009
196	1	0	0	0	0
197	1	1	41	342	2006
198	1	1	3	340	2006
199	1	2	5	336	0
200	1	1	0	341	2008
201	2	1	18	352	2003
202	1	1	10	348	2008
203	1	1	6	341	2007
204	2	1	19	0	2005
205	1	2	0	351	2009
206	1	1	24	349	2006
207	1	0	0	0	0
208	1	1	5	359	2006
209	1	2	9	330	2006
210	1	1	10	351	2009
211	1	0	0	0	0
212	1	0	0	339	2008
213	1	2	41	354	2009
214	1	2	18	0	2006
215	1	1	24	0	2007
216	1	1	3	0	2007
217	1	0	0	0	0
218	1	1	42	355	2009
219	1	2	14	333	2007
220	1	1	24	357	2008
221	2	1	9	0	2004
222	1	2	0	0	2007
223	1	1	5	355	2008
224	1	2	19	333	2008
225	2	0	0	0	0
226	2	1	19	0	2004
227	1	2	18	340	0
228	1	1	31	344	2008
229	1	2	0	351	2009
230	1	2	18	347	2007
231	1	2	41	0	2006
232	1	1	19	353	2009
233	5	1	34	0	2004
234	1	1	9	336	2006
235	1	1	5	337	2006
236	1	1	0	348	2008
237	2	2	18	0	2005
238	1	1	33	343	2007
239	1	1	42	352	2009
240	2	2	33	349	2005
241	1	1	24	0	2006
242	1	1	19	340	2007
243	2	1	9	0	2004
244	1	1	0	333	2007
245	1	2	33	328	2008
246	2	2	42	0	2005
247	1	1	41	0	2006
248	1	1	10	349	2006
249	2	0	5	357	2004
250	1	1	5	352	2009
251	1	1	44	328	2007
252	1	1	41	342	2006
253	1	1	33	0	2006
254	1	1	19	335	2008
255	1	2	22	0	0
256	1	2	42	357	2008
257	1	1	9	338	2007
258	1	0	0	0	0
259	2	1	41	0	2003
260	1	2	0	352	2009
261	1	1	9	333	2006
262	1	1	0	355	2009
263	1	2	18	338	2007
264	2	2	18	0	2004
265	1	1	19	0	2007
266	1	1	0	0	2009
267	1	1	0	353	2008
268	1	2	0	334	2008
269	1	1	19	338	2008
270	1	2	18	352	2009
271	1	2	8	351	2008
272	2	2	0	0	2004
273	2	2	37	359	2005
274	1	0	0	347	2008
275	1	1	19	355	2008
276	1	2	13	0	2006
277	1	1	34	355	2009
278	2	1	41	0	2005
279	1	2	24	349	2008
280	1	2	37	0	0
281	1	2	24	353	2009
282	1	1	0	0	2008
283	1	1	0	357	2008
284	1	1	0	338	2007
285	1	2	9	354	2008
286	1	1	0	328	2008
287	1	1	3	0	2005
288	1	2	17	354	2008
289	1	1	0	335	2008
290	1	1	48	0	2008
291	2	1	9	349	2005
292	2	2	33	336	2005
293	1	0	0	0	0
294	2	1	41	0	2003
295	1	2	9	352	2009
296	1	2	37	343	2008
297	2	1	19	0	2004
298	1	1	19	343	2008
299	1	1	19	352	2009
300	1	1	0	334	2008
301	1	1	0	338	2006
302	1	2	14	344	2007
303	1	2	5	349	2008
304	1	2	9	344	2006
305	1	1	44	0	2007
306	1	2	7	0	2005
307	4	0	9	0	0
308	1	0	0	0	2007
309	2	2	42	0	2005
310	2	1	40	0	2005
311	2	1	42	358	2005
312	1	1	0	343	2007
313	1	2	39	0	2006
314	2	1	5	0	2004
315	2	0	0	0	0
316	2	1	5	0	2005
317	1	2	17	328	2007
318	2	1	19	0	2005
319	1	2	42	344	2007
320	1	2	18	0	2007
321	1	0	18	328	2007
322	1	1	0	0	0
323	2	0	18	0	2003
324	2	2	41	336	2003
325	1	2	48	353	2009
326	1	0	0	0	0
327	2	2	10	0	0
328	1	1	0	352	2009
329	1	2	18	343	2008
330	2	2	18	0	2005
331	1	2	0	352	2009
332	1	1	4	331	2006
333	1	2	10	0	2007
334	1	1	18	354	2007
335	1	1	41	0	2006
336	1	1	18	352	2009
337	2	1	42	0	2004
338	1	1	5	331	2007
339	1	1	42	345	2004
340	1	2	33	352	2009
341	1	2	24	338	2007
342	1	2	18	355	2009
343	1	1	3	334	2007
344	1	2	19	328	2007
345	1	2	24	355	2009
346	1	1	5	353	2008
347	1	1	0	353	2009
348	1	1	19	351	2009
349	1	2	18	348	2008
350	1	1	41	352	2009
351	1	1	0	352	2008
352	1	2	9	351	2006
353	1	2	19	355	2008
354	1	2	37	351	2008
355	1	1	13	353	2009
356	1	2	24	331	2007
357	1	1	42	353	2006
358	2	1	19	0	2005
359	1	2	9	345	2006
360	2	2	11	353	2002
361	1	2	33	330	2006
362	1	1	9	351	2009
363	1	2	5	330	2007
364	1	1	18	357	2009
365	1	1	0	348	2008
366	1	0	7	0	0
367	1	1	44	343	2007
368	1	1	42	328	2008
369	1	1	18	343	2008
370	1	1	8	354	2009
371	1	2	18	341	2008
372	1	1	0	352	2009
373	1	1	10	334	2008
374	2	2	18	0	2002
375	2	2	37	358	0
376	2	2	41	0	2004
377	2	2	9	349	2002
378	1	1	0	0	0
379	1	0	5	331	2007
380	1	1	0	0	0
381	1	2	9	343	2007
382	1	2	19	352	2009
383	2	1	9	0	2005
384	1	1	0	353	2009
385	2	0	5	0	2005
386	1	2	41	349	2006
387	1	1	0	355	2008
388	1	1	0	352	2009
389	2	2	41	357	2004
390	1	1	4	334	2008
391	1	2	40	338	2006
392	1	1	5	355	2009
393	2	0	0	0	0
394	1	2	18	331	2006
395	1	0	0	0	0
396	1	1	0	351	2008
397	1	2	40	353	2009
398	1	2	18	343	2007
399	2	1	18	345	2004
400	1	2	18	347	2008
401	1	1	42	351	2009
402	2	2	14	0	1998
403	1	2	10	344	2007
404	1	1	19	338	2007
405	1	1	0	328	2008
406	1	1	10	344	2006
407	1	2	10	330	2006
408	1	1	9	352	2007
409	2	2	0	0	2004
410	1	1	19	330	2007
411	1	2	41	335	2006
412	2	2	41	0	2005
413	1	0	0	0	0
414	2	2	5	0	2005
415	1	1	0	328	2007
416	1	2	0	352	2009
417	1	2	19	338	2007
418	1	1	22	0	2007
419	1	1	53	336	2006
420	1	1	41	329	2006
421	2	2	18	337	2004
422	2	2	24	349	2004
423	2	2	3	337	2005
424	2	1	34	337	2005
425	2	2	4	0	2003
426	1	1	39	338	0
427	1	2	14	343	2008
428	1	2	18	347	2008
429	1	1	41	344	2008
430	2	1	33	333	2005
431	1	2	18	334	2008
432	2	2	37	344	2005
433	1	1	0	328	2008
434	1	1	43	344	2007
435	1	0	0	0	0
436	1	1	0	357	2008
437	1	2	0	328	2008
438	2	2	41	346	2004
439	2	1	5	357	2004
440	2	1	10	346	2005
441	1	2	18	338	2005
442	1	2	24	335	2006
443	2	2	24	342	2004
444	1	1	0	340	2007
445	1	1	5	341	2008
446	1	2	39	355	2009
447	1	1	0	343	2008
448	1	1	10	0	2006
449	2	2	0	0	2005
450	1	0	5	0	2006
451	1	1	24	337	2006
452	1	2	0	353	2009
453	1	2	0	344	2007
454	1	1	0	355	2009
455	2	1	42	0	2003
456	1	1	19	341	2008
457	1	1	33	348	2008
458	1	2	0	353	2009
459	1	2	10	349	2006
460	1	1	11	352	2009
461	1	2	0	339	0
462	2	1	19	0	2003
463	1	1	18	355	2007
464	1	2	0	334	2008
465	1	2	42	347	2005
466	1	2	24	336	2007
467	2	2	39	0	2004
468	1	2	19	0	0
469	1	2	0	352	2008
470	1	2	0	344	2008
471	2	2	39	0	2003
472	2	1	19	0	2005
473	1	1	0	354	2009
474	1	1	42	346	2006
475	1	1	0	354	2009
476	1	1	42	344	2006
477	1	2	18	353	2009
478	1	2	0	351	2009
479	1	2	41	0	2006
480	1	1	19	334	2008
481	1	2	41	355	2009
482	2	0	0	0	0
483	1	0	0	0	0
484	1	1	40	327	2008
485	1	1	4	0	2006
486	1	2	18	328	2007
487	1	2	33	0	2006
488	2	1	0	0	2004
489	1	1	9	0	2006
490	2	2	18	0	2005
491	2	2	14	0	2002
492	1	2	18	347	2008
493	1	2	19	350	2006
494	1	2	34	353	2009
495	2	1	3	0	2004
496	1	2	0	351	2009
497	2	2	42	0	2005
498	2	2	4	0	2005
499	1	0	7	341	2008
500	1	1	33	357	2009
501	2	1	5	0	2005
502	2	1	5	0	2005
503	1	1	0	352	2008
504	2	1	44	0	2003
505	2	2	13	0	2004
506	1	1	5	330	2006
507	1	1	5	0	2006
508	1	2	0	331	2006
509	2	1	18	0	2003
510	1	1	19	352	2007
511	1	2	53	352	2008
512	2	1	19	0	2005
513	2	2	42	338	2003
514	2	2	19	0	2004
515	1	2	41	344	0
516	2	1	19	0	2005
517	1	2	9	352	2009
518	1	1	0	343	2007
519	2	2	5	0	2003
520	1	1	6	343	2008
521	1	1	0	328	2008
522	1	1	0	338	2006
523	1	1	0	348	2008
524	1	1	0	355	2009
525	1	2	40	353	2009
526	2	1	42	0	2005
527	2	2	41	0	2000
528	1	2	41	0	2006
529	1	1	42	331	2006
530	2	2	9	0	0
531	1	1	0	334	2008
532	1	2	40	352	2009
533	4	1	5	0	2005
534	2	2	4	0	2003
535	1	1	18	330	2006
536	1	2	41	335	2006
537	2	2	14	0	2002
538	2	1	10	0	2005
539	1	2	18	353	2009
540	2	1	5	0	2005
541	1	1	19	0	2006
542	3	2	49	0	2010
543	1	1	43	328	2008
544	1	2	0	353	2009
545	1	2	18	355	2009
546	1	1	34	352	2009
547	2	0	0	0	2002
548	1	2	24	341	2008
549	2	2	44	0	2005
550	3	2	43	0	2004
551	1	2	49	354	2008
552	2	2	18	0	2005
553	1	2	40	330	2006
554	2	2	37	0	2004
555	1	1	0	351	2009
556	1	2	0	351	2009
557	2	1	19	0	2004
558	1	1	19	357	2009
559	2	1	42	0	2004
560	1	2	18	353	2009
561	1	2	13	0	2006
562	1	2	41	352	2009
563	1	2	33	337	2005
564	1	1	0	328	2008
565	2	2	42	347	2005
566	1	2	23	0	2007
567	1	1	0	344	2008
568	2	1	18	0	2004
569	2	1	4	359	2004
570	1	1	24	0	2009
571	1	2	37	328	2007
572	1	2	39	351	2008
573	1	2	24	355	2009
574	1	2	18	357	2009
575	2	2	18	357	2005
576	2	2	24	0	2003
577	2	1	42	0	2003
578	1	1	24	330	2005
579	1	1	33	0	2007
580	1	2	18	341	2007
581	1	1	41	340	2007
582	1	2	37	351	2008
583	1	2	0	0	2007
584	2	2	24	342	2005
585	1	1	24	328	2008
586	2	2	41	0	2003
587	1	1	0	343	2008
588	1	1	0	354	2009
589	1	2	33	351	2009
590	1	2	0	351	2009
591	1	0	41	0	0
592	2	2	33	0	2004
593	1	1	0	352	2008
594	2	2	19	0	2005
595	2	2	24	0	2004
596	1	1	0	353	2008
597	1	1	19	331	2007
598	1	0	39	0	0
599	1	1	19	344	2008
600	1	1	0	351	2009
601	1	0	52	334	0
602	1	1	0	334	2008
603	1	1	41	344	2006
604	1	2	48	358	0
605	1	2	0	353	2009
606	1	1	24	0	2006
607	1	2	18	0	2005
608	1	1	51	0	2006
609	1	2	0	351	2009
610	1	0	17	0	0
611	1	1	37	340	2007
612	1	1	24	0	2006
613	1	1	0	355	2008
614	1	1	3	338	2007
615	1	1	24	330	2007
616	1	0	0	0	0
617	1	0	0	348	2007
618	1	2	40	334	2008
619	1	1	24	354	2007
620	2	1	42	0	2004
621	2	0	0	0	0
622	1	2	0	351	2009
623	1	2	3	340	2007
624	2	1	0	352	2002
625	1	1	42	331	2006
626	1	2	33	0	2007
627	1	1	19	343	2008
628	1	0	38	338	2006
629	1	2	0	353	2008
630	1	2	0	355	2009
631	2	2	10	0	2005
632	1	1	9	335	2008
633	2	1	41	332	2004
634	1	2	33	353	2007
635	2	0	9	0	2004
636	1	0	0	0	0
637	2	2	0	0	2004
638	1	2	37	340	2007
639	2	1	41	335	2005
640	2	1	14	0	2002
641	1	1	24	337	2006
642	1	2	0	348	0
643	1	1	18	351	2007
644	2	1	41	0	2005
645	1	1	0	343	2008
646	1	1	0	355	2009
647	2	0	0	0	0
648	2	1	24	0	2005
649	1	2	18	328	2008
650	1	2	22	0	2009
651	1	2	14	344	2007
652	1	1	44	353	2006
653	1	1	19	355	2006
654	1	2	0	351	2008
655	1	1	34	354	2009
656	1	2	24	352	2009
657	1	2	0	353	2009
658	1	2	5	339	2007
659	1	2	8	343	2007
660	2	2	18	0	2005
661	1	2	0	352	2009
662	1	1	3	336	2006
663	1	1	9	340	2007
664	1	2	46	349	2010
665	1	2	10	0	2006
666	2	1	19	351	2004
667	4	1	0	0	0
668	1	2	11	328	2008
669	2	1	49	336	2005
670	1	1	42	344	2006
671	1	1	42	340	2007
672	1	2	24	353	2009
673	2	2	14	0	2003
674	1	1	42	0	2007
675	1	1	3	328	2007
676	2	1	19	0	2004
677	2	1	42	0	2004
678	1	1	0	355	0
679	1	2	41	0	2006
680	1	1	0	354	2008
681	1	2	18	330	2006
682	1	1	31	344	2006
683	1	1	41	0	2006
684	1	2	39	348	2007
685	1	2	0	353	2009
686	1	2	14	353	2009
687	2	1	9	0	2005
688	1	1	0	352	2009
689	1	1	6	329	2006
690	1	2	0	0	2006
691	1	1	0	334	2007
692	2	2	41	0	2004
693	2	1	18	329	2005
694	2	1	42	345	2004
695	1	1	42	343	2008
696	1	2	0	344	2008
697	1	2	9	330	2006
698	2	1	9	0	2005
699	1	2	41	334	2007
700	1	1	20	352	2009
701	5	0	0	0	0
702	1	1	33	352	2008
703	2	1	42	0	2005
704	1	1	9	339	2008
705	1	1	0	0	2006
706	2	0	0	0	0
707	1	1	22	331	2007
708	1	2	24	343	2008
709	1	1	0	331	2007
710	1	2	0	353	2008
711	1	2	7	330	2006
712	2	0	0	0	0
713	1	2	42	355	2009
714	1	0	0	0	0
715	1	0	5	340	2007
716	2	2	14	0	2005
717	1	2	7	343	2008
718	1	1	9	0	2006
719	1	2	18	346	2007
720	2	1	18	0	2005
721	1	1	10	342	2006
722	1	2	4	331	2006
723	1	2	0	351	2009
724	1	2	33	340	2007
725	1	2	39	344	2006
726	2	1	9	337	2004
727	1	2	24	0	2007
728	1	2	18	342	2006
729	1	2	0	0	2007
730	1	1	0	353	2008
731	1	2	18	334	2008
732	1	2	33	331	2006
733	1	2	40	355	2009
734	1	1	19	352	2009
735	4	2	0	0	0
736	2	2	19	352	2005
737	1	1	0	352	2009
738	1	1	0	346	0
739	2	1	41	357	2005
740	1	0	0	0	0
741	1	2	0	334	2008
742	1	2	9	343	2008
743	1	1	19	352	2007
744	2	1	0	0	2005
745	1	1	24	338	2006
746	1	1	40	0	0
747	1	1	19	340	2007
748	2	1	43	358	2003
749	0	0	0	0	0
750	1	1	24	355	1986
751	1	2	18	341	2008
752	2	1	0	0	0
753	1	2	24	328	2008
754	2	1	10	0	2005
755	2	1	18	0	2003
756	1	1	9	352	2009
757	1	1	42	355	2009
758	1	1	37	334	2008
759	3	2	37	0	0
760	1	2	33	344	2006
761	1	1	4	328	2008
762	1	1	48	346	2006
763	2	0	0	0	0
764	1	1	33	0	2007
765	2	2	0	0	2004
766	1	1	24	353	2008
767	1	1	13	0	2006
768	1	2	41	0	2006
769	1	1	42	0	2007
770	1	0	42	338	2007
771	1	2	0	353	2009
772	2	1	41	335	2003
773	1	2	9	353	2005
774	2	1	0	0	2004
775	1	2	9	354	2009
776	1	1	9	344	2010
777	2	2	39	0	2005
778	2	2	0	0	2003
779	2	2	14	353	2003
780	1	1	41	0	2008
781	1	2	42	329	2008
782	2	1	18	0	0
783	1	2	19	346	2006
784	2	1	0	0	2002
785	2	1	33	327	2005
786	1	0	0	0	0
787	1	2	0	352	2009
788	1	2	8	343	2008
789	1	1	22	330	2007
790	1	2	24	357	2009
791	2	1	10	0	2005
792	2	2	49	0	2004
793	2	0	0	0	0
794	1	2	52	352	2008
795	1	1	7	341	2008
796	1	1	19	0	2006
797	1	2	42	0	2006
798	1	2	35	334	2007
799	1	2	0	353	2008
800	4	1	0	0	0
801	1	1	0	352	2009
802	1	2	9	340	2007
803	1	1	42	0	2006
804	1	2	5	331	2006
805	1	1	24	344	2006
806	1	0	49	343	0
807	2	2	42	352	2003
808	1	1	40	352	2009
809	1	1	10	353	2006
810	1	1	0	355	2009
811	1	1	19	0	2008
812	1	2	24	334	2006
813	2	1	33	0	2004
814	1	2	0	0	2008
815	1	2	18	0	2006
816	2	2	42	0	2004
817	1	1	18	328	2007
818	1	1	33	0	2007
819	2	1	0	0	2005
820	2	0	0	0	0
821	1	1	5	341	2008
822	2	1	19	342	2005
823	1	2	9	338	2006
824	1	2	42	0	2007
825	1	1	0	348	2007
826	1	2	37	354	2009
827	2	1	18	0	2005
828	1	1	11	0	2007
829	1	1	0	357	2009
830	1	2	42	0	2006
831	2	1	9	0	2004
832	1	2	0	328	2008
833	1	2	9	352	2009
834	1	0	9	353	2009
835	2	2	41	337	2005
836	1	1	0	352	2009
837	2	1	5	0	2004
838	1	2	33	328	2008
839	1	1	0	357	2009
840	1	1	18	331	2006
841	1	2	18	331	2007
842	2	2	40	0	0
843	1	1	0	351	2009
844	2	2	0	0	2004
845	2	0	0	0	0
846	1	2	33	344	2006
847	1	1	3	0	2005
848	1	2	33	335	2006
849	2	0	0	0	2005
850	1	0	0	0	0
851	1	2	18	328	0
852	1	1	5	0	2006
853	1	1	4	335	2006
854	1	1	5	343	2008
855	1	2	9	355	2006
856	2	1	19	0	2005
857	2	2	9	0	2005
858	1	1	42	341	2008
859	2	2	37	0	2005
860	1	2	0	0	0
861	1	0	33	0	2006
862	1	1	0	343	2008
863	1	1	9	0	2008
864	1	0	0	0	0
865	1	2	33	352	2008
866	1	1	24	355	2009
867	2	2	33	0	2005
868	1	2	39	340	2007
869	1	1	19	351	2008
870	2	2	17	0	2005
871	2	2	33	354	2004
872	1	0	0	354	2007
873	1	2	41	353	2009
874	1	1	42	342	2006
875	1	2	42	0	2006
876	2	2	22	0	2003
877	2	1	42	0	2005
878	1	1	5	337	0
879	1	1	9	329	2006
880	1	1	44	343	2008
881	1	1	0	338	2007
882	1	2	41	350	2006
883	2	1	0	0	2004
884	2	1	18	0	0
885	1	2	18	351	2009
886	1	2	10	346	2008
887	1	2	42	334	2007
888	1	2	33	347	2008
889	1	1	0	334	2008
890	1	0	19	332	0
891	1	2	0	341	2008
892	1	1	24	353	2009
893	1	2	49	338	2007
894	2	2	41	340	2005
895	2	2	9	359	2005
896	2	2	41	0	2002
897	1	1	10	336	2006
898	2	1	42	353	2004
899	1	1	5	353	2008
900	1	1	13	0	2006
901	2	2	37	0	2005
902	1	2	17	344	2010
903	1	2	0	328	2008
904	2	1	42	0	2005
905	1	2	0	334	2008
906	1	1	18	352	2009
907	1	1	18	353	2007
908	1	1	42	0	2006
909	2	2	19	353	2004
910	2	1	18	349	2005
911	2	1	42	0	0
912	1	2	7	352	2008
913	2	2	18	0	2005
914	2	2	24	0	2004
915	2	1	41	0	2005
916	1	2	24	338	2006
917	1	1	5	343	2008
918	1	2	33	330	2007
919	1	2	5	341	2007
920	2	2	0	0	2004
921	2	1	41	335	2003
922	1	1	9	334	2007
923	1	1	24	0	2007
924	1	1	0	334	2008
925	2	1	0	332	0
926	1	2	40	352	2007
927	4	0	0	0	0
928	2	0	18	0	2005
929	2	1	0	0	2004
930	2	0	0	0	2004
931	1	1	37	352	2006
932	1	2	0	347	2008
933	1	1	0	341	2008
934	1	1	0	0	2008
935	1	1	18	355	2009
936	1	2	33	338	2006
937	1	0	19	0	2006
938	1	2	41	0	2006
939	3	2	18	0	0
940	1	2	41	343	2007
941	1	1	18	0	2007
942	1	2	4	0	2006
943	2	2	0	0	2004
944	1	1	5	0	2006
945	1	0	0	0	0
946	1	2	18	352	2009
947	1	2	42	0	2005
948	1	1	9	353	2007
949	2	1	5	0	2005
950	1	1	14	336	2006
951	1	0	0	0	0
952	1	2	41	0	2006
953	1	1	9	351	2009
954	1	1	18	327	2006
955	1	1	19	335	2008
956	1	2	41	350	2006
957	1	2	18	351	2009
958	1	1	41	0	2007
959	2	2	18	345	2005
960	1	1	9	338	2007
961	1	2	24	353	2008
962	1	2	8	351	2008
963	1	1	5	330	2006
964	1	0	0	0	2007
965	1	1	41	0	2006
966	1	1	0	341	2008
967	1	1	24	334	2006
968	1	2	18	352	2006
969	1	1	42	0	2006
970	1	1	0	0	2009
971	1	1	19	340	2007
972	1	2	41	328	2008
973	1	2	33	330	2007
974	1	1	0	352	2009
975	1	2	39	352	2009
976	1	1	33	351	2008
977	1	2	29	0	0
978	1	2	18	352	2009
979	1	0	0	0	0
980	1	1	40	351	2009
981	1	1	0	328	2008
982	1	1	19	339	2008
983	1	1	42	338	2007
984	1	1	9	355	2009
985	1	2	37	340	2008
986	1	2	39	353	2009
987	2	2	5	355	2004
988	1	1	42	328	2008
989	1	1	33	0	2006
990	1	1	19	0	2006
991	1	1	24	338	2007
992	1	1	0	355	2009
993	2	0	24	0	2005
994	1	0	18	349	2006
995	1	2	18	334	2007
996	1	1	41	353	2009
997	2	1	5	0	2005
998	1	1	24	335	2006
999	2	2	42	0	2005
1000	1	2	18	335	2005
1001	1	1	19	357	2009
1002	1	2	18	330	2008
1003	1	2	18	348	2007
1004	1	1	8	352	2009
1005	1	1	19	352	2009
1006	2	1	5	0	2004
1007	1	2	5	0	2006
1008	1	1	5	338	2007
1009	5	2	5	0	2005
1010	2	2	9	0	2005
1011	1	1	0	352	2009
1012	1	0	0	0	2008
1013	1	1	0	343	0
1014	1	1	20	343	2007
1015	1	2	34	333	2008
1016	1	2	18	0	2009
1017	1	0	3	0	2006
1018	2	2	0	0	2003
1019	1	1	0	335	2008
1020	1	2	10	340	2007
1021	1	1	41	329	2005
1022	2	1	22	0	2005
1023	1	1	19	352	2008
1024	1	2	0	353	2009
1025	1	2	10	327	2007
1026	1	2	18	0	2005
1027	1	2	0	352	2007
1028	1	0	33	343	2007
1029	2	2	41	0	2003
1030	1	2	0	351	2008
1031	1	2	18	351	2008
1032	1	2	10	329	2006
1033	1	2	13	0	2006
1034	2	0	0	0	0
1035	2	0	0	0	0
1036	1	1	19	332	2006
1037	1	2	0	352	2009
1038	1	2	9	354	2009
1039	1	1	0	353	0
1040	1	1	24	334	2008
1041	1	2	41	350	2006
1042	1	1	5	334	2008
1043	1	1	5	344	2006
1044	1	1	0	328	2008
1045	1	1	42	352	2009
1046	1	2	0	353	2008
1047	1	1	0	351	2008
1048	1	1	0	353	2009
1049	2	1	11	0	2005
1050	2	1	9	0	2004
1051	2	2	24	337	2005
1052	1	1	6	355	2008
1053	1	1	0	341	2007
1054	1	2	0	341	2008
1055	1	0	15	0	0
1056	1	2	9	355	2009
1057	1	1	24	335	2006
1058	1	2	42	353	2009
1059	2	2	37	0	2004
1060	2	2	18	350	2005
1061	2	2	5	0	2005
1062	1	2	9	336	2005
1063	1	2	0	340	2007
1064	1	2	9	352	2008
1065	1	1	9	335	2007
1066	1	1	0	341	2008
1067	2	2	39	335	2005
1068	1	1	42	353	2009
1069	1	2	16	0	2006
1070	1	2	37	343	2008
1071	1	1	20	344	2007
1072	2	2	18	0	2004
1073	1	1	19	0	2007
1074	2	2	5	337	2003
1075	2	1	52	0	2003
1076	1	1	8	353	2008
1077	1	2	39	341	2008
1078	1	0	9	0	0
1079	1	1	13	0	2006
1080	1	2	24	0	2006
1081	1	2	24	328	2008
1082	1	1	9	332	2006
1083	1	1	42	330	2008
1084	1	0	33	330	2006
1085	1	2	24	0	2006
1086	2	1	5	0	2005
1087	1	2	18	338	2006
1088	4	2	33	0	2007
1089	1	0	41	0	2006
1090	1	2	33	344	2007
1091	1	1	5	345	2006
1092	1	2	27	347	2007
1093	1	2	24	335	2006
1094	1	2	18	357	2009
1095	1	2	43	335	2006
1096	2	1	9	327	2005
1097	1	1	33	353	2009
1098	1	1	18	331	2007
1099	1	1	0	354	2009
1100	1	2	8	334	2007
1101	2	1	5	342	2005
1102	1	2	42	0	2006
1103	1	2	0	353	2009
1104	1	1	42	355	2007
1105	1	2	18	0	0
1106	1	1	41	334	2008
1107	1	2	0	330	2007
1108	1	1	0	355	2008
1109	1	1	0	353	2009
1110	2	1	3	330	2005
1111	2	2	18	0	2005
1112	1	1	0	354	2008
1113	1	2	0	353	2009
1114	1	1	9	340	2006
1115	1	0	38	0	0
1116	1	2	10	355	2009
1117	1	0	0	0	0
1118	1	1	0	351	2009
1119	1	2	37	358	0
1120	1	1	22	336	2006
1121	1	1	18	343	2008
1122	1	1	23	336	2007
1123	1	2	41	352	2007
1124	1	2	0	351	2009
1125	1	2	0	355	2009
1126	2	1	42	329	2005
1127	1	2	14	353	2009
1128	1	2	41	0	2006
1129	1	0	0	0	0
1130	1	2	37	338	2006
1131	1	2	0	347	2008
1132	1	2	18	0	2005
1133	1	2	19	352	2009
1134	2	1	33	332	2004
1135	1	2	0	344	2008
1136	1	1	42	0	2005
1137	1	2	37	353	2007
1138	1	1	42	344	2006
1139	2	0	33	0	2005
1140	1	1	9	351	2009
1141	1	0	18	0	0
1142	1	2	18	334	2007
1143	1	2	41	343	2008
1144	1	1	53	333	2007
1145	1	1	0	353	2009
1146	1	1	0	335	2008
1147	2	2	24	0	2003
1148	1	1	24	353	2006
1149	1	2	19	348	2008
1150	1	1	0	352	2009
1151	1	1	42	0	2006
1152	1	1	0	357	2008
1153	1	2	0	355	2009
1154	1	2	0	347	2008
1155	1	0	19	0	2006
1156	1	1	0	352	2008
1157	2	2	18	337	2005
1158	1	1	0	351	2009
1159	2	0	19	0	2005
1160	2	2	7	349	2005
1161	2	2	24	0	2005
1162	1	2	5	332	2006
1163	1	1	0	354	0
1164	1	2	24	0	2006
1165	1	1	0	357	2009
1166	2	1	49	0	2005
1167	1	1	9	343	2008
1168	1	2	42	0	2006
1169	1	2	19	337	2005
1170	1	0	0	0	0
1171	1	1	9	0	2006
1172	2	0	0	0	0
1173	1	1	0	353	2008
1174	2	1	41	349	2005
1175	2	2	0	0	0
1176	2	2	6	357	0
1177	1	1	42	0	2006
1178	1	2	0	0	0
1179	2	1	33	0	2005
1180	2	1	9	327	2005
1181	1	2	19	327	2007
1182	1	2	41	337	2006
1183	1	2	37	338	2006
1184	1	2	0	338	2006
1185	1	1	42	345	2008
1186	2	2	43	0	2004
1187	1	1	0	352	2009
1188	1	1	9	352	2006
1189	2	2	5	352	2003
1190	2	1	19	0	2002
1191	1	2	0	341	2008
1192	2	1	4	0	2005
1193	1	1	42	0	2007
1194	2	0	0	0	0
1195	2	2	0	0	2005
1196	1	0	19	342	2006
1197	2	1	5	347	2005
1198	1	1	18	338	2007
1199	1	1	8	341	2008
1200	2	2	38	0	0
1201	2	2	40	343	2004
1202	1	2	40	344	2008
1203	1	1	18	339	2006
1204	2	1	19	352	0
1205	2	1	5	352	2004
1206	1	2	19	0	2006
1207	1	1	39	333	2008
1208	1	1	11	344	2008
1209	1	2	17	328	2008
1210	1	1	42	352	2006
1211	2	1	24	0	2004
1212	1	1	8	352	2009
1213	2	1	3	0	2004
1214	2	1	5	0	2005
1215	1	2	10	357	2009
1216	2	2	40	0	2005
1217	1	2	0	347	2008
1218	1	1	9	354	2009
1219	1	2	22	340	2006
1220	2	2	0	0	0
1221	1	2	39	341	2008
1222	1	2	7	338	2006
1223	1	2	18	353	2007
1224	1	1	5	0	2006
1225	1	1	0	345	2008
1226	1	2	34	0	2008
1227	1	1	42	353	2009
1228	1	1	41	339	2006
1229	1	1	19	0	0
1230	1	0	0	0	0
1231	1	1	5	0	2006
1232	2	2	48	0	0
1233	1	1	19	335	2008
1234	1	1	5	334	2007
1235	1	2	18	353	2009
1236	1	1	0	352	2008
1237	2	1	33	0	2005
1238	1	1	0	352	2009
1239	1	1	11	352	2006
1240	1	2	33	355	2007
1241	1	1	0	351	2009
1242	1	0	0	0	0
1243	4	0	0	0	0
1244	1	1	0	334	2008
1245	1	1	0	355	2009
1246	1	2	18	345	2006
1247	1	2	3	327	2008
1248	1	2	18	341	2007
1249	2	1	41	0	2003
1250	2	1	42	0	2005
1251	1	1	18	353	2006
1252	2	0	0	0	0
1253	1	1	0	352	2009
1254	1	2	19	0	2006
1255	1	0	9	359	2006
1256	1	1	0	334	2008
1257	1	1	0	353	2009
1258	1	2	24	351	2009
1259	1	1	19	338	2006
1260	1	1	42	0	2006
1261	2	1	19	342	2005
1262	1	1	13	0	2006
1263	1	2	9	352	2009
1264	1	2	0	347	2008
1265	1	1	41	0	2007
1266	1	2	9	0	2005
1267	6	2	36	336	2010
1268	1	0	0	343	2007
1269	1	1	4	352	2009
1270	1	1	19	352	2009
1271	2	1	24	334	2005
1272	1	2	10	344	2007
1273	2	1	5	333	2005
1274	2	1	24	0	2005
1275	1	1	43	350	2006
1276	2	2	41	338	2002
1277	1	0	38	0	0
1278	2	1	42	0	2005
1279	1	1	0	353	2009
1280	1	0	39	338	2007
1281	1	2	38	327	2008
1282	1	1	0	341	2008
1283	2	1	9	351	2004
1284	4	0	0	0	0
1285	1	2	0	353	2009
1286	1	0	0	0	0
1287	2	2	10	342	2005
1288	1	2	0	0	2006
1289	1	1	0	354	2009
1290	1	2	2	348	2008
1291	1	1	42	0	2006
1292	2	1	49	0	2004
1293	2	2	37	0	2004
1294	1	1	5	333	2006
1295	1	2	0	352	2009
1296	1	2	48	340	2006
1297	1	1	18	334	2007
1298	1	1	14	344	2008
1299	1	2	42	348	2008
1300	2	2	24	0	2005
1301	1	1	0	341	2007
1302	1	1	27	355	2009
1303	2	2	24	0	2005
1304	1	2	18	345	2005
1305	1	0	0	0	0
1306	2	2	15	0	2004
1307	1	2	33	333	2006
1308	1	1	0	353	2009
1309	1	0	0	0	0
1310	1	2	18	353	2009
1311	1	0	24	0	2006
1312	2	2	10	0	2001
1313	1	2	0	0	0
1314	2	1	41	0	2005
1315	1	2	39	353	2006
1316	2	1	9	329	2005
1317	1	2	39	351	2008
1318	3	2	4	0	0
1319	2	2	33	0	2005
1320	1	1	6	355	2009
1321	1	1	42	341	2008
1322	1	2	0	343	0
1323	1	1	19	348	2007
1324	1	2	8	336	2006
1325	1	2	10	0	2006
1326	1	1	0	354	2009
1327	1	1	0	355	2009
1328	2	2	9	352	2004
1329	2	1	18	0	2003
1330	2	1	9	0	2005
1331	1	1	13	0	2007
1332	1	2	0	343	2008
1333	1	1	0	353	2009
1334	1	2	0	334	2007
1335	2	1	42	0	2005
1336	1	2	18	353	2009
1337	1	1	0	341	2008
1338	1	1	10	354	2009
1339	2	1	3	0	2005
1340	1	1	0	354	2009
1341	1	1	0	355	2009
1342	1	1	40	0	2007
1343	2	2	10	0	2005
1344	1	1	18	344	0
1345	1	1	41	353	2008
1346	1	1	5	343	2007
1347	1	1	40	353	2009
1348	1	1	0	352	2009
1349	1	2	40	344	2008
1350	2	1	19	327	2003
1351	1	2	18	331	2007
1352	1	2	41	0	2006
1353	1	2	41	338	2006
1354	1	2	17	330	0
1355	1	1	0	355	2009
1356	1	2	0	351	2009
1357	1	1	9	352	2007
1358	2	2	7	0	2005
1359	1	2	48	331	2007
1360	2	0	0	0	0
1361	2	2	42	0	2004
1362	2	1	33	0	0
1363	1	2	33	330	2006
1364	2	1	9	0	2004
1365	2	0	0	0	2004
1366	1	1	19	334	2006
1367	1	1	0	357	2009
1368	1	1	10	338	2008
1369	2	1	43	350	2005
1370	1	2	31	334	2008
1371	2	1	0	0	2004
1372	1	1	35	336	2006
1373	1	1	19	354	2009
1374	1	2	33	349	2006
1375	2	2	18	0	2005
1376	1	0	41	336	0
1377	2	1	24	350	2004
1378	1	1	41	0	2006
1379	1	1	5	0	2007
1380	1	1	0	353	2009
1381	1	1	24	331	2007
1382	1	1	48	353	2007
1383	2	1	40	0	2004
1384	1	1	0	357	2009
1385	2	2	42	0	2004
1386	1	1	8	355	2009
1387	1	2	3	0	2006
1388	1	0	18	328	2008
1389	2	2	33	347	2005
1390	1	1	0	0	2007
1391	1	1	0	340	0
1392	2	2	42	0	2003
1393	2	0	0	0	0
1394	1	2	10	0	2006
1395	1	2	33	330	2007
1396	2	2	18	0	2005
1397	1	1	19	0	2007
1398	2	1	14	0	2003
1399	1	1	11	0	2006
1400	1	0	18	0	0
1401	1	2	18	330	2007
1402	1	2	18	347	2007
1403	2	2	14	0	2004
1404	2	1	37	0	2005
1405	2	1	5	0	2004
1406	1	0	24	0	0
1407	1	0	17	357	2010
1408	1	2	9	341	2008
1409	1	1	5	333	2007
1410	2	1	28	347	2005
1411	1	1	34	353	2009
1412	2	0	0	0	0
1413	1	1	9	351	2009
1414	1	2	45	341	2007
1415	1	1	0	353	2008
1416	1	2	0	0	0
1417	2	1	34	0	2004
1418	1	1	33	344	2006
1419	1	1	41	330	2007
1420	1	2	18	331	2006
1421	1	2	0	351	2009
1422	1	1	0	352	2009
1423	1	2	0	352	2008
1424	1	1	41	333	2008
1425	1	0	0	0	0
1426	1	0	0	0	0
1427	1	2	41	334	2008
1428	1	2	0	328	2008
1429	2	1	37	0	2004
1430	1	1	5	340	2007
1431	1	1	0	355	2009
1432	4	0	0	0	0
1433	1	2	18	340	2008
1434	5	2	24	350	0
1435	1	2	39	352	2008
1436	2	2	7	0	2004
1437	1	2	33	343	2008
1438	1	1	17	350	2006
1439	1	2	18	339	2007
1440	1	1	0	348	2008
1441	1	2	14	332	2006
1442	1	1	42	340	2008
1443	1	1	24	344	2008
1444	1	1	5	0	2006
1445	1	1	44	355	2008
1446	2	2	18	358	2005
1447	1	2	19	351	2009
1448	1	1	0	353	2009
1449	2	2	19	332	2005
1450	1	2	19	329	2007
1451	1	2	9	330	0
1452	1	1	0	352	2009
1453	1	2	24	0	2006
1454	1	1	19	340	2006
1455	2	2	42	0	2005
1456	1	2	24	340	2007
1457	1	2	0	355	2009
1458	1	2	24	334	2008
1459	1	0	0	0	0
1460	1	2	33	330	2005
1461	1	2	18	353	2009
1462	1	0	0	0	0
1463	2	1	42	349	2005
1464	1	1	41	0	2007
1465	1	2	18	339	2007
1466	1	1	5	344	2006
1467	2	1	0	0	2004
1468	1	2	9	343	2008
1469	1	2	18	344	2008
1470	1	1	0	351	2009
1471	2	1	5	0	2003
1472	1	1	0	352	2009
1473	1	1	9	345	2007
1474	1	2	0	340	2008
1475	1	1	18	0	2007
1476	1	1	10	334	2007
1477	2	2	40	0	2005
1478	1	2	18	352	2009
1479	2	1	33	0	2005
1480	1	2	24	343	2008
1481	1	2	24	0	2006
1482	2	1	24	0	2005
1483	1	2	18	352	2009
1484	1	1	19	351	2007
1485	2	1	23	0	2003
1486	2	2	0	0	0
1487	1	2	10	345	2008
1488	5	1	11	0	0
1489	1	1	4	349	2006
1490	1	1	8	351	2009
1491	1	1	5	331	2006
1492	2	1	19	345	2005
1493	2	1	41	0	2005
1494	1	1	10	342	2006
1495	1	2	0	353	2008
1496	2	1	4	0	2005
1497	1	2	42	349	2006
1498	1	2	18	327	2008
1499	1	2	39	344	2006
1500	1	2	13	352	2009
1501	1	0	0	0	0
1502	1	2	18	338	2007
1503	1	0	0	0	0
1504	1	2	9	353	2007
1505	2	1	24	0	2004
1506	1	1	18	335	2008
1507	1	1	18	0	2006
1508	1	2	19	355	2007
1509	1	1	9	353	2007
1510	4	2	0	0	0
1511	2	2	33	0	2005
1512	1	2	24	331	2007
1513	1	1	0	355	2008
1514	1	1	9	334	2008
1515	1	2	10	352	2009
1516	2	1	42	0	2005
1517	2	2	41	338	2005
1518	1	1	18	335	2006
1519	1	1	0	341	2008
1520	1	1	40	0	2007
1521	1	1	9	331	2006
1522	1	2	18	348	2008
1523	1	1	9	340	2008
1524	1	1	0	348	2008
1525	2	1	19	0	2004
1526	1	2	0	328	2008
1527	1	1	0	347	2008
1528	1	0	0	0	0
1529	1	1	33	0	2006
1530	1	2	37	354	2009
1531	1	2	28	339	2008
1532	2	1	5	357	2004
1533	2	1	19	0	2004
1534	2	1	5	346	2005
1535	1	2	0	353	2009
1536	1	1	0	340	2007
1537	1	2	41	335	2006
1538	1	1	0	337	2006
1539	1	1	9	338	2007
1540	1	2	41	347	2007
1541	1	2	0	352	2009
1542	1	2	18	346	2006
1543	1	2	0	352	2009
1544	1	2	41	343	2008
1545	1	1	0	344	2008
1546	1	1	0	0	0
1547	2	1	0	0	0
1548	1	2	18	352	2009
1549	1	2	10	341	2007
1550	1	0	0	353	0
1551	2	2	42	0	0
1552	1	2	41	351	2009
1553	1	1	10	333	2008
1554	1	0	19	343	2008
1555	1	1	4	334	2007
1556	2	2	0	0	0
1557	1	1	43	344	0
1558	2	2	4	0	2004
1559	1	1	0	351	2009
1560	1	2	0	334	2008
1561	1	2	41	345	2006
1562	2	1	33	0	2004
1563	1	2	24	352	2009
1564	1	1	0	0	2009
1565	1	1	13	0	2007
1566	1	2	37	334	2008
1567	1	1	19	0	2007
1568	1	1	19	0	2006
1569	2	1	42	0	2004
1570	2	1	19	352	2002
1571	1	1	13	355	2009
1572	1	1	18	331	2007
1573	1	1	1	0	2007
1574	1	2	0	351	2008
1575	1	1	41	357	2009
1576	2	1	9	0	2005
1577	1	1	0	354	2009
1578	1	2	18	348	2007
1579	1	1	19	338	2007
1580	1	2	0	338	2007
1581	1	2	4	352	2009
1582	1	0	24	0	2007
1583	2	2	0	0	2004
1584	2	1	42	349	2004
1585	1	2	41	335	2005
1586	1	1	10	0	2006
1587	2	2	42	0	2001
1588	1	1	5	343	2008
1589	2	1	3	346	2005
1590	1	2	49	343	2008
1591	1	1	0	0	2006
1592	1	2	42	343	2008
1593	2	2	33	337	2004
1594	2	1	5	346	2005
1595	1	1	5	353	2007
1596	1	1	42	329	2006
1597	1	2	18	352	2009
1598	2	1	20	0	2003
1599	2	1	18	0	2004
1600	2	1	10	0	2005
1601	2	1	9	0	2004
1602	1	1	34	352	2009
1603	1	1	5	340	2006
1604	1	1	0	352	2009
1605	1	1	19	339	2006
1606	1	1	33	330	0
1607	2	0	0	0	0
1608	5	1	42	0	0
1609	2	0	0	0	0
1610	1	2	0	334	2008
1611	1	2	18	330	2007
1612	2	1	5	0	2005
1613	1	2	18	334	2007
1614	1	0	9	343	2007
1615	2	1	43	349	2005
1616	1	1	0	328	2008
1617	1	1	0	357	2009
1618	1	1	24	335	2006
1619	1	1	42	0	2006
1620	1	1	0	334	2008
1621	1	2	48	0	2006
1622	1	1	5	339	2007
1623	2	2	18	0	2005
1624	2	1	41	0	2005
1625	1	2	0	0	2007
1626	2	1	0	353	2002
1627	1	1	42	0	2007
1628	1	2	0	351	2009
1629	1	2	19	331	2007
1630	2	2	5	0	0
1631	1	2	9	342	2006
1632	1	1	0	354	2009
1633	2	2	5	0	2004
1634	1	2	18	346	2006
1635	1	2	9	345	2006
1636	1	1	19	334	2008
1637	1	2	41	328	2007
1638	1	2	0	341	2007
1639	1	2	4	344	2007
1640	1	1	18	331	2006
1641	1	1	0	339	2008
1642	1	2	18	344	2007
1643	1	1	3	0	2007
1644	1	1	24	344	2007
1645	2	1	0	0	2004
1646	2	1	42	0	2005
1647	1	2	41	0	2006
1648	2	1	42	0	0
1649	1	2	0	334	2007
1650	1	1	5	335	2006
1651	1	1	42	349	2006
1652	1	1	0	352	2009
1653	1	2	24	354	2009
1654	1	0	0	0	0
1655	1	1	0	353	2009
1656	1	2	41	340	2008
1657	2	1	19	357	2004
1658	1	1	42	338	2006
1659	1	2	41	351	2009
1660	1	2	18	344	2007
1661	1	1	15	0	2006
1662	1	1	0	352	2009
1663	1	2	0	328	2008
1664	1	2	0	351	2009
1665	1	2	14	348	2007
1666	1	0	0	0	0
1667	2	1	19	0	2004
1668	1	2	18	338	2006
1669	1	2	9	327	2006
1670	1	2	8	352	2009
1671	2	2	9	0	2005
1672	1	2	41	353	2009
1673	1	2	39	343	2008
1674	1	1	24	351	2009
1675	1	1	0	354	2009
1676	1	1	18	338	2007
1677	2	2	18	349	2003
1678	1	2	19	0	2005
1679	2	2	9	0	1997
1680	1	1	33	0	2006
1681	1	1	18	343	2007
1682	1	1	4	345	2005
1683	2	1	0	0	2004
1684	2	1	22	0	2004
1685	1	1	19	353	2009
1686	2	0	33	0	2005
1687	1	2	0	353	2009
1688	1	2	19	334	2007
1689	1	1	0	338	2007
1690	1	1	0	334	2008
1691	1	1	0	351	2008
1692	1	2	24	334	2007
1693	1	0	0	0	0
1694	2	2	5	345	2005
1695	1	1	11	341	2007
1696	2	0	0	0	0
1697	1	1	11	353	2008
1698	1	1	4	327	2006
1699	2	1	42	0	2005
1700	1	1	41	337	0
1701	2	2	42	0	2005
1702	1	1	19	351	2009
1703	1	2	18	328	2008
1704	1	1	4	330	2006
1705	2	2	20	0	2005
1706	1	2	0	353	2009
1707	1	1	42	353	2009
1708	1	1	13	340	2007
1709	1	2	33	357	2007
1710	1	1	4	0	2006
1711	1	1	31	355	2009
1712	1	1	0	351	2009
1713	1	2	9	335	2008
1714	1	0	0	0	0
1715	1	1	5	350	2006
1716	2	0	0	0	0
1717	2	2	9	351	2004
1718	1	1	5	0	2007
1719	1	2	10	352	2009
1720	2	2	18	336	2005
1721	2	2	40	0	2005
1722	1	2	49	352	2008
1723	1	2	31	341	2008
1724	2	2	14	352	2003
1725	2	0	0	0	0
1726	4	2	43	0	0
1727	1	1	0	353	2009
1728	1	1	4	0	2006
1729	1	2	18	348	2008
1730	1	2	9	334	2008
1731	2	2	9	353	0
1732	1	1	36	0	2010
1733	1	1	10	344	2008
1734	2	1	19	0	2004
1735	1	1	5	351	2009
1736	1	1	41	344	2008
1737	1	2	8	352	2009
1738	2	2	24	0	2005
1739	1	1	0	353	2009
1740	2	2	9	345	2005
1741	1	2	39	334	2007
1742	1	2	33	330	2007
1743	2	0	0	0	0
1744	1	1	42	338	0
1745	1	1	42	0	2006
1746	1	0	18	0	0
1747	1	2	33	348	2008
1748	1	1	33	339	2008
1749	1	2	39	0	2006
1750	1	2	38	0	2010
1751	1	1	37	333	2006
1752	1	1	33	339	2008
1753	2	1	19	0	2005
1754	1	1	24	0	2006
1755	2	1	0	0	2003
1756	1	1	41	334	2008
1757	1	2	0	341	2008
1758	2	1	13	345	2003
1759	2	0	0	0	0
1760	2	2	41	341	2004
1761	1	1	41	330	2006
1762	2	1	41	0	2004
1763	1	2	37	328	2008
1764	2	1	40	0	2005
1765	1	1	5	334	2008
1766	1	2	0	351	2009
1767	1	2	0	347	0
1768	2	1	9	0	2005
1769	1	0	0	0	0
1770	2	1	4	352	2004
1771	1	1	33	354	2009
1772	1	1	19	344	2007
1773	1	1	5	328	2008
1774	2	1	52	0	2005
1775	1	2	9	344	2007
1776	1	2	9	331	2006
1777	1	2	18	352	2008
1778	2	1	24	0	2004
1779	1	0	0	339	0
1780	1	1	0	348	2008
1781	2	1	0	0	2004
1782	1	2	24	327	2006
1783	1	2	18	328	2008
1784	1	2	14	336	2004
1785	1	2	18	338	2006
1786	1	1	18	334	2007
1787	1	1	5	0	2007
1788	1	1	9	333	2006
1789	2	1	41	344	2004
1790	1	1	9	352	2009
1791	1	1	24	349	2006
1792	1	1	5	341	2008
1793	1	1	33	353	2008
1794	1	1	9	0	2006
1795	1	1	0	344	2008
1796	1	2	18	338	2005
1797	2	2	24	0	2003
1798	2	1	42	0	2004
1799	1	0	0	0	0
1800	1	2	41	344	2007
1801	1	2	9	331	2007
1802	2	2	18	0	2002
1803	1	1	19	357	2007
1804	1	2	41	0	2006
1805	1	1	24	331	2006
1806	2	1	19	0	2004
1807	1	0	0	0	0
1808	2	0	0	0	0
1809	1	1	9	353	2006
1810	1	0	0	0	2007
1811	1	2	41	335	2008
1812	2	1	42	0	2004
1813	1	2	33	352	2009
1814	2	2	18	0	2005
1815	2	2	41	0	2004
1816	1	2	18	328	2008
1817	1	2	18	0	2006
1818	1	2	42	328	2008
1819	1	1	0	343	2008
1820	1	0	0	0	0
1821	1	2	0	355	2008
1822	2	1	42	0	2003
1823	1	2	19	335	2006
1824	1	1	5	331	2007
1825	2	1	42	0	2004
1826	1	1	8	352	2009
1827	1	2	37	328	2008
1828	1	1	5	338	2007
1829	1	2	33	352	2009
1830	1	2	22	351	2007
1831	1	2	49	0	0
1832	2	2	24	0	2005
1833	2	1	13	0	2004
1834	1	2	9	349	2006
1835	1	2	40	338	2007
1836	2	2	41	337	2005
1837	1	1	19	0	2007
1838	1	2	39	352	2009
1839	1	1	9	344	2008
1840	1	1	0	357	2009
1841	2	2	53	0	2005
1842	1	0	0	0	0
1843	1	1	44	331	2007
1844	1	1	5	350	2005
1845	2	2	9	342	2004
1846	2	0	0	0	0
1847	1	1	42	353	2009
1848	6	1	34	0	0
1849	1	2	0	355	2008
1850	1	1	19	344	2007
1851	2	2	4	0	2005
1852	2	2	24	335	2005
1853	1	1	9	328	2008
1854	1	1	0	336	2008
1855	1	1	0	355	2009
1856	1	0	7	357	2010
1857	1	1	0	331	2007
1858	1	1	0	0	2007
1859	1	1	20	336	0
1860	1	1	5	355	2009
1861	1	2	1	343	2007
1862	2	1	9	0	2002
1863	1	1	10	328	2007
1864	1	1	19	343	2007
1865	1	2	18	344	2007
1866	1	2	18	328	2007
1867	1	2	5	338	2006
1868	1	2	18	0	2007
1869	1	0	42	328	2008
1870	1	2	0	343	2008
1871	1	2	34	353	2009
1872	1	2	0	341	2008
1873	2	1	42	0	2005
1874	1	1	0	353	2009
1875	1	1	0	346	2007
1876	1	1	0	329	0
1877	1	2	18	340	2008
1878	1	2	0	355	2008
1879	1	2	9	350	2006
1880	1	2	18	338	2007
1881	1	1	24	334	2008
1882	1	2	0	346	2008
1883	5	2	10	346	2010
1884	2	2	37	0	2005
1885	2	2	42	0	2004
1886	1	1	9	353	2006
1887	1	2	41	340	2007
1888	1	1	0	352	2009
1889	1	1	40	0	2006
1890	2	2	42	0	2005
1891	1	1	0	334	2008
1892	1	2	10	340	2007
1893	1	1	0	343	2008
1894	4	2	21	0	0
1895	2	0	41	339	2005
1896	2	1	5	0	2004
1897	1	2	0	334	2007
1898	1	2	18	328	2008
1899	1	1	5	338	2006
1900	2	2	24	0	2005
1901	1	2	0	357	2008
1902	1	1	42	0	2006
1903	1	1	42	340	2006
1904	2	2	9	342	0
1905	2	1	50	348	1900
1906	1	2	24	352	2009
1907	2	1	7	0	2004
1908	1	1	13	0	2006
1909	1	2	18	351	2009
1910	2	2	11	349	2005
1911	1	2	24	330	2006
1912	1	2	18	344	2007
1913	2	1	0	0	2004
1914	1	1	24	0	2007
1915	4	0	0	0	0
1916	1	2	18	351	2009
1917	2	1	4	0	2005
1918	1	1	9	348	2008
1919	1	1	4	0	2007
1920	1	1	0	0	0
1921	2	1	42	0	2004
1922	1	1	5	338	2007
1923	1	1	9	353	2009
1924	1	2	34	341	2008
1925	1	1	33	0	2007
1926	2	2	14	0	2005
1927	2	1	5	0	2004
1928	1	1	18	351	2009
1929	2	1	41	0	2004
1930	1	2	18	331	2007
1931	2	1	42	0	2004
1932	1	2	18	338	2007
1933	1	0	0	0	0
1934	1	2	19	340	2007
1935	1	2	41	331	2007
1936	2	2	41	0	2005
1937	1	1	42	348	2008
1938	2	2	9	358	2005
1939	1	1	0	353	2009
1940	1	0	24	339	2006
1941	1	2	18	338	2006
1942	2	2	0	343	2004
1943	1	1	5	349	2006
1944	1	2	9	0	0
1945	1	1	42	341	2008
1946	1	1	0	352	2007
1947	1	2	9	333	2007
1948	1	2	39	352	2007
1949	2	1	41	0	2005
1950	2	1	18	0	2004
1951	1	2	39	353	2006
1952	1	1	18	351	2009
1953	2	1	0	0	2005
1954	1	2	0	352	2009
1955	2	0	0	0	2004
1956	2	2	43	346	2003
1957	2	1	3	347	2005
1958	1	1	33	343	2008
1959	1	1	41	351	2007
1960	2	2	11	0	2005
1961	1	2	14	333	2007
1962	5	1	41	336	0
1963	1	1	42	0	2006
1964	1	1	0	354	2009
1965	1	0	41	0	2007
1966	1	2	35	351	2009
1967	2	1	10	0	2003
1968	1	1	40	328	2008
1969	1	0	0	343	2007
1970	2	0	0	0	2005
1971	1	2	37	353	2009
1972	1	1	41	353	2009
1973	1	1	9	357	2008
1974	1	2	0	346	2008
1975	1	2	19	334	2008
1976	1	1	48	338	2007
1977	1	2	5	0	2008
1978	1	1	0	343	2008
1979	1	1	9	353	2009
1980	1	2	37	327	2008
1981	1	1	0	345	2008
1982	1	1	0	352	2009
1983	1	2	18	338	2006
1984	2	2	0	0	2002
1985	1	1	42	353	2009
1986	1	0	9	0	2008
1987	5	2	10	0	0
1988	1	1	18	337	2006
1989	4	2	43	0	0
1990	2	1	5	339	2005
1991	1	2	0	351	2009
1992	1	1	0	354	2009
1993	1	2	18	0	2008
1994	2	1	42	0	2003
1995	2	1	5	351	2005
1996	1	2	17	353	2008
1997	1	1	9	337	2006
1998	1	1	41	352	2009
1999	2	2	39	330	2005
2000	2	2	18	0	2005
2001	1	2	34	351	2009
2002	1	2	18	341	2008
2003	1	2	9	348	2008
2004	2	2	19	0	2005
2005	1	1	0	328	2008
2006	1	1	0	353	2009
2007	1	2	24	344	2006
2008	1	0	0	0	0
2009	1	2	19	353	2009
2010	2	2	41	0	2003
2011	2	1	18	0	2004
2012	1	1	30	351	2009
2013	1	0	0	0	0
2014	1	2	18	329	2008
2015	1	2	0	328	2008
2016	1	2	0	0	2006
2017	2	1	5	0	0
2018	1	2	10	351	2008
2019	2	1	3	0	2005
2020	1	2	3	342	2006
2021	1	1	42	351	2009
2022	1	1	5	348	2007
2023	1	1	0	354	2009
2024	1	2	24	357	2009
2025	1	2	0	343	2008
2026	1	1	0	0	0
2027	1	1	0	355	2009
2028	2	1	40	0	0
2029	1	2	18	0	2006
2030	1	2	40	331	2007
2031	1	1	5	333	2007
2032	2	1	19	339	2005
2033	1	2	0	352	2009
2034	1	2	41	357	2009
2035	1	1	19	344	2006
2036	2	1	19	0	2003
2037	1	1	44	351	2009
2038	1	1	5	331	2006
2039	2	1	41	0	2005
2040	1	1	3	0	2007
2041	1	0	4	0	2006
2042	1	2	19	0	0
2043	1	2	8	351	2008
2044	1	1	3	353	2008
2045	2	1	7	0	2004
2046	2	2	33	0	2004
2047	1	1	0	0	2006
2048	1	0	0	0	0
2049	1	1	17	339	2008
2050	1	2	9	0	0
2051	1	1	9	348	2008
2052	2	1	5	0	2005
2053	1	2	14	355	2007
2054	1	1	41	338	2007
2055	1	2	0	353	2008
2056	1	2	36	0	2007
2057	1	1	11	334	2007
2058	1	1	42	344	2007
2059	1	1	18	344	2007
2060	1	2	6	349	2004
2061	2	2	5	0	2005
2062	2	1	19	0	2003
2063	1	2	40	328	2008
2064	1	1	18	0	2008
2065	2	0	0	0	0
2066	2	2	14	347	2003
2067	1	1	0	328	2007
2068	2	2	16	0	0
2069	2	2	41	337	2004
2070	1	1	41	328	2007
2071	1	1	19	0	2007
2072	1	2	42	350	2006
2073	1	2	33	0	2007
2074	1	2	5	333	2006
2075	4	2	0	0	0
2076	1	2	0	337	2010
2077	1	1	0	344	2007
2078	1	1	9	342	2006
2079	2	2	19	0	2003
2080	1	2	0	0	2006
2081	1	0	0	0	0
2082	1	1	19	0	2005
2083	1	0	35	0	0
2084	1	2	17	0	2007
2085	1	1	0	352	2009
2086	2	2	18	0	2004
2087	1	0	0	0	0
2088	1	2	10	344	2006
2089	1	2	8	358	2006
2090	1	1	0	353	2009
2091	1	1	19	0	0
2092	1	2	0	353	2009
2093	1	1	45	332	2006
2094	1	0	0	0	0
2095	1	2	10	346	2006
2096	1	1	19	338	2007
2097	2	2	19	337	2005
2098	1	1	17	332	0
2099	2	1	22	0	2005
2100	1	1	5	338	2006
2101	1	2	18	338	2007
2102	2	2	24	347	2004
2103	1	1	9	351	2008
2104	4	2	0	0	0
2105	1	1	37	335	2007
2106	1	1	0	327	2007
2107	1	2	19	0	0
2108	1	2	0	351	2008
2109	2	1	24	0	2004
2110	1	1	22	330	2006
2111	1	2	0	343	2007
2112	1	0	0	0	0
2113	6	0	0	0	0
2114	1	0	5	331	2007
2115	1	1	37	358	2006
2116	1	2	9	346	2008
2117	1	0	44	333	2006
2118	2	1	42	0	2005
2119	1	2	24	353	2009
2120	2	1	42	345	2003
2121	1	2	18	336	2006
2122	1	0	9	357	2009
2123	1	1	19	352	2009
2124	1	2	7	341	2008
2125	1	2	9	0	2006
2126	2	1	41	329	2005
2127	2	2	33	0	2005
2128	1	2	18	351	2009
2129	2	2	37	0	2005
2130	1	1	19	334	2008
2131	1	1	33	340	2008
2132	1	0	10	344	2006
2133	4	0	0	0	0
2134	1	1	0	353	2008
2135	1	2	0	328	2008
2136	1	1	42	330	2007
2137	1	1	5	349	2007
2138	1	1	18	353	2008
2139	1	1	9	353	2009
2140	2	2	18	351	2005
2141	2	1	0	0	2005
2142	1	2	10	0	2007
2143	2	2	8	0	2005
2144	1	2	34	344	2006
2145	1	2	41	344	2008
2146	1	1	5	344	2006
2147	1	2	18	0	2007
2148	1	0	0	0	0
2149	1	1	45	342	2006
2150	2	0	0	0	0
2151	1	2	22	328	2007
2152	1	1	24	0	2007
2153	1	2	22	331	2007
2154	1	1	41	347	2008
2155	1	1	9	344	2006
2156	4	2	0	0	0
2157	1	1	9	0	2006
2158	1	0	0	0	2009
2159	1	1	3	335	2006
2160	1	1	0	352	2009
2161	1	0	0	0	0
2162	1	1	0	338	2007
2163	1	1	0	353	2009
2164	2	2	5	337	2005
2165	1	1	44	339	2006
2166	1	1	0	333	2007
2167	1	1	18	352	2009
2168	1	1	11	349	2006
2169	2	1	39	330	2004
2170	1	2	24	0	2007
2171	1	1	19	341	2008
2172	2	2	33	338	2005
2173	1	2	0	351	2009
2174	2	1	41	0	2005
2175	1	1	19	338	2007
2176	1	1	19	338	0
2177	1	2	37	346	2008
2178	1	2	53	353	2009
2179	1	1	0	353	2009
2180	4	0	0	0	0
2181	1	1	9	351	2009
2182	1	2	18	345	2006
2183	1	2	39	353	2007
2184	1	2	34	336	2006
2185	1	1	19	352	2007
2186	1	0	0	351	2008
2187	2	1	19	0	2005
2188	1	1	0	335	2008
2189	1	1	9	351	2009
2190	1	2	18	354	2008
2191	1	2	43	335	2008
2192	1	1	44	0	2005
2193	2	1	18	0	2004
2194	1	1	18	0	2005
2195	1	1	9	351	2007
2196	1	2	37	352	2009
2197	1	1	42	340	2007
2198	1	2	10	334	2008
2199	1	2	18	338	2006
2200	1	0	18	0	2006
2201	2	2	0	0	1973
2202	1	0	0	0	0
2203	1	2	0	331	2007
2204	1	2	0	353	2008
2205	1	2	15	0	2007
2206	1	2	14	351	2009
2207	1	2	0	351	2009
2208	1	2	18	0	2007
2209	2	2	0	0	2003
2210	1	2	37	328	2007
2211	2	2	41	0	2005
2212	1	1	42	0	2007
2213	1	1	22	344	2007
2214	1	2	0	335	2006
2215	1	1	0	353	2009
2216	6	2	12	0	2007
2217	2	1	0	0	2003
2218	2	2	34	0	2004
2219	2	2	19	337	2005
2220	1	2	41	0	2006
2221	1	1	4	359	2006
2222	1	2	0	334	2008
2223	1	1	19	348	2007
2224	1	1	19	352	2009
2225	1	1	4	0	2006
2226	1	1	41	328	2008
2227	2	2	18	0	2005
2228	2	0	0	0	0
2229	1	2	18	352	2009
2230	1	1	0	341	2008
2231	1	1	9	327	2006
2232	2	2	24	0	2003
2233	1	1	0	352	2009
2234	1	2	0	355	2009
2235	1	1	18	0	2006
2236	1	1	0	338	0
2237	1	2	4	0	2006
2238	2	2	42	0	2004
2239	1	1	24	344	2006
2240	1	2	0	352	2009
2241	2	2	24	0	2004
2242	2	2	19	349	2005
2243	1	2	33	331	2007
2244	1	2	24	0	2006
2245	2	2	19	0	2004
2246	1	1	0	354	2009
2247	1	2	11	354	2009
2248	2	0	0	0	0
2249	1	2	0	351	2009
2250	2	2	0	0	0
2251	2	2	33	0	2004
2252	1	2	43	350	2006
2253	1	1	0	352	2008
2254	1	1	0	343	2008
2255	2	1	41	0	2004
2256	1	1	0	357	2009
2257	1	1	10	355	2006
2258	1	1	10	333	2006
2259	1	0	0	0	0
2260	1	1	9	355	2009
2261	1	2	18	351	2009
2262	1	1	0	334	2008
2263	1	1	19	348	2007
2264	1	2	41	334	2008
2265	2	2	42	0	2002
2266	1	1	24	338	2006
2267	1	1	41	349	2006
2268	2	2	41	0	2004
2269	1	0	24	0	2006
2270	2	0	0	0	0
2271	1	1	0	353	2009
2272	2	2	18	0	2005
2273	1	2	0	357	2009
2274	2	2	19	0	2004
2275	1	2	18	352	2009
2276	1	2	18	333	2008
2277	4	2	24	0	0
2278	1	2	13	334	2007
2279	1	2	41	338	2006
2280	1	1	40	353	2009
2281	1	1	24	331	2007
2282	3	2	49	327	2006
2283	1	0	0	0	2007
2284	1	2	24	0	2005
2285	2	1	41	0	2005
2286	1	2	10	354	2009
2287	2	1	48	332	2003
2288	1	1	43	0	2006
2289	1	2	33	352	2009
2290	1	2	9	352	2009
2291	1	2	40	340	2007
2292	1	1	0	354	2009
2293	1	2	19	339	2008
2294	1	1	33	338	2006
2295	2	2	41	0	2005
2296	1	1	0	348	2008
2297	1	2	0	338	2006
2298	1	2	0	355	2009
2299	1	1	9	353	2009
2300	2	1	5	336	2003
2301	1	2	24	347	2007
2302	2	2	19	0	2005
2303	1	1	9	353	2006
2304	1	1	42	334	2008
2305	1	1	0	346	2007
2306	1	1	0	348	2008
2307	1	2	18	327	2006
2308	1	1	45	0	2007
2309	2	2	19	0	2005
2310	1	2	42	352	2009
2311	1	1	52	337	2006
2312	1	1	0	0	2009
2313	2	1	42	0	2004
2314	1	1	5	0	2007
2315	1	1	10	355	2009
2316	1	0	43	354	2007
2317	1	1	9	0	2007
2318	1	1	0	351	2009
2319	1	2	24	0	0
2320	1	1	19	0	2007
2321	1	2	18	0	2006
2322	1	1	10	331	2007
2323	1	1	9	331	2006
2324	1	2	18	342	2006
2325	1	2	35	342	0
2326	1	2	0	354	2009
2327	1	1	13	340	2007
2328	1	1	0	0	2007
2329	2	2	24	335	2005
2330	1	1	0	341	2008
2331	1	1	19	349	2006
2332	1	1	24	351	0
2333	2	2	18	0	2004
2334	1	1	0	351	2009
2335	2	1	42	0	2003
2336	1	1	34	347	2006
2337	1	1	19	352	2009
2338	1	2	41	350	2006
2339	1	1	9	328	2008
2340	1	1	0	353	2009
2341	1	1	5	0	2007
2342	1	1	0	346	2008
2343	2	2	42	347	2005
2344	1	1	19	0	2006
2345	1	2	0	339	2008
2346	2	1	5	0	2004
2347	1	2	41	331	0
2348	1	1	5	344	2007
2349	1	2	37	344	2008
2350	1	2	0	327	2008
2351	2	2	40	349	2001
2352	1	1	10	327	2008
2353	1	1	0	0	2009
2354	2	1	19	353	2004
2355	1	2	0	353	2009
2356	1	1	24	0	2007
2357	1	2	0	0	2007
2358	1	0	0	0	0
2359	1	1	42	335	2008
2360	1	2	37	0	2006
2361	2	1	41	0	2005
2362	1	1	18	340	2008
2363	2	2	5	0	2004
2364	1	1	0	339	2008
2365	1	2	18	338	2006
2366	1	1	40	341	2007
2367	4	0	0	0	0
2368	2	2	9	0	2005
2369	1	1	22	355	2009
2370	1	2	33	334	2007
2371	1	0	24	328	2007
2372	1	1	0	354	2009
2373	3	1	48	0	0
2374	2	2	14	330	2005
2375	1	2	41	351	2006
2376	1	1	0	355	2009
2377	2	1	0	0	2005
2378	1	1	42	352	2009
2379	1	2	18	351	2007
2380	1	1	18	330	2006
2381	1	2	17	340	2006
2382	1	2	24	338	2006
2383	1	2	33	352	2009
2384	2	1	0	0	2002
2385	2	2	18	0	2004
2386	2	1	18	0	2005
2387	1	2	19	334	2008
2388	1	0	0	359	2008
2389	2	2	24	329	2003
2390	4	2	0	0	0
2391	2	2	7	353	2002
2392	1	1	9	349	2006
2393	2	2	0	0	2004
2394	1	1	18	338	2007
2395	1	2	10	327	2007
2396	1	2	18	334	2007
2397	2	2	14	0	2003
2398	2	1	4	0	2004
2399	1	2	0	327	2008
2400	1	0	42	0	2005
2401	1	2	38	346	2008
2402	1	2	0	339	2008
2403	2	2	9	347	2004
2404	2	1	19	336	2005
2405	1	2	9	352	2007
2406	2	0	0	0	0
2407	1	0	19	351	2007
2408	2	1	13	352	2005
2409	2	2	41	0	2005
2410	2	2	10	333	2005
2411	1	1	33	0	2007
2412	1	2	18	0	2007
2413	1	2	5	344	2007
2414	1	1	9	331	2007
2415	1	2	0	352	2009
2416	2	2	18	0	2005
2417	1	2	0	352	2008
2418	1	2	24	333	2008
2419	2	2	33	0	2004
2420	1	2	10	347	2007
2421	1	1	37	0	2008
2422	2	1	19	0	2005
2423	1	2	0	335	2008
2424	2	0	0	0	0
2425	1	0	0	328	0
2426	1	0	18	0	2006
2427	1	2	18	331	2006
2428	1	2	10	353	2008
2429	1	2	52	334	2008
2430	1	2	41	0	2006
2431	1	2	0	354	2009
2432	1	1	19	351	2009
2433	2	1	42	0	2004
2434	1	2	24	341	2007
2435	1	2	0	352	2009
2436	1	2	41	0	2007
2437	1	2	24	353	2007
2438	1	2	18	344	2007
2439	1	1	7	331	2007
2440	2	2	23	0	2003
2441	1	1	0	339	2008
2442	1	1	33	327	2008
2443	1	0	0	357	0
2444	1	2	18	355	2009
2445	2	2	34	0	1950
2446	1	2	24	334	2007
2447	1	1	0	351	2009
2448	1	2	37	359	2005
2449	1	2	34	328	2008
2450	1	2	33	351	2006
2451	1	1	33	333	2004
2452	1	2	42	353	2009
2453	3	0	0	0	0
2454	6	1	27	334	2007
2455	1	2	41	0	0
2456	2	1	24	0	2005
2457	1	1	33	337	2006
2458	1	1	3	334	2006
2459	1	1	0	351	2009
2460	1	0	0	0	0
2461	2	2	19	336	2004
2462	1	2	19	352	2007
2463	1	1	24	341	2008
2464	2	2	41	0	2005
2465	1	1	0	357	2008
2466	4	0	0	0	0
2467	2	2	33	347	2005
2468	2	2	41	0	2005
2469	1	2	42	343	2007
2470	1	1	5	341	2007
2471	1	2	9	339	2007
2472	4	0	0	0	0
2473	1	1	7	344	2010
2474	1	0	5	0	2005
2475	1	1	19	350	2005
2476	1	1	5	0	2006
2477	2	1	4	352	2004
2478	1	2	0	355	2009
2479	2	1	19	0	2003
2480	1	1	41	335	2006
2481	1	2	19	330	2006
2482	2	0	44	0	2005
2483	1	2	22	0	2007
2484	1	0	10	0	0
2485	1	0	0	0	0
2486	1	1	33	343	2008
2487	1	2	9	328	2007
2488	1	2	39	330	2006
2489	1	2	18	351	2009
2490	1	2	18	342	2007
2491	3	0	34	0	0
2492	1	2	34	351	2007
2493	1	1	0	0	2009
2494	1	1	42	0	2006
2495	1	2	0	352	2009
2496	1	1	19	353	2009
2497	1	0	19	334	2007
2498	2	1	42	351	2004
2499	1	2	24	0	2005
2500	1	1	0	351	2009
2501	1	1	18	343	2006
2502	2	1	24	0	2005
2503	1	1	0	328	2008
2504	1	0	0	353	2008
2505	1	1	0	353	2009
2506	1	2	0	352	2009
2507	1	2	24	331	2007
2508	1	1	5	357	2007
2509	1	1	20	341	2008
2510	4	2	17	0	0
2511	1	2	39	353	2009
2512	1	0	0	354	2009
2513	2	1	0	0	0
2514	1	2	0	353	2009
2515	1	2	0	352	2008
2516	1	1	42	351	2007
2517	1	2	18	348	2008
2518	1	2	41	340	2008
2519	1	2	24	0	2006
2520	1	1	10	0	2005
2521	1	0	18	348	2008
2522	1	2	0	348	2008
2523	1	2	19	335	2008
2524	2	1	18	353	2003
2525	1	2	9	351	2009
2526	2	1	0	0	2004
2527	1	1	0	357	2008
2528	1	1	44	352	2009
2529	2	2	41	0	2002
2530	1	2	0	0	2006
2531	1	2	17	347	2008
2532	2	2	41	0	2003
2533	2	1	19	0	2004
2534	1	2	9	355	2008
2535	1	1	3	329	2006
2536	1	1	44	339	2008
2537	1	1	18	0	2005
2538	2	1	9	330	2004
2539	1	1	0	334	2008
2540	2	1	19	0	2004
2541	1	0	0	0	0
2542	2	1	9	0	2005
2543	1	1	19	334	2007
2544	1	1	0	357	2009
2545	1	2	40	331	2007
2546	1	2	39	351	2009
2547	2	1	41	0	2004
2548	1	2	42	340	2006
2549	1	1	9	348	2008
2550	1	1	0	355	2009
2551	2	1	18	0	0
2552	1	2	42	349	2006
2553	1	2	0	353	2009
2554	1	1	34	351	2009
2555	1	1	0	0	2009
2556	1	2	39	351	2009
2557	1	1	0	343	2008
2558	5	1	0	348	0
2559	1	1	18	334	2008
2560	1	2	19	0	2007
2561	1	2	24	340	2008
2562	1	1	9	352	2008
2563	2	1	18	357	2005
2564	1	1	9	343	2008
2565	1	0	0	0	0
2566	1	2	19	0	2005
2567	1	1	10	355	2009
2568	2	2	18	0	2004
2569	1	2	35	353	2009
2570	1	1	0	353	2009
2571	2	2	19	0	2005
2572	2	1	19	339	2005
2573	2	2	14	0	2004
2574	2	1	19	0	2004
2575	1	1	0	343	2008
2576	1	2	18	331	2007
2577	1	2	41	327	2007
2578	1	1	9	346	2006
2579	1	1	0	339	2008
2580	1	2	0	0	2008
2581	1	2	0	351	2009
2582	1	2	15	351	2009
2583	1	1	0	348	2008
2584	2	0	40	0	2004
2585	2	1	19	340	2004
2586	1	1	18	343	2008
2587	1	2	42	328	2007
2588	1	2	40	343	2008
2589	2	0	0	0	0
2590	2	1	24	0	2004
2591	1	2	18	340	2006
2592	1	2	9	352	2009
2593	1	2	22	352	2008
2594	1	2	18	338	2006
2595	2	1	20	0	2005
2596	1	1	0	343	2008
2597	2	1	5	336	2004
2598	1	2	18	355	2009
2599	1	2	41	350	2006
2600	2	1	42	332	2005
2601	1	2	8	333	2005
2602	2	0	18	0	2005
2603	2	2	18	0	2004
2604	1	1	40	337	2006
2605	1	2	18	352	2009
2606	1	2	39	354	2009
2607	1	1	9	0	2007
2608	1	2	41	338	2006
2609	1	2	52	346	2008
2610	1	0	0	0	0
2611	2	1	42	330	2004
2612	1	1	19	342	2006
2613	1	2	11	0	2007
2614	1	1	0	355	2009
2615	1	2	42	338	2007
2616	1	2	33	346	2006
2617	1	1	19	339	0
2618	2	2	19	357	2004
2619	2	2	9	349	2005
2620	2	2	19	330	2005
2621	1	1	0	348	2008
2622	1	1	35	352	2008
2623	1	2	40	352	2009
2624	1	1	33	331	2006
2625	2	1	39	351	2004
2626	1	2	0	340	2008
2627	1	1	38	0	2006
2628	2	1	41	0	0
2629	1	1	24	334	2007
2630	1	2	5	0	2006
2631	2	1	19	0	2003
2632	1	2	24	357	2009
2633	1	1	5	0	2005
2634	1	0	0	328	0
2635	2	2	19	0	2005
2636	1	1	0	352	2009
2637	1	1	0	0	2007
2638	2	2	0	0	2004
2639	1	2	33	346	2006
2640	1	1	0	353	2008
2641	1	1	41	346	2006
2642	1	2	41	330	2006
2643	1	2	41	352	2009
2644	2	2	0	0	2004
2645	1	2	9	330	2006
2646	1	1	42	0	2006
2647	1	1	0	338	2007
2648	1	2	39	352	2009
2649	1	2	41	355	2006
2650	2	0	0	0	0
2651	1	2	0	328	2008
2652	1	1	9	343	2007
2653	1	2	19	352	2009
2654	1	1	41	329	2006
2655	1	2	0	352	2008
2656	1	2	0	0	2007
2657	1	2	10	340	2006
2658	1	2	17	353	2007
2659	1	0	18	344	2006
2660	1	2	39	351	2009
2661	1	2	31	334	2008
2662	2	2	0	343	2003
2663	2	1	39	0	2004
2664	1	2	0	343	2008
2665	1	2	40	0	2006
2666	2	1	41	0	2005
2667	1	1	5	331	2007
2668	1	1	3	0	2006
2669	2	2	19	0	2004
2670	1	2	0	357	2009
2671	1	2	9	351	2009
2672	2	2	9	0	2003
2673	1	1	0	352	2008
2674	2	2	0	0	0
2675	2	1	33	0	2005
2676	1	2	18	341	2008
2677	1	1	0	352	2009
2678	1	1	0	341	2007
2679	1	2	0	0	2007
2680	1	1	42	328	2008
2681	1	2	18	357	2009
2682	2	2	5	0	2004
2683	2	2	43	336	2005
2684	2	1	5	0	2005
2685	1	1	19	344	2007
2686	2	1	19	354	2004
2687	1	1	5	0	2006
2688	1	1	44	338	2007
2689	1	2	39	354	2009
2690	1	2	4	351	2008
2691	1	2	48	0	0
2692	2	1	4	0	2005
2693	1	1	5	345	2008
2694	1	0	30	338	2007
2695	1	1	9	344	2006
2696	1	2	0	354	2009
2697	1	1	18	340	0
2698	2	1	18	0	2004
2699	2	0	0	0	0
2700	1	1	42	0	2006
2701	1	1	10	344	2007
2702	1	2	18	341	2008
2703	2	0	0	0	0
2704	1	1	0	351	2009
2705	1	2	18	350	2006
2706	2	1	4	0	2005
2707	2	2	39	0	2005
2708	4	0	0	0	0
2709	2	1	42	0	2005
2710	1	0	0	0	0
2711	2	2	9	0	2005
2712	1	2	17	328	2007
2713	1	1	42	338	2007
2714	3	0	0	0	0
2715	1	1	10	354	2006
2716	1	2	0	348	2008
2717	1	0	0	0	0
2718	1	1	0	0	2006
2719	2	0	0	0	0
2720	2	1	42	335	2005
2721	1	2	24	339	2006
2722	1	1	41	341	2007
2723	2	1	18	0	2005
2724	2	1	19	332	2003
2725	2	2	18	0	2003
2726	2	2	19	358	2005
2727	1	0	24	0	2005
2728	1	0	0	0	0
2729	1	2	19	353	2009
2730	1	1	9	0	2007
2731	1	1	9	353	2009
2732	2	0	0	0	0
2733	1	1	10	351	2008
2734	1	1	0	0	2008
2735	1	1	19	340	0
2736	1	0	0	0	0
2737	2	2	19	337	2005
2738	2	1	24	335	2005
2739	1	1	0	357	2009
2740	2	1	48	350	2005
2741	5	0	21	358	1904
2742	1	2	9	352	2009
2743	1	1	4	352	2009
2744	1	2	41	352	2008
2745	1	0	0	0	0
2746	1	1	0	351	2008
2747	2	2	19	0	2001
2748	1	1	35	354	2009
2749	1	1	5	341	2008
2750	1	2	24	0	2007
2751	2	1	5	0	2004
2752	1	2	18	344	2008
2753	1	1	19	335	2006
2754	1	1	18	344	2006
2755	2	2	19	0	2004
2756	1	2	23	347	2007
2757	1	2	33	329	2006
2758	2	1	18	0	2004
2759	1	0	0	0	0
2760	2	2	0	0	2003
2761	1	1	5	0	2006
2762	1	1	41	353	2009
2763	1	1	0	340	2007
2764	1	2	0	351	2008
2765	1	2	24	352	2008
2766	1	1	24	352	2009
2767	2	1	10	0	2005
2768	1	2	12	355	0
2769	1	1	41	344	2007
2770	1	2	0	328	2008
2771	1	2	9	0	2006
2772	2	1	5	333	2005
2773	1	1	5	0	2007
2774	2	1	41	0	2004
2775	1	1	0	351	2009
2776	4	0	0	0	0
2777	1	1	18	353	2009
2778	1	2	41	338	0
2779	1	2	0	355	2009
2780	1	1	18	338	2007
2781	1	2	14	354	2009
2782	1	1	5	0	2006
2783	3	2	18	338	2007
2784	1	1	42	343	2008
2785	1	1	18	343	2007
2786	1	1	0	353	2009
2787	1	2	18	331	2006
2788	1	1	24	350	2005
2789	1	1	24	0	2006
2790	1	1	0	352	2009
